500 8900
0 4 56
4 5 97
5 7 24
7 17 23
17 25 95
25 29 68
29 30 39
30 31 75
31 37 71
37 54 42
54 58 58
58 65 75
65 68 40
68 75 56
75 78 61
78 83 17
83 87 63
87 90 96
90 102 9
102 103 62
103 116 96
116 125 53
125 127 58
127 130 11
130 131 49
131 150 42
150 154 35
154 158 95
158 169 40
169 174 56
174 180 30
180 181 27
181 194 76
194 199 21
199 203 94
203 206 64
206 209 16
209 215 24
215 216 28
216 226 45
226 229 21
229 231 64
231 249 4
249 257 42
257 258 88
258 261 78
261 279 90
279 289 10
289 294 83
294 296 56
296 303 13
303 305 1
305 316 91
316 321 57
321 329 28
329 336 5
336 345 7
345 351 64
351 355 47
355 358 44
358 364 20
364 366 61
366 373 22
373 385 12
385 388 29
388 395 69
395 396 87
396 399 64
399 404 85
404 405 20
405 407 84
407 413 42
413 420 42
420 430 90
430 439 93
439 440 30
440 446 6
446 454 36
454 463 75
463 466 63
466 469 31
469 478 96
478 481 20
481 484 75
484 488 51
488 493 29
493 498 12
498 499 46
20 486 42
392 408 78
141 275 5
64 254 64
214 321 90
26 387 51
131 172 62
278 374 81
215 460 82
92 329 32
350 464 34
185 334 38
30 301 84
261 290 29
84 275 67
67 119 92
9 38 64
117 391 54
264 494 57
344 388 76
49 109 11
62 81 65
113 361 49
183 474 21
56 329 93
301 394 89
54 353 32
432 485 96
81 93 47
353 384 77
409 490 51
44 423 9
50 156 13
348 494 88
248 483 21
56 254 85
51 320 12
72 423 58
95 200 12
279 373 38
97 304 15
40 372 51
39 127 77
56 467 30
239 252 17
25 232 58
129 432 6
352 390 64
7 165 11
129 448 35
164 394 33
26 419 41
360 468 77
309 459 43
164 335 50
150 449 54
1 71 55
69 142 51
240 430 43
301 313 67
360 410 98
153 410 90
317 362 58
218 375 67
115 406 2
283 394 63
39 289 99
119 423 92
26 191 57
29 156 30
151 395 28
143 295 81
201 460 26
79 336 31
267 443 58
111 294 38
250 458 12
325 413 81
317 446 64
219 294 80
40 252 75
107 322 81
1 36 20
81 140 9
164 188 18
144 248 58
344 380 90
21 358 32
48 448 44
398 409 67
17 456 90
83 114 42
109 306 75
139 406 41
23 293 73
206 435 46
90 449 14
121 283 17
348 402 48
141 148 92
150 413 4
375 389 47
458 463 80
133 356 14
156 203 51
61 444 75
267 453 2
3 64 26
227 476 5
78 427 77
23 373 23
39 332 7
355 408 72
355 418 30
212 295 71
417 476 11
6 289 10
236 491 60
180 251 26
292 349 34
355 379 24
223 453 4
225 282 82
436 497 3
134 140 40
94 462 83
111 135 10
124 398 6
198 411 69
119 246 47
360 452 86
164 173 9
127 363 42
68 478 93
88 271 91
193 434 93
318 439 17
51 246 27
283 456 50
23 232 95
154 420 49
335 439 15
314 349 14
4 36 19
198 440 7
192 267 11
27 222 36
44 310 28
27 307 70
58 262 30
91 397 99
292 395 12
375 472 66
13 303 82
222 374 33
0 217 1
250 289 18
110 340 59
83 491 22
29 60 11
132 301 80
11 327 90
58 195 85
179 304 48
209 255 20
70 379 60
373 450 49
222 468 72
105 300 18
199 238 58
282 472 36
406 480 23
33 141 49
171 403 10
9 173 80
100 341 28
167 225 24
228 395 12
72 410 97
412 426 48
72 156 35
138 169 66
349 460 21
163 181 51
185 290 51
157 310 97
128 133 33
128 156 80
251 416 16
161 485 15
101 141 49
218 298 41
37 100 33
187 303 4
213 271 98
35 115 33
88 366 76
98 414 89
16 30 29
206 350 65
64 234 29
41 68 70
243 320 49
182 191 74
62 216 32
44 464 64
327 339 81
163 434 86
51 68 12
85 440 99
97 354 79
478 493 69
226 462 97
19 194 28
404 481 100
59 449 82
404 455 93
54 193 9
124 226 73
61 91 70
28 495 97
226 353 22
147 495 49
127 375 28
111 426 5
28 444 84
213 215 18
99 190 77
137 428 40
242 250 11
3 57 37
212 262 89
319 483 30
296 455 52
109 385 8
81 417 13
166 383 78
37 215 28
148 173 7
84 154 100
26 54 75
174 281 83
111 226 95
68 194 100
187 297 6
188 189 93
269 330 5
113 347 84
156 197 4
60 207 82
90 156 48
238 383 60
36 409 23
77 365 3
228 435 50
106 230 48
117 345 1
97 479 28
128 444 75
304 338 57
280 483 27
18 155 11
128 445 75
159 206 85
424 454 31
298 466 56
0 369 73
215 448 3
347 462 94
269 384 91
74 267 5
75 458 73
217 470 86
355 450 45
212 389 13
183 261 84
396 469 65
191 276 27
44 495 25
24 327 43
107 457 84
86 165 62
23 467 30
381 458 73
359 449 17
32 355 91
269 315 97
226 484 30
191 317 91
109 275 38
154 214 63
4 373 99
35 189 82
129 162 76
5 440 93
359 378 29
8 374 67
62 287 43
109 114 40
81 277 63
99 391 52
80 175 69
261 276 63
90 296 30
307 377 10
62 194 72
83 379 65
365 461 32
52 475 45
348 415 22
165 441 33
320 324 28
78 287 84
87 103 87
170 396 78
177 291 41
347 380 41
380 422 73
8 133 35
14 414 39
60 102 77
349 357 49
75 329 83
1 134 54
88 332 57
251 489 99
269 432 83
293 455 2
48 421 37
229 418 18
68 127 82
156 308 36
334 447 71
8 196 70
122 200 40
38 51 34
69 92 18
111 282 34
57 352 51
188 472 79
75 194 6
372 480 45
136 498 85
245 274 96
275 364 51
236 350 82
192 285 66
277 407 88
250 493 54
379 460 50
237 494 72
378 489 41
41 194 37
51 90 10
2 245 65
293 384 29
174 231 98
269 303 30
292 488 83
267 383 75
270 373 70
174 192 96
117 473 36
187 311 77
363 425 62
177 299 60
196 363 30
201 430 2
219 421 60
73 330 83
135 452 85
247 480 91
201 202 38
135 254 61
208 437 46
360 409 47
23 173 83
363 364 58
7 253 80
192 214 13
4 219 96
302 451 71
16 63 4
113 313 99
156 327 23
205 322 41
347 383 44
435 457 41
57 415 50
182 486 91
229 263 83
63 461 36
96 152 83
220 414 19
30 440 32
385 451 40
30 145 84
196 402 75
0 222 74
166 361 53
369 420 30
320 438 48
98 274 91
11 22 20
78 306 48
342 384 16
294 446 73
298 460 22
28 144 4
286 398 94
112 255 68
30 473 89
92 361 54
313 343 23
113 134 76
301 375 13
8 65 14
22 290 91
199 261 19
248 385 34
247 277 68
100 202 62
73 160 87
168 445 43
312 442 81
452 483 91
99 243 23
87 214 25
158 267 84
154 315 79
137 341 4
7 326 49
377 401 97
223 469 73
123 142 75
52 322 1
331 412 11
42 251 16
372 379 34
103 121 70
47 320 68
47 87 31
108 256 41
218 253 92
27 416 66
59 292 12
238 305 79
141 276 71
161 219 73
53 194 14
335 492 15
29 474 43
269 383 14
19 164 47
69 131 9
216 494 20
259 472 74
149 162 24
106 131 92
159 257 11
159 203 92
189 277 56
107 337 12
26 175 31
324 363 59
32 61 24
35 288 16
12 234 86
109 226 56
459 488 94
413 440 31
34 383 2
152 364 51
434 492 14
112 354 83
387 483 26
255 422 19
344 417 58
294 432 15
72 132 9
292 376 5
75 478 59
93 276 42
33 257 26
345 424 24
227 436 74
142 474 54
211 387 21
165 221 44
149 477 26
204 476 27
170 464 48
417 463 89
16 85 82
242 452 92
106 329 99
113 302 53
169 456 55
90 221 94
189 353 78
137 408 51
139 321 58
250 286 53
3 433 70
38 371 60
185 250 74
227 481 75
69 236 35
198 266 36
103 459 96
380 480 21
132 406 91
99 281 38
387 434 57
123 337 47
153 239 37
220 251 34
54 445 15
353 458 76
93 341 1
361 458 28
18 481 16
20 105 27
242 305 98
122 141 84
431 465 62
76 135 22
235 343 33
122 284 2
42 104 97
344 409 75
171 301 24
198 401 90
1 151 42
106 151 4
112 443 30
234 496 45
280 311 9
66 438 12
51 78 10
272 346 17
152 208 14
14 281 55
144 381 3
171 313 63
250 409 83
150 203 40
74 169 28
46 200 86
440 462 1
209 419 51
41 152 46
2 228 53
20 257 42
29 121 9
191 415 63
120 450 56
107 227 43
62 192 74
262 328 26
56 216 18
143 204 25
283 426 22
245 391 36
156 480 18
122 123 22
149 219 52
104 133 100
49 331 42
172 309 63
101 167 76
2 226 62
46 391 20
263 379 99
203 387 35
238 348 29
383 411 59
33 173 52
75 246 74
10 365 77
265 476 69
233 334 2
86 314 5
82 211 72
234 421 22
21 202 2
106 323 80
22 488 80
18 94 40
186 492 98
234 271 22
396 474 6
20 468 90
19 349 1
242 311 57
337 339 5
53 460 32
44 250 78
384 456 98
82 457 50
294 360 97
367 491 14
383 483 8
4 325 74
125 178 57
107 163 49
7 235 32
5 246 13
59 252 14
64 305 14
392 468 76
24 83 58
257 264 16
9 195 20
295 468 27
141 280 19
107 476 74
62 313 70
338 360 94
100 437 9
10 454 49
45 367 31
17 91 39
140 338 64
16 312 13
0 340 39
432 484 33
12 52 82
47 442 97
128 403 100
52 166 38
195 340 77
215 360 85
231 359 49
179 250 89
16 80 62
223 433 5
260 363 62
204 205 69
220 312 30
161 412 10
307 438 94
296 463 91
77 438 79
16 305 89
130 456 15
87 220 54
1 394 100
353 455 80
196 373 75
251 470 92
319 357 18
292 388 13
364 463 15
4 106 6
152 480 97
53 137 59
110 454 5
51 491 45
194 262 46
132 266 74
342 419 36
60 61 78
71 107 22
200 315 88
55 270 12
74 121 51
75 137 31
132 383 22
84 203 38
197 256 4
19 473 10
234 382 74
352 473 26
81 148 44
242 329 7
106 485 82
277 490 37
25 160 73
119 210 76
167 230 8
303 341 93
200 314 95
203 278 31
92 397 66
16 310 58
25 326 32
2 163 88
397 485 75
323 484 27
53 77 89
265 494 88
222 399 37
55 457 49
56 387 16
40 382 50
100 157 3
5 184 34
119 310 90
51 275 17
141 443 33
89 222 30
35 407 82
110 152 83
425 469 50
129 135 89
17 487 69
242 352 11
55 466 40
93 474 86
152 495 71
78 451 68
188 349 80
338 438 71
222 319 82
84 128 85
352 369 15
360 476 49
135 239 58
116 344 97
288 358 38
169 388 77
286 309 15
109 137 84
251 339 1
397 434 23
114 347 62
221 443 60
129 333 62
228 459 49
301 431 12
302 359 18
89 163 100
357 383 55
47 298 96
294 487 4
270 337 66
135 317 28
89 241 70
115 184 3
157 226 12
221 389 4
282 346 26
254 474 34
285 381 42
244 275 1
154 430 28
125 415 26
46 289 27
164 225 99
83 381 97
375 461 44
248 413 17
1 362 53
116 487 47
163 427 22
308 483 87
280 457 20
272 308 96
365 414 1
150 209 62
302 494 17
398 418 30
468 493 71
104 493 25
103 206 38
74 404 95
194 227 3
164 166 75
284 299 26
249 320 94
293 354 87
251 471 27
34 413 23
189 436 62
97 446 2
396 429 18
108 199 55
243 364 65
160 381 74
289 422 26
270 486 64
71 204 33
141 149 10
329 399 64
198 395 80
205 243 19
219 497 95
28 349 45
318 489 95
96 324 13
140 426 19
49 328 64
94 213 49
318 326 74
43 216 57
41 466 23
105 372 18
226 256 33
106 169 51
94 228 69
130 458 47
169 200 78
81 127 44
72 94 13
6 342 51
115 311 1
423 499 65
21 42 95
255 392 78
266 363 68
175 316 49
155 224 60
94 434 54
34 245 43
358 384 49
193 441 93
373 487 70
462 488 51
142 373 100
21 242 67
402 475 79
213 339 44
22 182 82
135 415 10
249 367 16
119 125 90
347 411 92
64 173 37
108 342 65
28 77 4
139 161 96
280 359 88
457 462 98
180 331 91
114 320 3
111 336 28
323 421 2
100 203 19
182 343 88
39 136 82
69 224 89
148 423 73
72 323 58
195 258 49
399 493 85
231 252 23
39 180 45
66 115 52
66 155 98
142 461 20
267 306 7
303 390 25
81 119 53
12 319 44
64 380 20
12 474 2
261 477 40
400 414 9
179 352 83
336 488 84
228 274 79
235 285 24
40 122 51
379 390 17
334 480 8
202 413 54
172 304 95
55 479 73
202 314 70
97 380 7
53 380 95
8 83 21
178 494 78
43 364 60
283 400 91
287 465 12
167 436 2
308 323 34
5 117 12
52 179 16
297 421 38
4 18 42
199 392 51
130 479 43
133 470 30
342 435 48
412 431 47
243 486 34
295 452 44
85 161 41
480 495 45
203 439 11
390 408 13
65 498 64
436 469 84
140 243 6
358 398 86
426 467 32
78 398 80
21 407 41
68 275 42
396 413 39
458 477 1
13 388 25
95 426 40
55 352 79
7 85 80
143 376 46
328 440 41
160 487 34
172 377 32
137 208 75
59 302 96
220 306 100
489 498 36
37 102 26
125 273 18
75 431 48
300 475 8
20 157 28
10 423 64
75 336 33
332 364 48
256 478 31
391 424 28
181 360 50
26 85 37
237 291 19
122 482 39
394 433 98
294 426 59
98 481 69
2 305 99
36 131 46
73 450 20
64 140 27
82 176 89
239 414 84
50 73 13
0 265 64
60 266 10
94 303 38
134 481 18
219 474 12
118 392 88
63 75 13
242 444 29
3 379 78
291 378 43
21 148 74
102 132 56
48 234 26
302 348 63
253 387 72
95 245 71
88 468 35
232 444 2
24 457 78
221 424 74
346 365 9
234 294 56
169 403 92
332 450 6
46 286 8
206 242 16
284 450 42
274 359 83
16 435 62
96 390 34
26 477 96
231 391 85
67 152 97
312 485 19
244 366 37
230 310 94
135 281 21
51 441 26
219 310 25
309 404 43
132 397 22
307 317 59
88 484 99
42 377 76
97 355 52
98 116 91
79 90 20
346 350 16
149 490 53
346 488 30
8 396 43
163 231 24
124 383 66
65 298 45
399 481 84
122 361 47
14 41 77
441 456 20
43 262 54
146 345 38
57 317 89
354 480 22
46 333 22
46 406 59
399 456 76
177 400 76
235 318 44
248 486 85
196 263 25
414 480 6
215 455 58
306 332 54
53 299 34
91 219 27
302 492 5
80 165 40
54 224 99
9 490 13
134 186 78
133 346 12
161 181 76
108 174 99
39 138 79
65 147 36
24 76 4
26 365 16
140 423 53
164 253 75
54 265 58
0 384 79
110 120 47
170 212 38
74 323 69
216 266 53
149 413 85
182 472 100
35 64 38
347 384 83
72 333 98
385 490 5
11 232 44
143 463 39
467 491 95
28 82 59
294 385 61
42 352 14
156 397 81
62 100 48
317 373 8
181 314 66
206 447 62
9 132 11
113 223 62
152 385 3
44 165 86
6 112 87
41 379 23
100 380 1
443 458 97
35 80 23
44 108 3
62 257 62
305 320 52
377 412 71
207 441 12
222 306 79
317 381 43
140 188 67
64 213 76
170 302 55
224 493 40
21 321 91
316 455 12
7 464 66
279 421 100
24 245 66
142 425 10
60 464 76
247 398 14
177 374 49
49 105 6
262 325 15
140 321 64
27 254 44
103 480 21
45 47 82
13 156 49
134 232 91
60 315 28
208 417 34
259 433 63
119 294 70
406 494 95
237 473 86
39 434 27
35 260 13
178 237 35
321 461 62
241 325 14
157 180 57
181 442 34
224 390 20
33 115 65
369 419 94
39 203 57
289 456 29
323 427 53
222 463 27
33 478 80
52 496 44
8 242 76
34 201 9
206 431 25
402 415 3
190 426 95
141 192 70
133 458 49
25 447 17
266 440 90
259 307 82
106 182 80
202 395 73
122 479 79
265 328 45
21 381 6
157 193 67
72 430 69
22 411 41
226 249 37
105 290 33
45 419 65
34 489 43
164 247 21
406 489 59
33 493 99
230 485 8
125 223 22
185 485 85
312 398 45
91 115 78
214 387 50
176 224 4
207 233 84
104 235 87
207 497 24
39 290 53
51 178 49
54 125 9
194 298 98
126 209 73
347 371 29
261 352 51
99 324 10
279 450 76
189 282 18
263 345 98
170 291 13
111 367 37
31 247 100
78 470 41
341 413 90
382 438 4
250 315 42
43 432 81
323 412 42
111 150 88
230 244 72
251 304 45
205 223 31
285 473 11
373 410 11
222 383 56
346 386 85
284 374 41
362 375 22
140 306 80
124 280 53
244 495 75
67 416 73
15 196 1
389 403 81
16 378 25
54 467 42
441 470 90
83 294 58
173 486 12
94 374 79
412 435 8
57 276 88
294 465 38
308 365 87
149 224 91
378 387 2
252 253 39
263 334 1
232 340 52
22 194 42
131 390 59
264 357 76
256 421 91
274 293 98
300 386 74
27 381 45
32 235 64
29 45 3
12 299 98
54 466 31
283 336 40
101 117 3
150 436 66
239 388 54
31 191 80
218 266 79
147 361 78
2 35 41
360 451 52
222 418 64
285 493 41
66 74 85
108 414 75
26 257 40
142 426 65
41 75 24
87 486 76
58 270 70
25 154 1
63 263 48
448 477 61
194 347 79
174 481 17
81 278 98
275 489 38
38 354 28
105 162 27
105 476 9
21 63 23
100 368 18
207 447 96
152 212 83
36 458 60
106 427 70
325 456 70
16 262 89
10 239 5
335 441 74
322 487 48
395 471 34
8 219 49
229 330 48
28 460 24
24 257 99
251 343 83
154 287 50
163 339 32
254 367 74
51 277 18
258 404 67
44 301 55
291 329 22
150 160 54
382 385 52
0 137 26
304 374 94
228 389 73
312 381 46
133 399 13
144 475 45
107 309 46
209 467 64
399 447 66
127 407 36
63 260 10
94 391 85
379 419 72
155 254 39
113 198 22
110 180 61
97 200 69
182 322 7
487 492 100
78 290 86
97 413 33
349 457 28
28 164 12
21 91 5
164 193 57
143 257 15
164 318 36
239 335 91
386 419 96
221 331 36
93 410 6
62 268 72
150 442 79
360 411 70
216 366 78
125 469 59
269 495 24
46 53 88
45 142 95
99 225 63
78 339 31
11 436 99
195 454 31
483 491 59
136 417 13
33 414 18
67 256 62
314 366 10
268 352 16
102 466 68
97 241 91
16 396 72
54 489 18
47 48 49
298 366 11
200 481 77
175 414 82
71 176 11
261 335 36
54 116 22
21 343 12
41 428 92
103 449 57
340 394 19
306 334 88
90 455 64
315 367 49
151 443 59
184 491 32
258 494 29
411 437 55
91 172 80
30 432 26
393 459 25
436 474 39
43 55 90
400 496 9
24 329 88
221 277 78
425 470 37
75 158 82
50 150 55
73 296 41
216 377 93
48 458 54
201 386 33
72 456 17
109 203 100
225 479 84
174 344 70
154 494 84
107 261 97
35 183 70
197 326 57
267 300 1
227 312 35
244 438 88
165 391 92
403 482 22
29 224 40
373 416 64
463 482 73
34 291 48
271 365 16
11 434 33
58 394 57
174 177 24
107 428 45
392 419 34
220 416 36
23 314 94
97 427 7
83 487 12
40 246 70
188 483 28
9 186 94
8 169 14
141 448 49
100 228 17
128 257 60
119 446 3
53 171 48
188 405 61
76 109 40
126 311 95
327 342 99
83 347 16
368 428 66
73 198 1
396 403 83
302 397 70
83 222 78
143 467 24
143 302 50
243 446 54
120 235 33
175 178 24
251 292 28
235 424 78
42 471 80
214 399 23
158 449 86
497 499 95
2 247 22
39 402 88
106 315 34
109 431 98
169 496 4
221 272 89
225 384 12
153 344 78
16 157 71
324 437 36
72 142 18
117 238 87
326 497 53
260 290 3
174 257 87
212 404 86
489 494 21
465 474 15
82 380 37
150 456 7
287 387 36
99 298 9
294 396 17
126 454 86
464 499 58
201 239 23
91 349 94
175 242 97
270 461 19
396 487 92
111 400 86
25 360 84
238 406 29
92 302 96
19 383 13
375 391 87
315 479 10
19 107 12
148 229 37
160 261 76
0 80 83
66 183 61
195 490 29
43 298 71
209 415 62
357 398 61
11 217 32
327 459 87
12 485 27
187 439 97
360 442 15
20 393 90
146 494 24
129 245 22
139 297 27
101 154 51
21 97 26
85 177 89
241 326 18
23 332 15
451 466 64
114 158 72
237 331 24
84 159 97
47 277 30
60 191 2
84 444 46
129 167 50
16 433 37
288 405 28
278 326 76
343 353 38
192 444 21
21 157 25
19 101 32
294 301 22
6 37 3
280 475 25
310 383 59
130 188 20
7 329 62
30 50 94
17 256 88
136 173 16
112 456 54
26 43 92
370 393 45
199 436 57
115 338 79
106 191 3
67 98 11
323 374 63
119 181 38
486 495 97
279 425 6
159 193 44
73 398 37
210 436 70
301 426 14
55 245 66
349 382 39
326 425 88
74 193 21
18 437 65
137 218 87
319 445 89
106 235 44
41 149 28
385 497 78
21 211 57
50 359 22
232 423 70
38 266 13
293 434 55
160 179 8
6 445 8
230 294 18
177 424 89
220 497 67
394 484 11
76 473 30
86 375 17
160 476 5
16 46 83
300 397 90
106 274 2
442 443 18
90 194 33
338 483 5
291 469 67
84 254 14
41 388 1
203 298 95
337 476 27
107 461 13
228 351 74
330 481 18
59 391 79
59 163 85
184 317 46
140 325 30
3 349 25
350 494 39
218 383 40
31 361 3
189 278 45
80 246 84
46 419 75
125 479 9
356 495 13
18 470 41
102 376 63
189 433 2
220 403 12
146 151 31
76 225 97
9 309 95
52 161 73
95 170 51
88 171 99
142 323 40
134 282 78
2 31 87
15 210 30
164 220 56
26 369 95
76 170 79
229 360 82
334 384 44
48 262 73
140 235 71
160 327 31
98 392 77
217 435 3
348 489 6
155 341 85
35 462 12
43 259 19
456 483 30
144 451 22
46 426 78
242 435 63
139 339 79
191 271 26
21 355 99
5 237 36
98 337 48
290 296 61
209 296 34
64 476 74
53 233 100
216 439 92
225 476 3
413 423 59
360 432 17
134 166 50
35 122 87
35 44 78
167 259 19
298 350 18
10 260 82
56 438 9
91 126 80
30 394 90
69 353 62
412 483 83
363 464 9
56 460 91
179 460 18
363 438 24
299 394 32
248 361 17
96 220 93
300 437 35
297 499 14
121 280 30
98 298 74
119 249 77
51 153 72
31 204 78
225 354 47
325 474 27
327 467 98
19 352 7
57 444 69
271 470 5
119 182 53
360 463 55
414 444 40
59 442 89
259 282 21
225 331 90
24 47 71
234 449 85
296 441 29
123 376 79
274 325 36
31 267 92
35 422 8
26 462 85
246 423 42
249 415 57
328 353 50
120 368 22
151 259 84
70 278 68
194 404 89
264 395 8
381 395 52
123 276 28
323 416 28
313 419 81
119 140 86
388 483 36
73 361 2
107 197 4
189 254 2
243 454 6
120 410 100
126 466 92
121 354 4
11 74 43
95 132 77
173 245 36
307 450 53
175 481 34
342 353 25
140 445 26
176 243 74
110 341 73
87 342 78
158 317 47
376 467 38
122 471 40
297 442 6
356 416 85
25 332 74
54 80 75
136 361 47
277 288 75
241 368 83
0 280 93
364 423 15
465 488 36
162 348 20
14 314 17
34 388 61
283 387 71
207 217 84
110 218 96
98 239 2
126 472 77
348 365 19
190 305 9
118 435 34
297 410 19
166 458 49
38 322 58
83 128 76
106 434 26
181 348 84
25 484 32
158 297 85
108 115 46
31 435 11
86 124 99
41 123 33
29 68 56
300 416 15
270 315 74
200 277 76
72 447 66
17 488 24
77 210 24
341 354 47
17 101 46
55 357 53
80 85 49
110 355 39
28 139 95
168 401 18
183 393 60
49 194 15
23 121 29
171 469 21
186 484 97
151 226 19
252 383 60
304 363 38
28 369 8
173 431 31
356 364 3
2 331 28
53 160 84
53 468 95
141 499 90
97 321 63
44 148 76
285 471 28
42 62 91
210 404 12
237 431 42
150 343 70
179 407 21
200 309 11
168 435 77
233 267 38
260 368 46
375 387 72
229 274 29
296 453 28
276 329 26
67 407 79
83 421 39
348 456 4
93 346 68
89 206 65
118 131 28
90 460 19
330 410 35
101 356 26
103 229 38
104 386 70
68 152 29
150 158 90
477 492 95
271 469 95
82 199 93
32 59 40
299 480 1
239 474 75
10 119 48
198 214 93
305 356 3
87 344 55
194 353 32
270 420 10
181 476 13
106 377 65
93 360 41
300 470 97
82 307 7
0 407 39
81 146 74
147 181 61
272 477 15
6 354 27
166 486 91
440 445 65
111 222 32
69 252 72
37 143 23
121 379 21
336 364 34
99 494 8
145 406 87
81 339 17
3 28 51
309 474 41
226 410 54
20 198 7
190 300 64
166 303 14
44 182 15
52 360 22
425 476 47
157 360 33
304 337 32
44 64 5
160 320 19
314 408 13
199 405 28
5 309 100
138 202 2
132 364 70
54 412 99
27 311 63
139 308 50
141 394 11
148 488 86
228 496 3
331 373 98
16 41 33
368 383 34
164 419 100
23 242 27
103 248 44
82 484 21
62 429 8
13 255 58
179 223 87
176 309 56
92 480 85
301 348 71
351 490 3
205 432 7
213 358 20
68 242 61
149 208 96
251 486 27
240 309 22
145 310 82
378 439 84
415 482 42
313 373 100
479 493 58
16 494 24
285 494 100
191 260 35
340 467 76
75 278 22
129 363 57
100 430 40
436 490 34
374 441 12
21 233 1
287 329 85
286 489 2
52 232 14
29 153 5
22 359 18
39 395 95
156 476 95
374 422 11
406 472 63
131 164 97
107 226 54
293 377 97
98 312 77
219 370 6
46 438 81
398 493 41
79 99 92
28 364 38
35 132 72
108 343 9
339 467 65
386 447 75
102 110 98
73 454 44
213 237 6
330 414 76
83 402 85
223 322 62
107 266 22
220 419 72
227 370 17
53 392 46
11 50 27
403 468 61
45 385 46
153 270 52
163 229 73
236 314 39
190 336 30
256 406 5
170 424 60
130 315 36
105 252 86
98 462 81
289 367 81
29 251 85
287 334 26
87 451 51
207 211 100
201 235 17
324 338 64
73 380 81
15 245 79
259 368 17
168 483 39
174 233 6
233 294 60
357 400 2
446 466 5
34 84 49
110 261 6
143 151 27
19 129 72
53 335 78
158 482 31
314 462 41
127 278 3
110 481 93
32 239 12
239 257 66
71 249 75
222 390 62
39 249 75
96 318 26
425 494 26
45 78 81
247 422 35
205 273 33
275 328 89
215 469 34
96 336 4
8 432 86
188 430 20
209 234 22
434 467 3
305 404 60
18 263 31
337 468 58
5 251 65
202 244 45
258 411 57
95 397 50
169 431 36
298 435 12
270 303 79
301 401 61
104 409 54
213 287 87
152 321 5
34 289 78
127 211 56
69 189 40
366 395 77
374 407 66
20 320 23
206 371 36
276 468 64
37 363 41
17 94 99
62 347 59
77 115 73
14 322 8
251 455 2
126 137 38
352 484 33
334 377 20
63 99 84
78 317 52
9 20 67
277 295 50
174 381 82
233 364 4
116 355 55
283 406 56
226 423 49
272 381 28
195 260 91
16 99 71
355 412 43
408 411 42
399 494 30
8 147 94
293 351 91
118 230 54
12 33 52
227 389 30
116 357 30
192 395 75
445 478 35
317 425 87
485 492 51
12 361 41
237 378 82
139 183 67
252 475 48
65 441 70
122 166 69
282 439 100
348 471 90
68 88 71
136 339 75
432 472 77
157 460 64
290 295 86
277 488 12
178 485 13
107 320 85
83 267 7
262 436 69
165 182 44
373 484 76
98 190 14
336 443 55
166 494 14
91 330 31
48 277 43
186 243 31
183 298 17
135 242 39
105 426 49
65 454 73
40 67 75
99 366 7
73 378 35
243 287 42
184 470 100
220 247 20
25 271 45
348 412 38
417 496 50
55 392 89
100 269 54
85 210 3
312 330 42
118 126 58
73 413 55
53 248 71
68 293 53
52 383 60
76 274 30
43 75 92
419 477 79
305 487 50
244 278 81
128 364 54
337 495 15
379 482 51
50 198 29
218 405 21
33 110 77
65 276 90
254 301 23
99 114 4
48 219 12
184 340 6
173 174 8
23 65 92
185 411 38
17 144 5
50 256 63
347 405 59
106 409 78
414 487 4
199 328 36
309 326 73
262 312 2
41 422 2
195 410 5
302 490 77
3 358 7
41 354 49
42 218 19
84 259 39
120 382 57
37 240 65
150 437 89
357 389 46
334 362 50
267 440 98
141 398 97
69 330 51
251 473 96
265 284 18
75 314 93
250 394 14
86 148 21
223 451 94
231 320 69
222 445 3
43 140 10
417 444 44
42 290 8
208 414 48
70 216 2
333 467 55
86 424 12
97 316 18
168 421 22
85 125 2
442 460 81
220 315 6
243 315 53
195 203 23
239 279 45
13 399 33
116 380 96
73 344 88
364 409 28
250 264 11
200 412 35
207 455 20
23 215 33
285 450 92
327 429 82
337 475 94
242 351 76
170 250 40
1 245 96
42 222 54
175 488 44
189 409 38
167 494 76
70 148 62
102 420 70
170 415 30
229 271 68
46 344 59
303 306 56
12 200 84
101 464 75
32 206 30
347 477 90
103 194 71
376 388 39
63 439 57
200 492 79
170 471 47
245 353 90
252 270 88
339 495 77
122 159 79
357 412 7
55 176 55
67 229 55
187 362 19
339 442 55
293 392 87
67 478 87
52 295 23
180 493 6
327 348 93
73 157 68
311 461 85
37 272 73
19 94 43
346 479 69
71 257 78
58 371 29
45 121 63
382 468 1
266 267 35
352 439 70
72 148 14
42 450 48
173 199 92
145 359 65
37 336 99
116 414 65
322 499 96
103 224 97
1 391 38
31 209 97
325 390 50
3 390 2
155 427 84
213 471 51
440 493 60
226 278 68
333 337 36
324 459 89
171 297 1
7 402 4
115 455 26
11 94 13
18 125 78
222 443 81
126 460 17
176 484 8
92 396 57
52 171 84
252 389 4
436 452 9
331 472 25
99 288 86
211 341 65
155 247 18
299 323 39
100 109 6
208 221 16
10 60 12
146 333 53
20 326 64
346 474 81
308 400 81
135 175 18
208 435 36
61 168 92
299 330 12
325 450 49
123 459 83
479 490 92
10 293 2
30 56 61
195 309 94
114 187 76
69 187 66
151 264 43
81 223 12
215 312 70
50 353 37
65 187 11
316 481 43
15 307 73
239 368 5
25 179 87
74 124 20
36 460 20
4 22 20
24 223 45
88 245 98
143 205 6
51 132 67
92 178 64
52 157 54
161 183 18
97 324 14
106 348 10
200 238 40
156 159 38
242 261 80
142 181 82
63 227 41
241 278 88
138 291 86
38 262 23
5 77 11
425 429 54
44 76 1
107 475 17
316 388 80
178 455 98
149 350 10
176 198 49
1 359 40
495 497 70
220 418 46
287 294 64
251 318 58
126 362 79
319 479 34
196 499 56
282 390 48
68 436 45
131 308 57
225 247 61
267 448 4
66 469 76
265 472 90
195 289 6
103 337 32
36 221 74
275 359 21
235 354 24
67 493 47
302 367 98
13 484 3
192 352 93
181 373 34
213 399 38
324 384 54
135 184 6
112 455 76
36 160 76
34 234 61
327 343 76
234 363 61
177 495 29
106 300 44
51 417 16
73 116 51
50 79 19
5 403 66
329 446 78
76 324 51
56 253 59
87 427 98
20 278 60
67 155 97
170 445 22
117 387 3
19 311 60
337 419 60
299 314 2
136 391 89
5 189 51
105 382 2
203 290 94
220 325 27
207 266 75
29 264 60
82 416 56
36 367 47
87 233 75
181 415 46
185 349 93
58 114 36
182 260 14
155 351 51
70 427 78
257 392 63
46 339 33
290 319 11
95 444 36
90 438 8
211 257 53
67 385 10
39 211 71
40 243 72
244 304 28
62 265 39
144 339 5
277 450 26
262 279 13
157 329 15
105 264 28
374 439 60
171 372 28
212 460 56
47 182 23
87 303 55
124 462 43
321 396 65
6 229 68
129 462 92
111 486 93
273 493 57
59 130 1
161 345 9
110 460 11
203 344 83
110 445 65
279 419 83
67 277 15
86 342 58
201 329 47
70 238 13
228 423 3
15 175 79
190 425 72
45 435 27
149 159 22
145 414 81
74 381 19
175 256 45
29 119 45
57 146 68
30 51 12
218 261 13
62 121 95
268 338 22
207 312 12
2 75 72
283 415 59
451 460 60
80 188 63
238 430 16
243 355 43
486 496 3
37 83 92
326 347 49
98 270 28
19 374 7
285 349 2
190 451 79
85 135 97
278 291 17
303 367 30
228 498 15
11 86 46
254 407 62
150 376 6
104 472 79
355 409 9
216 499 42
2 388 11
211 219 52
278 361 75
131 348 31
274 318 91
45 234 6
230 427 87
100 106 92
384 418 56
226 235 34
153 292 96
282 404 97
167 411 40
119 260 55
45 147 74
237 368 82
55 87 19
152 366 24
140 252 44
61 153 1
43 189 21
88 239 21
95 279 24
207 351 51
260 265 90
377 410 73
205 448 68
246 414 42
287 354 57
181 344 44
66 416 91
42 373 44
212 473 5
236 252 59
102 418 89
42 278 56
29 185 56
124 320 94
169 479 23
124 366 43
448 489 68
354 377 61
370 414 77
202 332 69
264 358 42
116 223 31
51 254 1
203 214 79
169 321 82
257 497 94
96 443 85
300 460 97
58 314 12
140 161 19
110 449 12
199 295 18
140 374 28
133 490 73
25 47 13
14 117 27
156 432 23
213 269 96
256 451 2
157 289 54
24 191 47
287 483 97
269 297 25
18 313 92
249 296 99
115 347 56
280 295 12
238 397 63
316 365 20
30 405 66
223 490 97
105 218 7
20 454 15
106 188 10
287 333 57
123 272 3
183 221 66
48 101 25
208 426 29
46 82 58
242 299 20
176 288 32
238 385 57
133 313 36
212 255 76
299 481 87
270 386 30
88 146 76
61 109 96
359 376 52
72 448 5
273 491 94
277 380 27
5 113 66
64 111 43
323 400 24
33 139 11
65 359 93
61 206 15
169 381 85
295 462 68
289 407 43
145 275 22
187 420 75
284 384 86
186 274 72
35 479 12
294 352 18
52 338 49
2 308 53
102 214 92
6 360 49
24 293 99
49 426 90
444 446 89
85 426 6
191 383 26
66 323 5
167 257 51
37 381 34
165 272 67
261 430 88
113 288 85
282 459 14
220 450 74
401 499 92
1 327 53
30 339 40
448 486 99
75 295 39
73 241 50
144 165 15
113 130 34
119 148 30
363 473 94
46 192 7
338 374 26
363 367 81
433 447 27
52 61 64
110 230 76
124 265 67
133 465 60
11 38 91
77 456 78
90 447 90
263 279 94
21 90 49
108 111 15
137 474 83
190 480 64
256 459 15
175 396 96
93 432 72
282 365 15
146 237 76
124 486 16
35 121 98
405 433 79
318 361 85
397 459 24
186 202 19
10 34 18
220 305 56
372 499 36
126 468 22
394 404 62
205 314 45
25 278 82
457 484 41
4 340 87
35 261 10
75 347 49
341 348 70
316 480 24
407 499 38
454 476 39
335 489 45
378 399 40
4 276 93
382 405 86
279 433 18
371 432 23
192 231 60
230 382 97
157 433 2
296 325 9
163 342 89
222 320 94
209 369 39
0 497 82
130 299 53
104 241 100
159 411 76
231 456 73
257 364 18
174 291 34
100 198 98
346 395 37
261 284 83
300 466 39
129 477 62
249 424 57
124 307 51
77 144 60
47 474 84
270 369 99
258 351 14
135 423 5
289 387 96
33 339 75
1 474 100
226 252 51
126 238 10
144 422 3
309 363 29
58 431 91
318 391 87
160 365 44
328 355 48
8 205 18
14 45 92
228 368 16
369 407 73
139 142 52
41 433 67
278 306 66
172 307 89
263 333 92
29 376 40
173 179 7
354 432 100
234 498 80
2 65 90
79 123 39
31 365 56
80 182 50
124 390 1
403 439 91
7 403 13
145 221 32
69 294 95
241 356 89
252 415 63
34 404 42
141 478 7
88 494 91
326 329 60
253 349 17
104 268 88
302 462 20
75 279 96
290 294 45
53 477 20
215 497 80
225 416 62
278 305 79
41 241 97
69 392 3
10 196 13
44 304 32
82 433 35
55 358 76
85 492 87
10 489 98
10 333 96
122 315 61
18 178 45
291 398 84
163 312 19
150 496 55
182 370 69
57 366 34
399 460 38
292 496 83
110 171 10
304 428 2
54 212 5
284 466 88
107 495 73
96 454 7
79 475 63
382 482 48
219 309 99
13 307 45
316 329 94
262 381 2
394 425 96
280 384 52
250 357 44
10 444 57
343 426 31
216 385 90
266 342 77
12 60 27
105 317 24
37 467 26
274 305 56
242 362 78
65 356 39
61 367 27
138 440 75
460 469 29
226 307 93
0 428 91
245 471 29
20 469 56
124 294 28
17 264 78
181 284 48
15 275 81
133 193 50
66 69 67
229 334 62
408 412 69
138 363 50
228 427 60
65 105 35
32 76 3
213 296 91
233 352 93
227 425 94
154 452 51
71 254 100
130 336 4
295 322 65
102 352 25
36 180 15
117 470 44
55 242 54
69 368 71
77 146 78
211 420 89
22 189 71
30 256 52
203 491 15
23 129 32
405 478 13
41 50 99
157 265 26
131 409 100
96 431 89
153 449 75
313 408 54
135 360 9
182 385 76
253 324 46
63 90 17
418 421 92
148 240 100
36 116 18
161 226 59
287 415 25
270 435 89
173 372 72
166 359 31
146 248 86
152 162 86
121 136 22
169 471 66
134 436 88
124 231 68
78 403 70
38 416 69
155 244 59
360 389 34
294 367 87
5 286 2
392 416 62
348 453 60
151 301 85
237 465 97
124 271 2
286 349 12
159 379 41
302 413 18
148 310 3
9 266 20
298 326 18
227 460 38
34 293 92
176 452 91
170 273 13
472 480 15
438 443 35
65 173 4
344 475 95
241 402 22
215 491 82
294 493 79
162 407 84
265 312 66
71 304 57
223 414 5
359 472 14
219 324 50
239 484 80
392 434 23
294 473 78
21 492 64
323 377 51
28 351 61
398 399 38
351 407 32
320 468 69
267 438 59
23 496 49
80 184 77
131 327 36
59 366 88
27 295 46
18 309 99
148 479 72
460 499 95
2 413 18
34 382 82
14 185 57
196 281 46
143 420 14
63 69 50
63 254 49
168 326 21
40 383 69
28 468 92
68 324 34
481 487 5
47 280 13
122 343 20
160 266 78
178 427 11
269 448 47
319 410 19
29 296 55
170 287 40
272 372 29
129 297 4
247 334 80
140 236 28
150 334 43
84 197 62
101 282 21
2 103 10
17 482 23
65 422 37
87 265 41
170 458 81
113 173 54
270 345 87
278 375 11
53 377 20
346 394 56
174 395 70
242 243 7
70 282 78
348 434 97
342 499 69
87 253 49
149 344 70
332 490 38
270 430 89
185 358 62
221 299 74
230 243 80
359 383 50
310 389 43
48 56 62
37 127 74
26 110 72
256 494 67
321 452 42
102 449 75
143 222 63
117 394 63
68 150 53
73 210 22
143 400 2
31 174 89
102 164 59
389 395 20
270 402 51
69 488 50
109 119 3
35 498 39
182 361 54
66 116 42
74 140 70
164 340 67
210 486 50
349 367 74
196 242 24
282 313 83
213 374 100
206 315 64
379 420 75
68 386 2
342 349 19
367 441 48
147 489 33
146 327 94
260 346 47
39 226 40
31 49 44
15 387 54
58 384 97
74 84 62
110 453 11
314 381 67
181 189 34
49 411 100
157 168 49
50 458 77
129 409 10
200 229 11
141 440 3
264 471 52
226 233 17
166 318 27
188 378 6
279 283 39
115 180 51
229 496 32
381 436 41
473 493 46
69 362 90
164 286 11
345 442 87
90 372 83
8 462 68
299 342 52
216 378 78
280 383 46
258 287 16
215 322 89
279 293 31
242 337 26
90 181 79
152 413 73
244 357 28
282 357 63
64 338 76
151 416 66
74 311 7
165 278 18
110 318 24
76 340 22
140 145 8
446 480 49
429 499 9
66 252 19
138 354 24
98 347 20
205 478 58
107 206 61
134 462 67
413 467 38
130 412 20
21 161 25
195 488 66
5 274 50
49 187 21
217 329 86
367 439 8
261 317 66
351 431 28
174 460 83
168 191 6
220 432 57
116 493 20
71 323 8
177 289 18
139 260 99
249 374 39
476 477 34
230 234 37
340 385 76
271 440 80
56 228 72
116 141 52
349 377 92
2 16 48
207 294 25
18 39 57
16 168 15
18 390 24
31 454 65
428 445 60
95 244 10
133 264 89
262 275 94
304 375 48
211 409 22
85 213 39
290 472 25
347 355 76
378 468 93
98 254 70
193 354 48
232 449 57
124 254 54
324 352 32
85 484 57
66 299 23
304 495 40
131 135 8
58 425 33
90 352 90
50 450 83
210 469 88
377 478 46
46 358 98
191 255 17
212 331 70
128 189 93
454 488 7
244 355 53
29 280 5
165 347 68
82 350 46
140 477 62
267 329 63
420 460 60
262 488 58
98 266 31
210 360 29
201 344 11
416 488 62
212 314 71
350 378 89
20 400 31
469 475 72
342 411 82
197 334 88
431 484 20
244 354 92
136 353 66
233 355 54
365 397 59
313 407 26
248 277 78
307 444 17
194 338 39
106 376 70
200 359 76
315 483 64
61 321 98
88 453 32
101 105 74
99 286 31
288 460 16
222 395 7
30 480 41
192 386 70
204 255 93
92 314 64
39 432 66
253 345 7
261 482 81
398 466 59
22 128 80
213 405 2
160 474 39
189 336 4
89 294 40
58 179 33
279 408 62
234 433 87
298 383 89
190 441 74
95 263 45
312 332 85
52 104 17
281 412 72
197 292 1
130 287 78
122 350 62
184 425 87
228 289 6
194 326 47
28 194 85
59 308 82
173 180 49
136 393 55
4 344 35
346 431 90
195 310 9
405 493 20
183 211 48
56 122 82
22 479 71
167 183 27
225 389 29
83 356 19
76 329 12
198 483 24
261 475 3
291 487 2
7 129 62
71 92 74
412 471 13
211 304 92
92 469 32
15 475 52
333 464 57
228 238 38
92 498 41
80 174 46
128 386 58
377 446 45
66 85 33
32 243 21
69 355 96
27 216 83
104 125 96
304 367 16
171 470 100
189 321 41
13 247 98
17 425 97
47 98 29
183 388 50
270 304 33
118 156 99
91 187 44
45 144 4
139 412 84
383 430 62
94 382 64
2 291 73
392 491 54
87 440 33
206 495 80
187 486 11
37 235 51
183 318 54
82 461 99
255 304 22
320 436 76
55 126 23
103 362 55
92 398 14
77 434 98
46 425 34
309 343 25
38 224 74
87 257 21
231 330 44
150 401 54
203 347 21
74 154 20
331 347 9
35 145 77
191 321 33
25 241 23
228 346 6
407 492 90
332 474 84
90 215 89
154 246 56
87 448 93
40 149 42
110 383 36
131 487 54
150 429 39
259 363 70
42 46 16
82 280 5
64 266 20
83 306 84
120 465 12
20 282 79
353 407 50
144 312 48
294 467 3
35 72 44
248 489 76
208 432 60
136 226 9
274 481 73
380 447 37
269 277 77
303 397 11
100 255 83
319 443 23
154 199 37
37 135 87
45 232 82
61 156 20
121 242 14
10 195 37
131 425 11
152 485 1
149 237 92
5 230 22
136 267 77
115 201 64
386 414 32
154 327 42
151 258 23
259 499 27
167 353 3
61 385 48
54 61 34
180 415 49
147 254 11
6 134 25
387 456 82
9 293 8
69 169 60
69 452 27
184 402 79
334 422 46
4 269 92
221 385 50
65 211 98
116 343 48
60 156 16
299 340 24
368 426 22
312 469 18
349 476 20
229 366 11
211 347 70
105 259 34
79 271 66
268 287 79
95 281 80
346 456 76
46 335 67
61 80 76
280 390 87
187 383 3
129 375 95
137 473 63
68 268 90
136 495 19
6 457 89
146 367 79
96 263 63
396 405 8
41 95 16
115 320 44
11 258 80
218 399 48
26 181 81
331 454 67
84 325 95
113 433 63
19 278 83
87 352 33
430 461 53
202 449 29
359 408 43
76 160 87
261 446 92
104 170 47
378 448 100
62 400 65
192 404 46
217 359 98
124 342 51
226 301 69
102 302 81
334 376 90
317 320 13
314 463 88
124 163 23
98 340 77
55 253 42
243 432 71
146 308 49
24 64 13
221 446 24
252 458 16
181 209 94
61 188 47
169 467 89
332 355 49
188 418 79
180 196 28
80 329 88
197 312 37
38 480 22
28 335 89
122 376 86
480 485 85
22 138 25
140 421 7
108 350 91
303 354 24
10 179 100
287 419 92
223 346 37
275 301 15
57 260 13
226 306 2
199 255 69
222 251 76
245 494 53
107 417 75
143 382 17
49 222 88
110 194 10
55 229 39
428 496 96
205 386 100
266 362 43
188 357 65
9 39 74
2 497 82
73 275 18
247 336 54
54 367 11
99 448 65
275 314 85
180 356 26
93 110 74
292 385 58
83 317 36
201 302 56
374 377 47
18 229 89
112 414 86
82 299 17
186 302 39
63 247 91
438 459 21
349 464 79
267 302 74
61 189 71
176 225 24
36 122 19
373 475 65
215 408 85
145 457 13
420 442 25
70 374 3
243 296 14
114 126 5
69 341 30
231 474 99
70 296 52
283 481 47
359 448 26
71 125 55
180 490 21
166 365 100
36 328 22
236 487 52
291 408 88
34 265 91
142 392 50
2 44 36
70 284 80
232 443 13
165 498 48
236 259 25
86 341 77
195 217 22
351 488 46
88 186 97
267 449 5
273 406 56
30 307 57
389 439 1
53 349 90
52 125 60
70 406 79
10 13 41
3 101 68
125 285 31
230 482 62
34 273 78
432 494 19
173 407 14
258 469 31
249 486 19
336 361 81
163 166 17
95 286 56
171 306 64
156 399 22
5 475 61
40 455 59
36 173 41
95 462 66
273 445 96
153 450 42
167 330 77
396 481 3
300 330 87
383 439 44
98 354 78
82 476 50
365 383 99
308 477 99
187 358 29
5 135 77
27 405 82
387 427 99
347 493 68
223 320 86
234 448 74
203 399 97
379 384 29
237 423 60
134 473 8
197 359 55
0 44 97
53 220 9
88 326 95
35 106 26
125 160 55
273 331 55
93 443 29
28 398 89
183 227 10
69 437 25
52 321 28
252 455 47
166 463 58
239 387 10
47 124 67
100 476 68
128 423 15
42 330 34
341 460 69
228 455 36
115 361 82
201 322 45
52 394 25
16 373 56
56 70 5
260 452 46
439 444 56
163 227 7
130 249 91
11 333 1
110 429 52
224 291 24
172 390 2
79 114 67
425 483 66
92 486 7
341 473 58
215 222 32
347 431 63
263 459 28
195 403 100
41 82 90
49 456 98
233 246 75
405 444 25
2 306 50
120 456 82
180 183 100
286 333 61
76 440 13
442 450 43
50 498 13
251 334 42
79 347 2
38 465 74
79 452 45
175 361 42
1 237 64
3 419 16
40 333 27
108 288 1
98 129 79
187 232 70
376 456 35
46 149 78
136 295 2
110 331 74
189 328 38
271 321 30
19 266 78
60 364 45
409 432 58
78 171 94
446 489 1
103 389 4
71 115 26
41 145 33
255 425 26
349 492 98
71 173 20
175 416 68
118 421 58
38 239 40
102 170 44
60 454 19
16 222 54
65 156 97
31 222 75
191 250 95
295 490 77
97 283 63
147 351 62
78 460 37
105 491 81
211 222 95
209 262 30
43 349 76
115 291 93
5 70 38
95 300 68
9 401 92
194 387 96
270 359 45
362 498 28
20 108 84
40 400 25
138 350 11
62 349 92
189 405 71
26 420 61
361 466 56
8 195 87
226 248 77
204 389 60
146 214 25
124 480 65
205 391 45
34 354 30
251 430 44
215 443 75
102 284 70
38 375 29
180 290 51
144 486 85
205 389 83
70 205 26
55 62 52
14 16 24
143 334 48
290 291 81
87 231 18
244 331 26
317 350 91
77 441 12
323 338 1
87 394 89
316 391 65
9 402 71
252 294 51
168 215 97
9 240 9
38 331 94
60 284 29
6 73 85
275 454 6
25 351 22
244 306 63
122 474 13
269 397 58
72 218 86
77 96 13
269 343 52
227 437 71
317 438 68
278 286 93
285 359 94
200 283 69
39 227 25
447 451 11
13 373 96
116 164 44
52 282 28
78 466 27
194 239 33
328 426 51
58 105 59
267 412 84
113 395 45
95 386 12
7 190 89
77 86 35
148 265 12
240 449 48
59 267 98
195 294 18
358 481 55
225 346 48
15 55 14
353 441 40
124 427 23
79 129 91
75 182 30
469 481 61
312 406 41
84 389 57
3 190 74
102 225 23
112 219 70
94 293 64
142 480 31
440 479 1
242 485 93
310 344 4
244 265 26
123 347 64
155 222 68
291 313 4
57 158 76
9 191 28
282 469 39
127 415 63
29 219 39
310 368 44
89 424 5
174 450 52
79 453 52
25 96 19
147 183 6
212 325 9
59 291 59
127 164 76
126 344 6
24 121 81
199 401 82
375 495 91
168 246 3
303 331 26
292 378 84
22 200 15
88 395 36
290 433 7
63 271 65
17 243 99
316 389 43
162 344 69
118 249 87
452 475 31
127 307 77
254 286 19
229 394 64
3 413 58
51 385 37
112 259 51
392 413 5
31 179 87
320 452 14
165 375 39
264 449 37
136 467 41
158 492 19
65 486 73
159 191 77
288 461 32
181 349 98
262 483 35
95 230 35
180 312 39
236 438 77
59 295 81
130 423 40
280 335 27
358 430 25
250 312 68
196 290 50
57 299 20
0 249 6
184 188 15
141 480 49
384 417 57
131 257 29
210 286 8
54 441 14
263 441 58
44 406 67
57 379 33
280 327 50
265 461 86
43 485 1
142 465 42
66 305 97
35 440 46
220 362 60
13 297 1
163 386 5
236 456 25
183 310 63
114 386 85
8 494 41
110 378 65
121 364 99
64 353 64
59 272 66
283 478 97
81 254 86
0 448 89
34 75 53
265 281 98
195 211 85
24 112 50
39 449 27
213 337 90
77 468 36
150 181 95
188 296 18
120 472 62
32 246 5
162 255 18
26 319 17
407 462 61
202 379 22
216 280 78
223 287 95
197 277 57
86 386 5
266 483 62
53 383 12
210 362 76
185 328 19
10 248 8
363 406 50
82 102 96
252 300 88
16 178 68
107 177 36
154 279 83
236 330 68
234 462 14
205 464 66
78 138 73
113 307 42
112 189 54
56 155 73
85 170 26
241 398 46
157 237 41
3 283 56
12 186 71
272 313 53
124 218 56
251 272 83
389 469 72
25 256 97
70 360 39
146 410 71
316 464 45
143 191 67
17 47 11
171 369 71
170 400 4
47 445 92
95 145 48
289 401 82
12 68 29
277 395 58
466 498 92
261 386 41
204 326 83
206 442 100
164 283 29
15 106 23
438 484 13
223 445 53
61 252 46
169 405 65
217 415 27
344 367 36
374 434 85
147 310 80
383 463 83
97 115 49
146 194 7
16 280 64
119 257 8
7 454 92
21 71 24
106 463 59
314 383 11
191 318 89
334 398 75
206 307 67
58 455 82
20 129 84
4 242 68
455 468 3
20 412 28
95 129 7
298 415 9
48 269 51
21 474 92
72 215 97
16 158 40
116 179 83
396 438 3
93 413 20
114 245 2
39 315 48
202 493 57
362 408 31
214 237 50
215 328 89
110 223 29
80 376 20
191 404 45
133 134 35
388 462 27
150 386 19
305 437 74
124 421 41
17 84 96
299 307 69
155 205 81
256 382 92
86 178 49
361 467 85
305 393 31
265 273 70
286 350 93
330 475 51
109 343 82
72 205 94
55 125 31
189 437 1
191 456 8
267 361 91
309 319 37
263 337 65
321 393 92
94 110 65
106 297 62
350 460 37
41 86 79
257 367 27
167 193 71
290 343 81
249 251 29
240 409 7
288 395 81
302 450 60
191 306 81
232 473 2
284 435 55
15 157 3
185 225 69
105 142 47
77 351 35
261 341 13
262 349 13
225 316 87
305 317 39
31 436 80
87 429 49
256 422 42
34 487 75
119 162 80
420 445 48
168 348 36
179 326 60
244 476 37
144 152 41
227 252 98
84 218 38
61 261 2
0 362 11
43 109 89
8 261 14
303 374 22
73 491 48
106 418 55
202 488 5
235 479 40
41 437 70
284 426 97
360 368 50
24 384 98
149 170 95
356 407 93
218 241 86
94 296 80
398 430 46
188 385 26
193 490 6
93 398 55
128 249 3
24 337 28
295 450 93
200 300 14
245 318 63
117 308 24
76 401 33
231 282 92
387 390 82
123 367 97
109 138 77
118 395 44
396 442 26
15 283 62
56 71 4
395 472 76
3 494 93
76 336 37
352 379 28
286 297 90
84 215 22
14 346 8
133 235 63
138 366 69
247 389 80
103 278 44
77 449 62
146 325 89
305 376 47
129 291 61
260 421 59
144 161 4
9 208 72
307 366 21
346 396 58
175 251 10
0 138 13
357 487 81
98 288 67
0 450 17
104 460 35
209 237 73
228 424 7
28 415 14
95 273 35
8 244 82
326 463 84
155 290 3
77 256 72
124 219 21
415 436 50
263 380 22
76 415 12
69 373 74
339 448 27
130 416 18
343 373 69
285 373 74
67 201 44
48 139 40
338 498 9
50 396 49
275 308 75
284 494 92
66 124 32
189 407 9
95 362 62
303 414 66
46 342 87
171 239 1
48 207 87
201 213 59
10 227 46
100 364 2
429 462 1
180 289 15
149 395 62
220 496 61
89 370 77
69 179 16
218 381 19
98 397 24
306 491 17
58 231 85
4 337 46
36 109 83
50 497 27
158 438 10
57 365 46
371 452 86
326 368 48
8 333 97
157 493 83
345 487 33
125 328 75
30 168 30
385 482 64
275 441 27
317 451 22
122 483 51
434 490 20
229 260 27
98 175 4
126 193 4
103 280 80
123 176 6
128 165 28
208 448 26
35 78 13
252 443 39
132 323 68
81 200 73
216 481 76
131 493 9
341 389 23
191 469 73
34 392 6
131 370 9
273 314 54
35 410 79
84 447 2
290 409 52
211 464 9
194 306 70
174 361 73
43 175 47
111 113 32
31 50 69
138 274 90
134 272 54
5 27 93
178 487 80
55 181 55
119 424 6
280 378 8
178 325 100
396 468 66
285 296 14
33 489 52
117 219 21
354 426 28
293 409 29
142 265 46
136 172 80
36 324 80
166 368 44
80 146 36
172 448 49
128 374 91
201 268 31
69 334 73
26 233 23
99 416 20
324 346 13
46 497 20
158 479 25
185 392 40
362 489 71
147 469 49
12 179 43
99 390 63
36 464 78
263 371 16
141 252 32
312 493 30
45 364 13
187 369 44
292 335 98
164 381 87
142 359 19
31 322 90
180 399 35
197 395 72
217 404 51
32 390 78
95 345 70
22 398 22
78 459 41
65 152 36
114 455 17
22 297 48
30 284 71
75 105 90
39 496 38
102 460 21
234 335 37
209 331 30
8 313 13
381 429 100
378 380 85
200 390 74
47 426 7
111 149 42
241 285 34
378 442 15
221 393 96
229 447 62
70 104 49
28 337 27
103 403 55
122 490 36
123 496 66
256 439 77
270 347 27
421 434 26
197 205 83
243 396 12
13 54 83
194 467 1
29 85 55
108 357 40
146 306 81
113 215 19
340 490 56
322 423 62
276 348 17
16 419 13
61 281 66
114 242 25
278 325 20
226 477 68
304 331 66
238 433 29
22 143 5
267 441 73
202 352 40
159 444 21
168 495 80
323 388 33
274 337 65
132 348 16
280 319 79
294 357 90
178 433 5
109 161 86
239 391 64
45 422 4
170 251 61
136 461 59
227 318 5
285 397 45
270 415 81
476 495 11
9 55 71
101 211 73
161 200 100
253 429 76
337 455 85
248 343 18
82 256 63
3 207 83
28 159 43
258 441 60
103 131 84
171 181 3
124 303 93
391 411 19
64 149 60
64 275 81
52 94 30
145 317 42
211 247 79
72 193 30
154 495 54
128 380 19
243 416 61
436 478 30
56 415 72
224 378 71
306 358 86
141 271 95
11 40 58
172 429 87
108 113 42
236 477 40
335 366 61
0 434 29
356 488 97
386 458 48
369 375 27
80 196 85
240 455 38
371 464 59
323 366 4
37 390 92
44 459 26
181 369 79
455 492 100
298 438 20
102 491 11
137 169 97
71 370 82
45 375 19
217 228 85
148 398 35
286 292 3
127 434 68
71 315 52
433 439 88
324 421 76
43 295 76
0 415 45
196 267 32
71 246 51
278 297 41
47 123 50
228 470 53
306 462 70
11 260 74
90 393 2
246 302 68
87 466 98
271 292 33
36 302 23
224 344 40
97 155 18
325 344 24
195 201 39
273 382 34
42 444 84
461 476 100
163 406 28
344 385 36
12 381 94
159 466 38
135 485 91
334 458 42
249 468 29
45 156 82
150 484 40
74 257 2
17 387 8
67 192 12
259 391 33
248 498 26
256 374 72
162 310 61
197 214 35
314 497 54
109 179 82
241 387 97
241 262 7
186 446 22
38 125 4
44 358 27
105 358 62
140 366 25
109 249 11
133 184 9
113 172 66
26 344 95
20 379 83
42 250 46
418 469 39
1 446 35
335 478 19
205 246 86
49 413 63
176 259 24
16 131 52
81 451 81
178 382 37
347 360 31
88 101 57
148 429 52
76 339 53
146 264 27
156 474 70
300 474 48
40 288 79
251 296 91
11 157 84
11 212 34
29 96 10
197 204 90
160 418 75
39 40 31
155 392 67
56 225 42
71 272 37
202 498 98
312 340 52
34 45 14
284 307 93
168 270 56
50 65 33
40 111 38
111 432 67
49 447 59
119 224 66
291 499 92
216 429 33
72 262 22
16 149 48
373 415 41
340 421 16
124 281 49
70 403 10
18 374 45
249 323 35
99 485 19
421 435 8
37 246 97
172 406 63
109 364 98
163 375 37
64 475 61
52 259 55
216 486 94
146 220 42
218 235 88
100 348 89
351 441 76
74 158 67
23 455 64
89 357 25
85 370 76
134 181 99
172 367 78
99 235 66
442 445 26
102 218 44
390 468 68
248 453 77
101 365 75
251 476 49
185 455 48
292 313 4
112 115 60
54 144 35
40 133 1
444 475 13
239 394 35
75 384 34
106 253 4
102 209 71
28 399 69
67 431 61
26 475 33
50 429 5
123 386 91
136 282 97
136 431 66
149 277 14
161 242 90
189 390 77
92 273 11
18 405 39
282 453 6
41 413 57
4 352 13
96 303 12
71 144 81
100 338 97
355 440 38
55 422 92
268 270 11
219 479 18
159 329 17
329 451 65
66 413 15
58 367 77
114 201 10
253 425 28
16 497 99
66 452 6
291 461 81
104 226 13
39 135 57
352 441 91
23 492 12
42 370 34
324 378 82
246 379 21
198 492 31
205 401 19
62 307 32
199 381 19
117 464 24
92 407 89
209 219 92
40 169 29
40 219 44
62 215 63
229 319 4
65 213 5
220 460 11
12 376 80
184 433 35
379 435 88
0 458 79
46 250 83
177 190 42
322 477 79
382 469 48
78 385 62
60 343 30
328 447 3
181 387 35
100 264 28
28 272 37
75 79 87
307 385 94
207 304 95
84 430 7
194 200 65
100 197 28
254 362 8
25 100 68
117 317 98
118 374 10
302 384 8
172 314 42
156 290 2
116 229 29
131 197 72
180 463 46
165 220 46
132 307 3
60 299 47
43 405 84
209 275 45
11 484 25
28 207 69
67 329 99
232 496 100
1 154 71
75 84 44
254 309 99
37 451 77
81 149 84
33 43 57
69 311 91
285 464 77
113 496 30
385 443 4
8 35 30
105 342 2
68 200 24
148 185 65
77 188 87
94 389 96
38 184 72
129 172 33
196 233 42
112 152 57
66 396 42
244 337 91
314 356 48
149 450 99
268 367 10
109 489 10
194 349 8
221 490 32
288 410 53
62 440 83
116 138 15
364 395 29
367 488 91
96 487 62
356 365 22
72 113 96
94 243 13
153 201 25
87 460 14
316 393 31
158 256 46
471 473 25
238 260 61
451 491 74
326 443 31
168 205 28
38 215 86
97 237 46
367 409 30
23 456 47
3 276 67
82 495 5
31 136 37
159 178 94
123 420 87
68 305 92
86 401 9
238 251 42
182 459 79
357 406 71
268 350 70
85 265 39
41 233 83
187 477 39
126 347 11
185 374 13
209 343 61
270 473 18
209 216 36
115 207 28
371 443 50
174 393 50
303 343 44
115 172 82
338 453 42
16 215 52
234 492 54
165 491 84
211 433 36
48 220 77
85 349 8
4 459 72
139 291 25
392 402 50
224 303 72
124 138 92
1 230 52
172 369 33
271 342 36
125 320 43
54 453 74
24 141 100
43 480 54
199 417 97
311 368 14
134 147 13
234 446 11
166 219 96
353 398 29
363 477 21
230 407 71
21 372 25
95 268 27
94 381 24
219 446 97
171 497 33
77 192 6
327 454 36
374 416 13
353 364 5
173 452 99
267 384 73
5 416 32
106 340 51
0 145 63
105 394 48
38 258 55
186 365 56
83 327 80
350 393 80
28 454 46
120 460 93
411 460 68
310 386 39
45 316 89
379 411 80
231 495 3
197 477 97
359 460 38
239 436 39
319 408 21
38 335 36
400 455 56
22 192 16
293 465 35
58 320 44
137 448 32
152 192 9
39 353 62
103 380 24
339 456 57
449 492 62
15 302 7
459 471 3
258 348 78
91 375 39
143 347 25
96 159 86
17 258 16
71 99 2
116 439 25
238 317 25
67 94 4
274 491 22
45 101 87
142 424 11
238 272 86
326 492 32
184 452 33
49 55 77
155 445 80
272 324 7
235 316 35
52 359 10
22 100 88
294 492 49
52 65 93
155 312 61
301 339 10
147 381 1
36 259 99
73 447 37
234 393 76
254 452 80
35 342 27
194 366 10
281 397 87
128 325 77
85 488 99
123 329 12
403 477 73
38 205 12
130 267 6
341 400 66
291 369 45
129 399 71
111 317 16
388 439 97
324 402 11
456 488 59
259 406 62
24 43 6
39 110 87
218 307 31
86 493 98
216 496 18
80 265 100
175 214 59
300 362 58
352 476 67
32 123 99
172 203 37
73 294 62
167 190 15
156 407 67
411 450 54
111 290 12
212 442 26
306 419 78
298 485 49
51 371 49
110 397 13
305 380 67
98 451 91
136 371 74
8 395 88
91 202 65
67 332 65
376 408 1
4 196 80
108 282 89
126 316 97
165 215 72
294 442 24
129 216 68
206 277 54
279 338 39
259 476 24
13 40 46
322 424 88
98 454 12
16 337 14
13 38 4
251 444 25
105 322 24
392 488 81
83 368 59
33 154 81
175 297 64
292 432 76
28 275 41
75 138 15
167 378 90
384 464 18
306 478 32
142 319 33
445 456 47
121 256 57
128 301 11
319 465 58
430 448 66
63 456 40
289 431 89
330 350 67
405 424 80
226 456 5
103 356 55
313 498 41
267 424 74
13 417 72
232 299 5
19 390 18
222 477 87
144 417 87
32 142 55
103 436 60
18 331 39
96 127 32
96 355 21
122 239 97
63 329 90
245 436 34
249 411 22
312 449 79
200 265 72
153 444 70
82 124 88
336 493 58
208 380 63
248 376 58
191 452 40
257 336 3
332 477 42
62 275 13
20 478 87
178 299 67
12 171 24
41 277 12
214 489 91
10 165 83
24 46 84
395 408 75
32 228 36
309 432 70
239 417 54
43 191 84
140 327 89
60 329 61
222 312 10
277 481 86
150 234 10
75 462 23
113 218 66
302 387 90
164 232 58
152 416 24
348 401 4
141 285 83
274 292 70
371 454 48
228 246 99
207 461 11
357 429 27
125 476 40
27 445 22
69 230 86
40 332 92
294 457 47
55 289 86
231 333 71
86 220 26
130 210 29
29 454 5
277 360 63
195 444 85
360 379 89
237 354 6
37 395 1
31 312 2
141 222 81
137 275 22
64 456 74
258 293 30
138 343 50
410 435 74
138 422 19
132 451 75
333 442 10
15 393 18
141 182 27
5 134 100
140 207 74
251 483 85
29 408 37
283 422 93
128 268 20
232 361 64
161 320 98
12 333 12
435 483 19
80 468 7
224 434 35
85 397 69
296 416 100
12 212 52
244 398 31
104 262 61
86 303 53
79 450 87
139 362 26
27 93 30
14 384 42
126 156 46
173 337 89
39 314 49
347 443 25
32 399 88
170 286 85
98 484 85
272 289 12
283 482 51
24 225 17
305 361 1
75 488 4
345 354 12
89 204 11
10 233 44
112 411 93
62 452 97
255 299 60
77 452 23
275 337 1
457 476 8
189 364 45
13 453 33
95 233 60
100 299 86
117 297 25
70 307 26
82 445 48
245 344 37
309 377 10
64 137 64
213 431 2
263 340 77
315 425 49
175 210 88
436 445 80
33 427 30
187 262 1
405 428 6
166 388 6
77 208 34
69 266 33
134 374 49
322 382 23
196 408 42
159 391 73
352 483 1
93 382 43
237 327 8
175 321 60
37 282 28
66 319 60
298 316 23
23 132 96
81 471 5
191 220 19
411 475 69
205 219 23
352 388 16
270 478 26
126 213 50
75 275 19
187 316 19
297 414 64
318 498 58
271 495 18
65 406 24
25 136 20
224 423 62
40 109 53
64 399 73
225 341 79
40 216 91
238 427 45
149 462 17
2 199 28
106 322 7
120 308 89
237 401 94
73 485 56
268 440 50
150 243 67
45 345 45
178 184 7
148 238 31
35 88 33
305 465 2
266 466 68
5 166 21
159 230 15
127 207 53
279 399 35
204 375 63
12 185 23
25 181 3
28 112 73
144 265 86
37 165 83
16 399 78
34 426 72
329 393 27
66 210 47
331 335 76
72 481 35
20 223 44
180 494 69
208 480 76
22 208 81
162 436 89
181 410 11
68 225 3
218 472 59
301 494 27
7 208 68
290 494 23
221 310 14
109 284 26
37 287 20
311 496 50
54 391 11
183 362 45
384 435 96
125 397 5
211 496 71
261 336 60
389 392 38
229 495 12
184 220 13
42 310 38
27 87 6
371 405 20
17 116 72
90 154 78
45 308 6
268 278 20
392 475 65
134 378 22
316 486 76
36 424 84
159 233 28
215 238 69
76 462 53
108 464 72
313 355 98
283 417 68
22 119 32
223 313 41
83 377 50
127 214 98
97 111 99
21 382 61
22 342 55
11 138 33
316 454 7
223 254 3
11 418 47
186 315 61
356 478 72
177 335 37
155 173 88
211 402 70
222 285 41
61 432 78
129 423 30
146 415 1
8 297 75
196 336 86
357 419 86
151 407 5
81 425 5
88 224 34
390 418 49
405 458 11
210 355 94
175 222 79
147 242 28
448 497 86
52 277 62
156 167 9
175 288 90
251 253 10
111 195 4
2 83 32
61 435 11
183 477 64
172 185 90
381 402 34
80 424 94
224 273 79
124 133 95
162 167 64
66 249 31
20 235 10
135 438 31
199 296 85
113 384 27
32 191 79
310 433 44
209 308 34
162 181 65
87 391 41
87 366 84
16 308 87
123 402 14
68 460 35
275 380 49
243 317 35
50 280 52
280 423 58
195 423 93
126 212 73
107 248 96
21 38 48
4 207 96
48 199 32
266 301 65
374 384 61
107 297 33
125 315 87
79 149 87
268 373 6
244 480 75
461 486 48
118 497 37
362 456 33
487 499 1
103 167 58
75 309 87
179 436 88
197 220 65
70 197 92
58 90 60
16 96 69
206 221 31
18 472 79
68 181 11
326 474 3
3 253 67
39 268 66
17 489 52
85 138 82
328 415 89
56 156 67
38 127 45
73 122 80
35 348 64
73 332 91
66 371 76
59 470 13
109 331 74
184 482 46
143 336 25
164 439 43
350 490 1
23 30 44
151 167 45
100 104 73
137 280 85
190 196 75
247 360 37
22 460 58
24 298 22
48 473 98
343 352 42
264 323 36
111 296 4
109 426 39
235 310 10
295 367 1
22 206 99
280 480 93
102 405 40
234 261 4
81 104 26
301 306 15
337 457 64
297 358 100
337 366 26
117 336 20
124 208 27
395 451 26
130 380 53
416 478 1
65 164 47
343 476 20
169 399 49
183 325 81
175 419 2
430 462 43
335 349 83
29 143 75
94 100 37
45 360 81
26 432 88
162 171 18
137 222 1
173 421 62
9 127 59
165 309 52
4 89 46
11 225 15
19 250 35
155 462 35
77 332 86
19 408 32
238 284 87
80 418 79
37 197 58
50 145 30
63 409 26
230 304 51
242 291 7
395 464 4
207 443 69
65 459 28
53 207 66
174 353 83
304 317 76
162 245 65
108 495 44
230 281 29
110 427 45
93 378 68
68 211 11
212 441 94
218 490 61
81 242 56
187 279 72
41 477 29
62 476 82
261 398 67
243 254 96
15 365 2
124 276 21
189 355 2
46 383 16
221 421 89
75 352 77
205 286 74
116 307 80
23 323 26
244 285 24
10 173 46
55 216 44
35 305 33
71 232 94
53 249 8
133 187 58
202 400 70
132 457 47
139 238 93
260 349 25
7 182 64
217 451 96
186 233 67
26 284 62
314 492 70
276 382 92
193 393 10
45 179 77
166 199 50
182 271 30
12 286 34
258 372 48
349 405 83
55 359 52
33 36 98
175 404 47
77 272 68
18 152 12
4 66 56
166 204 37
25 228 88
237 446 96
243 303 38
74 314 61
292 352 70
128 484 71
11 303 19
82 344 53
16 136 84
86 408 59
119 165 78
277 456 44
107 345 58
70 118 62
406 433 34
87 456 85
22 299 14
208 365 58
97 234 32
20 47 24
21 388 60
276 471 77
73 374 15
203 207 71
30 490 4
164 165 53
6 44 52
286 311 86
71 419 41
144 208 91
210 451 70
280 377 87
203 430 1
119 166 28
146 171 38
48 123 5
239 404 46
162 378 64
23 86 45
180 468 95
87 370 36
111 261 30
199 333 84
265 474 76
37 439 63
88 109 53
353 485 48
28 169 32
92 409 97
20 357 70
29 215 81
254 445 65
250 343 52
259 429 9
299 368 19
167 339 9
66 360 9
415 466 1
168 353 24
65 244 43
228 286 55
114 239 98
189 376 27
179 459 22
54 266 63
214 265 76
81 369 69
119 178 46
69 304 63
118 302 55
145 261 15
128 197 94
34 402 90
81 480 58
71 295 27
239 424 65
2 433 23
55 222 53
59 107 72
281 378 16
47 299 11
88 481 54
42 480 48
70 138 96
312 497 18
132 151 19
119 174 11
153 446 21
158 291 7
37 318 57
282 496 5
85 337 18
1 415 68
100 329 15
65 473 71
52 285 89
230 386 21
418 480 59
441 481 79
52 283 90
209 228 8
35 118 36
206 459 65
337 374 1
302 332 47
15 426 82
49 283 69
222 449 78
116 261 59
63 261 56
273 321 41
402 453 24
234 330 64
114 370 31
215 441 23
291 497 14
330 458 4
113 399 50
313 465 4
262 492 86
7 412 24
222 498 2
129 400 14
14 387 13
88 458 7
307 489 11
279 284 33
351 388 70
195 388 40
290 381 67
308 317 81
158 257 36
9 89 75
10 150 89
353 435 36
91 228 38
348 378 15
32 261 55
266 378 18
9 270 4
313 462 46
160 363 40
60 476 100
236 453 14
88 227 70
374 380 95
254 390 5
130 156 73
68 192 40
47 316 62
137 469 57
6 93 16
192 387 44
22 288 85
217 318 75
90 411 82
44 256 57
236 271 62
58 488 2
419 433 12
156 497 34
388 413 61
184 437 52
176 222 9
210 432 4
319 325 77
201 400 11
335 351 52
319 488 11
64 237 66
395 481 89
361 493 12
47 214 96
404 467 2
139 166 76
260 383 36
15 181 1
16 414 41
6 53 81
173 323 75
212 497 35
84 388 18
122 460 84
59 304 3
259 305 9
99 359 68
132 161 17
272 280 89
19 395 71
37 213 28
422 444 34
434 475 24
244 359 63
128 462 21
61 159 38
254 427 97
143 479 17
241 354 35
17 385 2
313 325 68
6 308 64
274 370 83
11 229 85
80 260 94
374 421 44
109 330 100
350 465 21
171 422 12
14 400 36
214 228 80
19 211 95
211 425 77
218 367 73
102 453 26
143 482 61
104 167 75
92 183 86
330 457 66
59 162 31
29 387 87
90 386 25
42 328 97
29 91 90
179 346 19
179 395 78
420 499 31
126 268 17
47 254 89
57 316 23
17 191 34
280 368 84
19 79 7
149 284 86
193 419 90
184 367 58
349 396 1
258 376 40
74 146 5
16 37 82
219 287 94
75 403 66
332 405 60
61 410 81
8 441 58
109 388 23
402 491 22
246 260 70
201 409 71
70 444 97
26 42 83
73 164 41
8 194 14
121 131 63
156 378 59
58 347 79
275 470 30
10 129 3
17 462 87
152 196 49
139 359 75
132 295 36
321 466 70
280 438 20
188 494 54
344 404 12
64 385 32
93 345 88
35 125 73
355 452 68
118 463 1
218 426 11
124 238 79
93 200 1
37 181 25
152 390 74
76 203 10
195 489 74
175 244 32
25 394 32
236 289 68
326 378 10
456 457 56
360 437 16
1 189 7
117 335 28
235 244 55
166 234 8
44 428 34
138 224 84
94 370 21
159 408 94
78 352 99
51 95 84
194 322 62
319 490 12
115 141 31
381 414 35
377 493 14
301 466 72
172 388 99
298 497 62
166 222 99
354 496 36
40 368 80
261 262 11
192 433 43
96 284 58
133 283 1
59 289 70
177 458 82
50 475 65
50 484 35
353 358 80
104 398 26
328 479 96
93 213 25
149 190 20
210 434 62
141 347 83
152 217 46
121 469 44
108 246 58
53 244 93
214 286 76
60 254 53
123 169 5
267 279 44
26 276 80
326 466 71
66 215 21
245 369 59
166 370 56
233 456 94
122 345 99
233 469 45
18 361 22
58 392 98
10 152 33
91 366 48
169 470 16
48 365 22
346 348 43
164 290 13
113 437 31
61 414 27
85 385 88
220 359 46
190 286 13
146 481 40
77 384 95
325 487 87
300 356 85
139 219 28
143 271 37
261 299 41
116 451 5
341 456 37
179 399 27
90 148 39
282 438 46
79 345 35
3 66 21
9 253 78
107 247 42
245 377 82
198 250 26
225 484 23
222 286 43
392 462 96
52 464 39
297 364 65
111 425 6
27 147 21
33 413 89
21 277 2
376 426 57
95 297 21
262 419 18
67 83 78
340 399 46
293 467 64
63 472 68
215 299 18
368 419 56
327 462 92
237 250 58
108 360 56
257 290 7
244 335 74
461 478 96
202 275 55
182 281 97
377 438 35
191 475 89
341 388 57
312 476 37
281 283 20
394 435 58
128 299 64
43 274 57
74 200 46
59 321 42
232 404 11
45 61 1
57 157 11
132 309 76
100 117 20
153 194 54
44 168 47
150 409 28
206 309 95
73 175 55
129 461 100
101 229 16
159 200 8
452 485 52
20 493 81
393 478 80
83 462 31
89 203 78
70 150 13
69 80 19
304 450 61
209 474 99
48 131 63
76 276 47
84 301 60
7 422 23
356 376 99
212 427 78
461 481 81
200 272 64
26 235 80
294 323 37
397 455 6
133 422 68
78 102 14
277 448 27
10 274 18
362 399 54
396 436 41
207 210 88
217 249 98
252 342 41
170 359 74
315 350 97
208 341 87
177 449 41
196 431 40
112 345 32
177 448 74
41 163 17
154 347 76
11 353 43
108 434 74
442 488 73
51 319 90
201 240 63
398 400 20
49 307 80
111 144 93
120 304 7
175 219 93
113 401 35
29 192 6
357 401 7
248 303 27
293 343 69
214 264 28
112 468 22
19 310 67
54 490 23
101 259 81
31 109 65
157 175 30
241 429 30
176 377 88
24 255 82
403 433 26
15 235 65
384 453 81
197 222 72
43 322 13
152 156 57
294 498 86
75 244 4
468 469 67
214 419 31
312 385 76
53 153 21
59 278 9
159 292 30
145 349 27
56 210 60
155 169 76
14 52 94
106 221 66
38 329 23
197 260 58
319 401 26
355 492 50
281 431 18
193 332 94
457 458 14
371 422 100
195 418 89
227 276 17
192 376 42
41 416 3
86 434 51
283 360 67
115 434 6
360 499 65
118 138 96
279 351 69
72 108 40
114 217 71
65 205 92
232 371 2
232 245 23
40 402 12
89 264 83
57 163 51
1 306 18
335 496 68
138 254 12
73 158 41
27 78 50
85 197 19
88 471 75
298 357 62
258 482 35
46 134 25
5 428 79
235 279 64
120 357 22
231 425 11
70 124 29
415 493 64
26 469 14
369 399 2
284 473 35
188 337 23
133 366 6
37 450 12
30 130 16
34 259 36
200 441 2
366 491 51
110 150 5
13 72 38
200 241 14
28 470 86
219 321 20
360 420 79
132 150 27
175 275 21
308 379 89
296 451 74
28 483 40
49 314 64
175 494 28
197 247 2
75 404 98
190 290 3
216 352 96
429 454 16
194 249 47
120 419 52
84 386 23
72 413 3
18 231 95
390 438 36
78 488 60
264 436 77
139 278 55
88 103 72
79 259 18
236 472 44
81 327 87
60 497 35
52 445 68
229 304 13
467 490 80
169 291 6
140 394 74
175 329 2
1 437 78
375 435 49
228 244 34
299 431 61
379 439 84
364 462 23
114 138 51
27 329 24
429 452 9
14 262 84
11 239 84
156 221 40
169 410 53
370 458 82
85 272 81
174 343 46
98 146 20
88 336 24
64 487 29
387 452 16
128 463 51
388 437 82
441 499 93
184 310 100
23 40 53
107 367 47
11 199 15
241 495 88
469 497 99
333 411 54
58 473 46
166 425 34
33 239 69
160 408 41
126 435 73
377 411 83
125 446 9
144 173 98
359 475 42
70 241 5
102 183 97
114 318 17
209 265 1
288 472 56
328 336 67
22 356 56
46 469 28
23 221 96
334 490 74
186 385 22
42 54 19
49 243 53
109 183 93
279 341 13
147 180 43
11 447 63
57 476 22
223 338 50
0 11 6
294 463 45
266 422 26
307 491 95
239 366 9
56 92 75
309 392 35
141 267 24
176 255 91
315 370 15
174 317 94
132 199 2
115 177 26
214 415 25
402 464 79
40 180 20
107 152 59
124 417 91
184 455 62
172 353 70
37 373 95
235 464 91
103 177 67
236 450 2
167 197 34
165 385 56
213 383 65
15 65 66
160 422 76
28 179 43
57 135 34
107 277 50
14 360 74
367 461 78
230 334 10
100 166 73
60 297 59
52 80 41
145 374 65
374 495 68
148 182 16
340 423 20
321 435 44
51 466 70
95 465 94
229 482 42
17 35 83
231 469 56
156 187 38
90 274 68
101 450 86
125 270 96
233 431 90
97 256 77
203 389 22
154 397 34
84 163 19
159 260 78
236 251 29
21 424 64
93 224 54
355 462 71
38 498 7
67 380 86
134 434 28
232 300 63
109 173 6
276 442 59
279 394 71
124 336 33
417 482 46
174 364 10
40 176 85
14 207 19
250 430 59
15 115 34
170 442 17
2 401 90
79 469 93
215 459 30
158 398 48
229 461 13
113 482 11
211 224 35
289 310 24
435 449 37
29 327 62
467 487 59
100 458 22
51 259 11
148 471 1
406 441 31
185 444 87
62 473 90
21 379 43
95 295 97
247 261 67
84 457 5
196 487 21
43 482 7
171 492 94
332 497 72
195 252 91
78 162 3
112 391 11
35 414 79
401 428 50
262 406 25
5 196 64
185 275 79
39 370 51
106 156 2
198 324 55
406 445 43
87 143 55
372 455 79
129 177 30
270 360 75
72 250 69
159 396 23
216 445 90
214 462 97
63 391 18
11 403 20
44 305 89
252 465 79
426 434 16
212 410 88
8 200 14
264 446 76
60 425 4
331 354 64
5 361 43
95 187 46
4 357 9
57 130 53
10 360 86
276 408 84
55 172 89
55 133 70
16 127 84
308 478 62
281 323 75
3 299 73
157 362 54
122 218 21
27 284 33
170 220 49
360 493 75
162 190 15
188 367 96
446 450 75
106 331 91
2 369 67
250 339 69
150 497 23
209 340 35
235 384 50
44 96 2
102 448 56
34 218 49
434 448 51
158 395 4
316 474 10
127 336 23
252 282 45
283 357 6
47 189 18
153 308 31
5 481 38
42 427 85
182 399 76
135 227 70
307 337 91
6 42 45
21 366 89
40 282 63
134 156 98
262 394 71
93 325 91
338 362 9
80 298 75
331 345 98
30 114 72
43 372 29
128 285 1
384 439 57
152 327 73
55 356 29
467 472 51
316 432 82
33 384 96
3 173 83
107 145 90
87 267 34
315 323 16
29 130 52
92 471 78
59 425 23
100 371 91
309 466 5
20 227 83
122 288 19
49 365 47
23 124 91
396 458 19
273 390 97
112 305 23
1 375 85
160 313 94
130 467 84
108 409 93
179 437 35
329 481 63
383 406 12
124 236 31
111 248 32
24 296 82
203 447 15
65 153 83
81 306 38
30 267 90
141 263 74
105 305 1
89 126 79
89 398 59
134 455 64
314 337 59
205 356 1
4 46 79
73 315 7
358 395 99
17 431 100
51 291 66
406 422 15
147 440 32
1 42 67
187 295 73
180 421 52
88 94 83
66 462 40
300 436 23
272 304 65
41 146 87
426 456 99
189 291 19
204 351 17
23 42 67
120 355 12
31 173 26
116 353 69
177 227 41
68 267 4
177 236 3
430 445 22
343 472 21
154 411 52
73 207 15
69 458 32
98 115 88
230 292 3
52 467 80
78 391 80
18 49 62
239 431 51
449 469 49
11 92 50
142 491 43
78 454 12
357 469 31
41 128 46
82 161 94
77 383 61
437 471 70
144 315 82
108 284 51
411 497 2
22 124 15
178 306 4
132 436 56
166 282 94
238 465 89
23 440 62
56 261 36
312 361 92
166 372 46
16 359 23
399 499 82
191 434 68
91 398 96
118 272 66
96 117 92
61 125 6
22 188 68
217 258 15
183 323 8
293 397 39
204 406 83
137 462 70
63 427 24
249 306 90
113 459 82
185 424 13
66 166 1
85 275 10
160 253 74
8 403 82
108 229 16
313 347 30
51 74 71
205 242 38
86 92 39
123 357 74
389 475 100
51 75 33
81 357 15
83 158 62
137 154 21
14 254 38
382 391 76
127 258 2
312 343 6
59 121 82
370 405 71
209 487 19
311 412 25
109 469 89
80 318 30
308 488 40
131 468 1
336 367 31
278 466 81
55 65 66
122 217 27
216 348 92
238 357 49
4 216 34
109 420 54
75 150 72
79 467 69
204 214 63
174 218 32
136 499 87
129 295 96
199 359 12
35 457 67
78 153 16
35 103 76
324 448 54
199 257 65
117 244 48
57 208 14
262 356 73
113 460 86
184 445 19
421 499 54
49 433 6
102 469 51
28 395 2
156 307 58
79 224 75
93 249 62
236 261 6
23 268 27
257 397 31
215 490 68
60 482 36
283 350 31
123 254 64
316 436 10
304 478 84
5 497 34
317 431 33
165 251 24
222 431 6
5 438 17
319 323 45
21 351 6
293 342 55
389 448 97
83 101 21
118 423 43
11 16 81
146 236 56
194 253 97
398 432 88
37 326 38
241 487 67
120 333 90
13 61 48
416 472 9
155 391 85
71 345 66
52 455 35
158 392 14
311 429 87
14 191 69
118 191 20
5 315 2
343 495 96
152 402 98
300 481 52
87 435 70
310 471 32
292 466 27
389 430 80
154 384 68
69 246 42
282 409 18
208 286 53
467 488 5
94 128 49
6 212 25
79 193 49
83 344 27
15 472 9
315 427 30
339 418 75
6 119 28
298 480 76
418 457 15
46 255 15
220 248 72
89 156 37
277 304 89
62 68 5
178 324 82
8 148 65
46 312 4
27 368 6
332 448 2
161 236 44
153 156 87
207 369 43
137 466 3
271 423 100
53 178 43
66 213 6
102 482 92
18 486 11
167 240 84
81 178 63
184 454 56
208 391 63
146 186 65
175 387 86
73 318 37
31 232 85
165 434 9
35 100 47
61 361 53
134 212 17
12 51 3
76 490 74
261 294 63
201 387 56
72 157 20
102 129 72
244 288 52
99 297 22
132 222 82
17 389 74
25 433 91
38 186 17
55 340 27
400 443 72
78 127 88
211 476 63
266 321 5
4 162 98
254 499 88
205 442 100
22 452 40
109 192 93
317 486 90
68 490 36
16 436 32
246 355 26
26 162 25
134 248 94
20 461 72
4 50 31
41 383 10
169 401 63
288 421 84
384 475 43
171 381 44
226 332 33
181 185 91
57 200 21
274 455 79
72 116 40
313 385 6
386 388 77
10 171 9
208 430 18
67 363 3
77 140 37
359 445 95
86 282 8
196 413 85
161 474 99
66 172 60
175 383 67
272 333 27
108 316 30
374 491 24
72 385 15
86 405 96
31 464 2
359 495 48
232 375 26
246 367 76
7 127 30
102 119 37
34 238 38
0 248 59
123 346 64
1 58 11
219 465 3
106 115 48
48 114 56
9 51 72
364 389 85
222 353 89
32 224 63
104 490 44
81 493 68
99 425 23
337 356 3
159 305 80
1 360 16
170 406 7
8 13 69
150 307 52
371 485 78
264 365 70
234 458 4
18 343 87
58 186 22
180 352 33
165 315 51
284 464 26
23 409 71
425 453 70
125 150 42
272 454 45
347 410 10
92 266 13
78 128 29
108 178 93
108 487 34
15 125 12
321 350 32
270 439 52
2 176 5
78 259 78
174 266 37
255 340 71
177 401 26
291 328 23
110 440 95
150 460 96
176 367 61
134 440 4
347 412 2
27 309 77
172 450 89
76 470 38
141 467 31
127 136 85
352 459 5
351 399 49
363 488 29
42 447 32
24 321 59
5 124 91
129 280 58
276 337 46
118 456 57
173 269 44
382 389 89
146 379 40
216 293 100
333 481 37
259 331 22
31 390 19
148 254 49
243 491 20
224 447 69
176 399 95
129 376 75
169 281 31
323 327 51
376 497 60
472 477 68
95 162 47
21 140 18
239 365 1
47 389 73
399 412 98
185 195 54
366 439 33
184 274 69
35 319 41
244 430 40
225 262 29
98 250 62
102 423 47
158 190 81
94 475 66
93 412 18
178 468 45
228 353 6
191 354 93
228 465 43
22 104 60
109 177 4
314 354 99
108 175 2
9 168 3
173 403 85
363 416 55
90 285 29
41 234 67
390 392 41
79 497 89
157 171 58
221 392 81
214 463 13
75 119 56
216 356 61
366 419 12
27 338 51
380 387 29
200 466 84
36 470 62
347 478 47
296 492 93
22 233 76
194 497 7
188 381 87
68 308 43
207 396 86
240 391 48
11 106 46
81 359 78
0 267 42
218 451 74
27 81 80
9 103 59
257 353 61
142 492 48
65 464 84
388 431 29
358 389 47
468 478 11
245 440 18
271 386 4
73 253 28
220 310 65
161 373 99
166 401 17
135 320 90
119 475 81
428 476 42
99 144 74
45 429 13
232 482 64
326 348 96
131 486 49
140 398 88
17 189 64
158 283 13
170 237 8
366 495 42
124 148 51
165 486 92
366 499 38
233 480 91
258 319 19
7 315 5
186 468 62
271 315 74
50 374 39
295 419 98
21 438 81
99 102 99
130 139 31
201 426 61
60 277 91
52 182 1
272 411 39
12 204 57
200 250 36
155 332 16
191 371 26
282 356 5
216 269 85
44 198 97
91 314 15
73 329 85
188 371 65
148 177 67
156 499 76
277 369 13
290 449 20
36 43 21
473 495 76
63 165 93
69 443 93
264 375 31
258 460 62
100 444 35
108 252 78
145 474 58
318 392 72
320 432 52
128 180 58
146 482 13
36 137 59
405 455 34
234 262 76
37 179 16
33 316 48
170 172 82
289 487 92
8 322 81
168 338 73
49 255 58
90 202 39
284 499 39
57 59 17
213 229 62
221 371 7
10 493 81
466 486 24
28 432 75
76 300 44
129 241 9
2 152 46
22 461 15
12 262 32
113 370 87
100 382 24
407 491 2
262 415 63
35 90 56
167 318 29
130 452 40
28 384 96
102 488 26
389 457 85
81 426 54
317 494 62
65 381 60
115 215 76
312 411 13
98 429 34
294 393 38
299 438 14
32 291 95
311 489 56
104 443 8
49 320 29
204 469 9
335 363 10
2 402 32
86 391 90
84 418 65
139 178 66
54 107 34
221 405 69
132 442 62
295 499 20
432 464 99
2 89 70
351 404 12
267 416 24
312 477 52
96 334 97
229 238 61
219 250 7
385 480 78
100 459 36
255 265 48
360 429 95
131 335 57
312 422 61
3 192 76
130 366 78
52 185 43
84 119 15
229 253 25
132 489 13
47 450 11
185 285 48
317 393 33
274 287 23
278 391 83
304 454 68
204 207 23
15 263 60
126 176 23
65 499 39
155 195 40
367 438 17
415 475 82
29 381 16
160 362 52
243 435 75
220 276 46
243 264 99
70 396 15
148 373 90
376 486 33
152 320 99
6 257 85
8 363 42
319 321 36
75 209 47
166 459 97
39 437 66
324 356 25
27 164 98
37 120 38
212 352 80
428 483 85
189 420 52
350 467 24
96 321 89
193 200 59
34 415 90
98 404 62
127 311 15
73 237 31
67 170 93
260 487 79
137 168 73
207 481 37
8 253 22
212 355 24
42 335 59
93 456 77
188 455 90
113 228 92
40 194 91
47 356 8
218 288 98
112 479 51
14 34 22
325 354 52
276 395 87
161 289 87
290 297 35
42 226 90
183 461 64
168 194 56
61 418 49
319 361 65
69 309 66
395 499 2
66 487 56
69 144 11
150 204 51
84 353 93
97 399 50
401 460 25
320 471 37
365 393 62
278 405 66
86 169 10
17 309 74
203 325 29
438 470 7
146 434 12
276 333 76
150 253 100
162 415 38
275 350 88
93 434 38
155 440 33
184 465 83
252 421 78
204 454 17
190 326 66
373 460 92
69 137 21
360 426 60
343 475 15
148 396 39
86 295 75
256 464 34
3 278 100
71 334 91
19 23 54
64 490 32
64 182 40
195 232 25
404 407 44
2 64 23
70 414 59
47 314 60
14 244 99
177 418 77
235 373 32
7 122 42
120 206 32
120 170 72
312 320 2
327 349 51
286 366 38
270 286 69
39 326 71
283 293 65
466 499 90
61 192 31
54 314 9
174 420 13
206 323 27
267 318 2
423 456 44
44 230 95
423 492 19
5 244 62
65 247 87
173 385 8
68 329 52
73 265 20
53 467 73
70 217 53
146 386 91
254 459 53
137 460 71
97 342 69
285 487 38
116 158 3
138 329 77
245 383 91
97 312 66
37 205 34
215 301 27
124 387 86
471 493 22
299 374 33
89 323 82
174 255 98
236 434 39
45 492 22
78 371 59
49 290 29
268 486 21
348 474 93
181 454 69
108 159 74
38 385 8
10 286 34
211 231 92
5 453 41
120 197 90
364 410 68
124 206 72
245 421 25
167 220 81
289 473 83
93 329 46
133 216 72
2 110 56
49 438 92
192 408 92
278 412 19
31 450 97
295 310 67
350 446 34
120 436 24
94 435 83
26 323 34
40 305 89
132 455 7
122 297 99
178 489 51
200 432 20
237 365 1
154 194 10
66 421 99
93 406 28
137 345 96
312 388 24
0 462 55
308 422 73
129 438 38
4 90 18
337 472 61
168 231 37
261 377 31
255 308 88
84 458 7
57 304 87
28 158 8
111 497 47
123 452 66
57 373 19
85 447 12
104 449 17
155 269 65
190 260 2
310 364 29
20 119 34
89 321 6
425 466 84
350 357 59
311 325 83
110 317 62
243 292 91
189 295 26
252 288 94
60 359 12
381 497 34
93 395 79
400 486 20
9 150 34
93 418 27
105 273 48
45 428 87
97 481 33
159 296 86
303 483 69
279 436 27
423 491 80
353 424 28
47 323 25
32 40 42
45 436 75
132 469 67
351 430 49
236 273 4
325 391 6
233 489 29
254 372 46
39 442 81
107 124 97
5 50 25
115 451 8
168 337 78
375 390 75
2 191 73
40 345 76
290 355 58
102 364 79
67 154 2
394 411 93
247 324 74
154 222 80
79 376 55
302 318 31
446 460 31
71 277 87
467 474 94
272 341 21
80 110 55
280 489 11
168 236 33
73 217 31
81 215 72
90 306 38
77 430 2
9 356 71
17 369 66
2 335 10
234 485 2
379 425 70
360 489 80
326 404 47
33 237 41
262 386 36
27 154 84
161 278 13
357 364 100
107 286 88
9 297 67
106 437 92
103 408 2
167 439 63
64 124 92
142 468 52
141 189 43
72 402 9
54 369 76
35 425 64
208 443 71
416 461 65
306 473 41
241 438 4
415 470 89
357 384 57
5 313 77
156 271 87
5 359 30
55 389 15
140 186 37
27 37 18
7 388 41
58 495 25
116 399 48
214 457 88
53 301 39
290 367 74
108 277 37
79 494 55
47 455 3
115 481 5
26 72 99
212 334 25
88 226 65
51 348 89
7 38 77
254 489 75
113 348 97
79 175 96
194 310 35
67 188 50
168 387 16
352 499 34
131 241 16
81 102 78
210 387 63
217 479 33
222 330 95
58 490 42
122 319 46
34 141 90
107 199 47
376 385 25
42 249 60
415 427 13
27 365 75
190 207 14
178 287 15
244 386 95
100 130 75
55 274 19
326 333 1
357 473 67
0 480 78
200 344 33
91 401 32
388 482 47
0 256 2
338 471 68
259 468 41
159 312 45
272 327 32
98 468 39
165 493 41
68 375 61
96 350 8
113 389 34
226 442 37
150 412 87
69 200 44
74 226 24
87 437 88
270 383 24
76 192 11
121 284 6
232 489 53
2 400 50
66 417 39
134 330 28
24 104 74
16 329 48
43 280 4
338 478 59
67 68 3
220 371 16
182 248 31
120 316 43
276 482 87
159 221 89
72 438 49
97 288 17
169 249 13
275 396 91
43 260 57
286 465 89
1 340 52
342 413 95
63 310 80
181 327 23
150 381 1
159 461 74
50 185 47
14 228 44
124 272 48
462 467 80
203 267 99
93 492 4
93 260 91
69 273 50
10 28 22
392 407 88
181 458 52
252 428 57
76 149 31
137 455 39
49 60 65
117 185 45
83 420 15
30 471 73
213 267 89
171 394 92
43 437 77
7 407 22
132 374 23
180 248 94
52 413 83
209 364 73
148 468 90
310 347 3
98 289 46
294 308 68
384 407 63
156 227 48
2 169 60
29 84 20
18 370 82
117 298 21
35 194 30
83 456 90
260 362 28
108 462 53
106 247 21
176 190 39
402 454 23
58 144 34
93 473 5
185 262 30
68 162 13
296 307 50
61 69 64
147 199 86
37 347 31
253 312 63
34 86 30
254 285 71
213 488 40
151 184 94
96 171 9
71 294 21
60 331 42
10 16 11
20 328 54
179 327 29
34 484 7
55 321 25
426 429 71
443 487 57
227 499 98
67 345 53
137 250 70
214 481 24
95 346 18
52 416 46
145 198 69
172 399 76
275 332 70
289 436 7
167 271 28
439 486 14
115 359 38
20 305 76
304 473 57
85 209 8
342 357 89
160 298 8
438 491 32
351 459 75
42 295 99
252 402 43
103 173 68
76 231 30
34 400 93
14 143 82
100 314 5
59 307 3
144 230 52
14 493 93
175 305 77
309 435 47
3 475 57
357 482 57
37 276 27
74 76 23
243 367 85
80 350 91
269 284 7
7 350 85
28 286 28
35 445 98
252 306 20
103 178 22
183 195 73
313 428 32
321 422 13
157 478 25
350 423 88
65 283 22
113 346 99
285 440 92
91 257 26
50 164 50
245 294 15
89 228 69
105 438 95
37 311 82
20 293 47
172 405 14
100 345 25
334 484 64
11 204 87
11 182 68
14 59 64
258 317 3
327 446 72
104 163 75
320 442 14
44 404 27
186 341 69
449 463 90
217 458 11
46 357 98
84 245 65
115 190 39
1 213 86
3 247 15
9 49 58
256 481 62
107 382 75
150 249 96
32 160 43
75 298 44
4 153 91
312 453 78
192 423 76
192 275 19
89 325 28
268 416 28
294 406 16
425 465 17
213 300 96
173 383 100
316 462 99
204 309 3
49 398 60
350 365 53
140 443 62
113 456 63
38 62 26
141 460 71
450 494 68
27 408 15
124 249 2
277 463 1
285 344 94
51 239 45
291 448 70
274 285 53
8 135 72
34 249 84
107 207 39
36 146 87
259 290 37
104 112 5
110 400 6
254 292 27
106 414 27
375 401 48
62 125 88
257 369 95
228 370 26
108 276 4
82 479 19
27 264 21
340 345 36
178 429 76
441 448 71
49 198 57
99 496 57
33 242 95
29 93 5
89 459 87
9 474 64
214 353 20
63 175 14
80 252 36
60 241 33
184 383 28
100 445 82
35 200 11
325 470 23
282 340 74
231 482 68
23 67 69
194 416 3
127 458 57
177 417 44
85 239 43
381 448 3
46 459 80
41 294 85
201 311 43
161 492 26
244 311 18
165 291 72
278 342 15
23 181 51
384 406 1
229 351 45
72 314 22
154 436 18
166 410 15
135 404 98
70 492 75
145 265 94
57 94 27
234 415 85
72 403 83
24 57 48
271 285 54
72 490 11
104 219 94
23 169 42
189 411 10
5 44 17
6 339 88
355 438 4
142 420 19
201 359 84
230 339 50
366 472 82
348 394 13
109 270 74
154 486 31
191 370 73
47 80 55
232 235 85
270 403 39
57 62 68
47 367 15
162 430 62
377 472 83
212 453 43
193 473 89
7 406 72
201 482 19
364 489 90
332 412 90
255 408 43
407 498 88
333 424 48
136 424 37
105 297 12
402 446 80
288 412 16
104 481 77
301 458 62
363 430 77
71 186 6
31 421 94
55 368 87
55 445 96
326 371 36
20 139 84
174 262 25
308 427 99
112 205 53
32 207 37
33 49 35
229 382 36
6 91 25
86 183 67
167 229 84
127 202 12
310 322 97
359 393 79
103 161 65
95 404 74
64 363 60
119 422 32
180 423 2
69 419 90
242 371 65
24 299 33
112 368 43
49 71 40
86 436 95
23 451 85
192 251 63
31 216 47
342 451 72
65 201 6
426 485 82
234 431 59
190 195 75
124 497 83
421 444 33
298 445 2
340 363 68
354 445 86
273 419 38
36 232 57
29 428 52
245 452 83
0 360 88
130 181 98
290 298 26
240 407 49
390 427 55
308 465 92
238 413 86
299 448 87
385 473 45
122 212 57
17 227 67
138 283 14
95 313 82
54 76 73
126 383 39
296 468 95
314 472 8
46 320 67
384 486 31
99 356 50
17 220 5
181 330 35
48 346 96
64 274 1
84 364 76
3 46 26
125 383 32
107 437 34
386 477 97
150 468 65
278 469 45
424 426 89
309 495 54
131 302 14
265 375 48
0 437 73
190 377 32
242 249 60
99 497 95
137 320 65
73 317 87
91 457 19
92 425 9
464 485 35
53 433 56
337 387 73
403 437 51
88 466 84
87 273 94
271 414 1
268 286 19
187 371 25
61 106 53
77 180 93
108 119 83
43 224 58
31 397 24
125 473 1
88 279 38
215 474 90
80 287 79
171 198 37
33 476 2
84 105 66
235 492 73
164 469 1
214 446 53
191 381 79
97 407 72
150 317 100
3 238 66
118 121 11
384 440 9
392 447 87
174 479 77
179 443 51
335 440 25
392 422 4
12 413 15
21 147 60
108 136 60
30 414 29
256 475 25
290 473 46
147 497 59
13 118 34
57 143 67
341 459 42
98 466 20
235 347 98
82 168 8
298 372 32
386 401 99
162 434 44
36 352 85
287 390 65
176 490 15
244 400 32
237 359 26
239 298 3
256 333 58
102 131 21
275 295 70
0 146 34
309 359 65
113 457 51
90 155 52
298 492 4
178 483 54
82 101 87
1 440 52
133 336 94
263 305 71
67 168 97
31 248 4
165 420 76
150 290 23
144 193 94
42 101 80
345 388 84
10 217 1
269 472 36
235 275 71
299 418 34
76 453 1
398 422 39
317 454 49
11 415 69
356 489 61
178 328 15
320 404 76
189 312 66
21 463 43
48 256 2
16 170 34
57 254 72
103 330 31
239 311 87
140 249 30
133 432 38
4 214 13
162 438 4
3 277 78
314 335 66
3 254 29
130 417 69
225 437 92
81 365 57
91 392 10
126 267 53
306 319 33
183 376 75
107 296 95
390 450 2
196 372 85
162 220 75
204 247 64
68 203 16
190 311 86
245 352 74
234 491 58
43 158 37
29 418 93
127 448 66
341 378 67
186 455 11
221 430 57
182 411 63
38 309 99
394 459 60
289 463 95
419 483 71
375 464 73
197 291 61
254 383 5
219 300 86
180 377 24
244 293 9
112 406 30
74 341 98
265 488 33
85 423 29
276 452 9
229 411 48
156 286 37
186 234 27
178 357 96
42 275 41
314 396 85
94 113 32
10 374 70
114 248 55
73 428 19
211 299 24
292 303 31
54 299 65
190 459 39
138 298 99
38 414 38
240 314 85
89 196 32
260 275 21
19 432 31
151 274 62
271 416 54
291 421 70
218 421 32
13 201 36
76 335 50
101 173 23
231 397 13
80 305 55
51 60 47
150 380 3
112 174 7
23 123 69
417 481 75
194 356 61
401 455 27
240 331 59
36 140 86
52 244 24
23 403 95
157 217 61
280 433 41
420 459 65
260 415 88
206 399 44
344 425 31
216 236 26
69 82 2
241 437 42
45 280 28
120 245 71
379 499 80
21 246 27
42 116 54
227 377 76
163 472 95
134 223 82
40 393 22
258 401 22
120 420 88
30 426 5
296 377 92
258 417 57
347 469 38
338 366 32
283 326 32
327 336 5
159 332 62
279 323 77
3 191 23
195 442 57
16 330 25
118 239 17
239 411 20
103 391 32
159 430 23
20 46 17
107 481 49
440 464 14
371 469 84
198 326 85
370 381 52
59 204 84
278 330 54
327 344 88
86 259 4
111 210 81
203 342 48
71 269 44
143 311 38
45 489 88
355 448 87
104 123 66
44 399 15
104 201 77
246 472 42
146 331 14
259 272 14
80 348 58
342 485 14
185 416 47
267 356 82
198 380 28
434 487 6
312 435 12
480 499 33
257 263 74
6 129 81
115 216 63
19 328 2
35 340 72
151 476 11
253 416 91
82 337 23
445 452 79
45 313 24
262 428 82
105 375 5
210 280 23
9 113 50
203 303 20
125 289 23
356 380 54
146 261 40
258 361 86
63 87 55
361 426 47
177 377 61
208 412 46
250 387 58
119 197 23
41 186 57
363 465 45
232 246 66
356 438 2
142 489 45
85 294 49
218 477 74
41 43 99
33 190 70
76 198 81
222 484 12
160 492 71
211 375 63
154 169 73
68 239 20
91 107 64
56 174 15
90 475 92
226 485 72
37 233 96
30 295 92
10 329 31
73 111 15
53 232 9
37 257 9
26 97 20
190 346 77
160 339 95
45 473 69
382 414 19
410 438 25
28 87 7
71 395 12
179 290 81
104 373 3
235 335 81
15 436 70
295 416 27
88 249 93
382 392 14
30 239 24
55 159 13
18 183 48
193 453 59
427 438 1
151 390 45
272 344 79
2 295 19
351 438 39
69 98 79
66 95 87
62 162 66
25 439 34
71 224 3
437 491 91
311 441 88
28 85 84
297 473 86
89 216 51
310 481 68
40 459 87
136 285 43
8 89 42
39 66 77
120 149 30
310 430 94
384 398 83
16 472 10
6 191 40
160 415 52
185 402 2
182 247 88
46 175 39
308 460 71
152 229 58
78 442 93
37 431 87
49 345 66
256 430 91
286 448 43
101 169 53
30 197 68
89 116 76
103 212 6
177 385 74
113 353 88
230 306 70
260 411 4
316 444 72
85 318 90
163 351 28
2 68 22
86 451 87
85 164 8
418 473 10
155 330 55
297 433 65
419 431 43
238 466 61
41 127 13
391 435 1
21 68 73
472 476 60
221 454 8
268 277 14
429 496 2
28 206 23
177 278 64
41 217 93
238 308 15
16 425 10
82 458 95
42 227 18
160 197 89
453 484 81
27 403 35
163 443 43
29 351 70
107 420 66
345 397 82
122 208 56
206 441 98
207 271 11
227 345 22
3 257 42
168 459 50
329 373 86
0 444 59
93 180 21
281 399 87
204 373 87
217 243 26
306 363 32
39 311 90
385 412 61
155 172 92
225 261 61
55 267 15
144 236 51
131 328 16
52 363 96
242 475 20
119 311 71
22 130 66
193 371 41
340 492 5
134 149 24
335 386 65
28 333 4
266 351 90
74 255 47
177 259 78
260 292 3
213 411 33
179 332 59
115 479 72
26 367 71
87 203 43
184 256 52
57 266 74
182 306 60
18 488 54
250 318 3
358 390 53
12 382 82
188 210 91
277 441 83
182 466 44
336 366 79
67 100 34
297 479 39
1 325 64
3 322 57
1 80 50
218 271 52
249 422 93
434 462 33
426 495 100
288 468 21
321 370 85
23 52 13
362 430 46
223 351 85
32 219 50
1 432 59
119 299 28
7 446 61
107 458 19
111 498 85
346 381 39
170 178 23
339 372 32
322 463 67
46 437 21
155 235 79
65 485 15
42 231 36
124 382 52
61 92 28
197 495 41
110 499 22
364 479 1
30 455 22
54 330 44
373 392 47
191 311 78
335 480 19
402 411 63
214 332 79
254 486 77
152 207 67
38 298 19
326 424 86
12 222 95
18 211 22
5 470 16
207 418 64
117 488 43
33 456 17
57 440 32
125 307 56
42 67 34
252 359 13
212 414 82
199 399 76
102 262 27
493 496 12
230 466 72
36 266 63
159 417 46
396 465 17
238 453 3
35 53 79
330 470 65
273 373 74
381 492 9
176 375 22
252 386 32
36 441 32
234 410 85
316 410 21
11 391 82
316 386 63
258 353 95
415 445 11
28 43 63
55 200 20
318 364 51
239 369 57
146 486 58
118 454 60
206 341 94
153 191 95
19 42 74
30 175 66
39 81 29
306 421 30
149 200 54
12 246 31
108 269 76
105 377 91
114 265 12
72 362 82
206 395 23
49 332 83
209 336 6
267 430 34
117 409 66
366 406 86
249 453 95
28 403 96
234 310 70
254 457 2
179 193 4
279 482 68
418 487 18
28 54 86
5 387 35
254 497 66
159 371 91
13 29 47
426 492 82
92 241 73
25 240 27
125 359 9
24 231 38
338 414 13
128 328 11
188 299 61
103 298 37
181 337 36
313 476 8
151 157 97
324 465 13
83 227 33
291 388 89
284 285 71
441 459 70
85 494 11
256 330 75
116 201 12
265 277 62
33 430 29
195 337 4
126 165 44
258 388 94
233 442 43
120 379 92
151 308 59
249 462 55
300 344 24
39 53 65
150 355 33
227 342 12
88 218 84
232 373 96
89 401 69
51 114 97
260 396 87
206 486 34
306 445 18
164 251 6
199 398 18
253 358 20
95 238 58
89 186 29
1 140 98
222 385 28
38 353 79
49 139 98
95 208 86
131 451 70
196 450 36
23 339 86
139 374 61
402 438 81
259 459 54
287 451 64
56 245 92
226 452 80
285 348 71
49 418 32
113 444 99
16 186 63
116 333 91
258 420 67
195 236 23
395 489 53
13 148 91
77 493 39
386 497 14
178 466 74
110 470 71
423 431 59
3 385 70
239 419 46
188 460 11
454 481 33
6 13 29
38 232 64
440 477 8
419 489 17
178 203 62
67 294 90
234 475 66
29 53 65
116 407 28
87 323 12
113 308 52
10 237 41
338 348 72
74 454 89
167 267 37
80 117 64
282 396 75
74 348 34
211 319 51
46 369 59
168 212 30
301 408 68
139 206 92
96 194 10
152 282 60
83 196 27
222 254 8
300 395 38
432 491 31
28 191 3
164 496 90
434 456 47
269 499 71
456 480 73
7 87 47
405 486 44
185 394 99
136 180 1
133 272 72
34 223 79
195 329 91
70 363 72
146 235 75
3 319 97
24 215 41
239 470 63
280 421 95
91 495 65
191 440 17
38 490 65
335 482 44
191 447 1
115 213 8
232 412 84
172 460 94
155 255 55
44 272 73
71 471 2
273 430 64
142 317 81
135 295 65
92 167 28
314 400 64
11 489 49
386 420 32
263 373 24
386 443 30
86 161 35
170 368 52
255 413 22
241 312 32
140 189 68
384 392 65
385 472 29
61 452 81
99 294 66
120 189 31
194 368 92
238 322 33
117 187 92
192 199 25
13 106 22
461 482 81
161 329 66
37 247 38
351 439 99
309 330 64
261 479 7
107 433 27
299 383 59
67 417 97
95 340 78
158 210 72
122 305 99
5 401 27
178 196 57
140 467 4
198 351 18
1 422 71
76 363 15
13 362 36
138 154 11
329 394 52
166 182 47
303 408 15
46 366 28
217 484 27
101 344 18
22 252 73
381 484 83
151 435 26
171 440 50
169 212 79
334 372 49
15 281 30
145 244 59
227 296 87
230 496 54
48 412 46
45 89 72
305 448 67
160 435 1
205 233 90
308 424 71
6 446 83
21 397 40
422 481 54
348 496 78
88 237 40
140 171 65
113 334 82
137 298 75
93 308 27
98 186 61
2 19 34
220 353 91
205 495 9
92 275 53
274 343 62
150 408 25
234 381 62
29 179 69
101 452 89
4 393 23
108 196 53
317 455 63
240 324 57
32 337 85
331 387 38
266 328 82
165 325 87
135 174 13
52 77 79
460 486 64
162 303 88
136 364 97
230 421 11
232 345 86
6 139 67
152 182 96
71 259 14
33 289 33
292 394 6
173 250 56
33 76 49
310 321 28
385 455 31
56 90 18
14 192 37
96 469 45
27 248 54
74 378 81
91 433 4
135 139 82
41 138 58
7 249 37
260 466 84
104 252 78
114 178 59
435 442 75
174 265 53
93 227 47
300 354 89
75 429 16
240 323 79
75 151 47
73 470 82
178 451 70
153 302 2
26 48 97
68 484 2
105 263 92
174 179 65
193 307 61
253 400 85
1 10 20
268 385 100
430 486 100
278 347 13
94 346 28
304 353 48
2 359 64
284 403 88
223 429 47
211 408 16
255 286 37
30 143 45
280 392 7
146 435 8
114 147 34
231 277 64
12 116 39
136 150 27
111 128 18
76 484 8
42 185 81
217 323 15
52 345 14
235 485 12
66 191 64
64 362 94
95 347 19
156 223 45
195 322 9
298 463 17
395 439 36
160 385 2
237 317 72
143 220 30
97 292 12
314 326 51
473 497 37
53 73 26
214 336 88
195 366 61
44 439 29
43 49 87
96 124 36
362 494 52
135 275 16
117 270 75
390 439 10
228 388 84
281 413 42
329 338 9
58 343 23
46 103 29
35 321 8
417 468 90
156 176 16
10 200 23
88 267 48
115 156 46
6 7 85
187 398 71
344 461 24
70 257 11
86 423 11
397 447 64
136 475 31
14 417 87
251 286 99
174 394 68
186 457 42
388 461 19
269 311 85
50 69 9
445 464 58
25 75 68
216 307 80
78 346 95
83 170 60
190 458 38
323 346 65
182 212 76
134 426 40
162 462 45
50 354 4
201 345 3
70 235 69
148 418 17
94 486 86
194 381 28
85 186 47
33 314 53
426 437 20
237 265 64
301 424 65
152 475 96
372 495 20
125 190 36
326 402 92
158 171 70
29 111 48
161 395 78
394 451 75
32 271 4
135 310 30
128 476 33
36 216 90
442 499 59
173 416 31
265 365 4
61 406 83
51 490 93
47 139 16
108 228 69
26 155 88
86 461 48
230 434 54
62 354 82
432 459 21
198 450 60
113 185 42
393 463 29
52 101 95
270 314 90
2 134 96
235 281 1
293 463 18
189 371 42
303 415 15
232 456 36
47 170 75
136 320 85
221 294 20
44 331 69
84 371 37
361 448 73
29 435 7
43 414 33
142 448 33
188 463 18
239 434 22
334 435 44
495 498 19
141 185 43
201 491 53
26 463 86
40 93 36
59 358 22
149 460 52
320 378 49
101 207 49
14 195 98
192 406 36
270 275 64
69 249 55
109 350 100
78 301 3
96 490 48
209 472 7
266 459 73
106 109 49
154 429 10
330 422 34
325 367 43
460 490 42
72 216 1
247 419 9
49 376 95
223 411 64
166 489 97
28 467 30
297 488 66
13 33 72
45 274 97
182 346 92
110 168 100
44 208 98
181 495 96
20 113 62
268 490 27
104 250 59
47 56 11
60 436 83
344 400 96
156 472 22
69 262 94
71 116 66
94 256 39
286 391 19
384 422 80
240 484 27
264 385 58
49 262 18
156 313 12
255 372 19
225 405 23
112 349 8
134 450 93
76 183 51
53 497 60
183 494 75
242 427 74
6 208 6
99 245 80
127 324 89
278 465 95
66 271 68
182 283 88
319 407 98
239 338 19
111 466 16
29 266 44
401 425 76
160 345 18
32 42 5
185 458 96
135 460 3
91 295 41
80 284 17
105 136 53
92 176 34
370 408 11
413 446 100
196 237 19
2 20 55
67 106 5
88 289 20
11 201 79
367 431 20
380 427 47
86 355 42
312 434 87
68 413 10
207 478 77
154 217 14
19 217 89
215 289 52
106 241 56
193 499 35
57 127 86
111 130 63
114 271 87
10 87 28
232 453 79
206 304 87
129 434 71
52 274 17
2 150 33
129 282 78
84 404 62
49 284 95
398 467 47
85 390 20
312 392 83
171 173 80
408 491 45
253 257 37
4 405 25
390 470 100
183 345 37
168 323 67
240 367 69
282 492 74
129 174 90
22 32 5
85 162 28
70 94 68
153 475 74
338 395 45
13 47 41
98 223 75
40 389 98
226 282 43
85 154 37
6 153 96
215 265 16
236 309 33
8 342 35
240 451 17
141 479 23
3 236 47
259 473 95
387 403 59
134 484 8
198 471 97
213 447 43
136 337 96
54 436 25
107 174 64
63 145 53
258 467 53
222 258 71
119 448 77
64 163 47
130 302 49
169 287 95
81 443 13
272 480 25
303 335 99
11 179 11
71 178 60
52 484 75
142 404 86
165 314 49
183 456 42
174 330 63
169 178 30
321 363 81
136 197 19
197 257 42
339 493 11
180 465 81
224 425 45
154 465 93
336 407 42
272 282 26
79 166 78
3 454 40
391 451 46
189 315 71
0 18 96
64 203 62
255 369 82
143 407 20
21 56 35
159 493 62
14 333 97
105 339 95
244 316 32
89 159 86
259 404 77
145 463 82
168 364 98
166 225 54
52 78 22
232 303 77
374 451 30
296 339 57
117 320 1
370 435 27
383 404 79
5 276 7
25 445 64
41 296 23
71 270 30
288 379 29
242 460 33
70 462 44
183 328 13
104 442 84
135 333 2
149 247 59
185 389 62
118 434 45
153 184 75
27 231 84
43 402 58
120 159 38
93 199 87
149 410 51
132 314 82
171 174 67
303 316 86
168 180 41
97 350 99
218 344 23
152 322 13
38 44 76
66 478 8
257 300 87
30 199 32
207 223 53
96 204 67
130 234 88
44 388 9
93 482 68
264 265 79
73 410 47
50 409 49
223 311 49
320 394 20
33 434 1
212 326 51
87 206 71
122 278 75
161 471 7
46 429 22
46 283 53
4 495 86
264 330 10
10 373 98
36 389 19
211 424 14
46 399 13
251 411 27
290 448 20
311 375 68
102 390 90
35 365 51
337 433 79
117 362 69
34 479 43
134 136 8
394 492 76
87 436 40
202 297 33
109 139 22
296 480 66
159 277 76
155 174 17
64 299 62
305 415 50
118 388 77
146 297 11
207 486 61
84 294 35
454 499 87
140 263 90
34 251 98
30 462 67
139 355 72
4 261 70
162 228 80
69 180 17
272 455 63
32 231 78
310 342 78
103 399 53
216 320 45
397 413 24
182 273 80
91 280 63
223 364 43
217 307 44
92 470 100
115 170 86
272 496 57
7 214 53
23 260 2
61 127 27
363 466 19
309 373 63
387 432 46
102 472 89
288 359 17
342 395 22
65 325 91
242 455 89
14 60 71
134 478 50
62 238 48
91 184 74
354 442 59
233 289 70
111 349 96
29 462 33
130 482 91
88 282 48
274 338 23
124 313 93
106 178 97
93 204 35
57 58 21
392 397 71
3 160 19
58 397 42
17 83 85
268 411 8
219 284 17
122 432 81
452 476 6
162 276 7
101 146 88
267 403 46
195 298 40
91 391 17
19 180 7
66 422 59
70 222 71
0 59 64
209 473 95
80 233 100
121 393 93
8 431 80
303 373 88
186 229 60
126 163 19
127 356 5
157 467 1
34 230 64
49 70 10
184 323 85
318 438 95
57 92 68
185 322 68
237 355 77
153 383 13
84 231 29
202 424 19
404 411 9
303 406 64
165 288 48
149 252 96
187 411 21
104 327 50
341 407 38
242 339 74
183 488 9
51 54 71
51 347 90
62 249 25
177 339 42
117 245 91
222 327 59
111 169 18
213 496 13
71 101 1
259 359 29
77 179 73
75 487 3
62 482 68
41 122 67
120 470 59
103 379 49
60 238 57
410 450 77
0 325 97
171 353 90
221 449 51
291 316 42
87 491 92
100 393 33
262 309 65
175 384 18
335 338 39
78 338 10
249 319 98
79 472 78
134 205 45
74 409 22
43 240 58
45 462 78
1 163 2
330 382 75
226 437 99
154 198 47
103 115 59
265 289 37
397 458 3
16 336 41
203 455 35
129 159 82
377 483 59
173 359 98
155 366 38
252 397 26
383 459 17
314 410 69
181 244 10
208 321 9
21 248 12
48 484 13
213 466 29
83 146 52
99 478 21
52 265 92
119 303 22
18 243 64
253 379 91
250 479 13
78 253 82
31 327 13
365 496 28
113 465 10
356 387 33
105 267 66
11 460 91
10 73 35
468 498 17
163 353 99
123 384 75
428 453 58
221 284 21
113 494 21
170 364 16
40 495 68
13 347 90
86 136 52
248 419 24
303 468 79
133 483 66
162 324 23
146 147 1
75 451 59
206 234 69
174 241 5
161 457 77
160 446 73
235 312 52
60 380 75
24 49 70
240 429 8
293 492 41
362 413 19
1 133 50
52 82 54
54 226 16
0 289 84
53 101 34
240 425 2
47 244 8
311 315 4
109 229 53
65 335 24
189 491 64
128 394 49
355 417 95
164 404 53
55 306 64
60 221 85
35 168 16
231 355 33
304 424 18
26 422 59
67 283 58
32 432 60
191 403 75
335 460 12
301 451 98
4 107 58
308 381 27
22 436 39
410 431 25
383 409 93
52 55 68
89 302 83
25 238 38
75 293 54
43 105 54
145 312 28
193 445 34
294 387 40
