500 5500
0 59 50
59 104 1
104 105 54
105 138 65
138 178 83
178 204 10
204 207 95
207 220 83
220 223 68
223 230 1
230 262 21
262 270 35
270 347 17
347 399 87
399 417 17
417 478 65
478 493 28
493 499 66
462 473 53
47 345 47
442 463 6
286 430 91
77 204 55
6 18 16
46 260 23
459 492 62
89 113 57
442 472 67
127 418 5
358 427 11
42 137 16
337 386 26
296 312 35
87 450 69
216 329 40
188 350 14
400 403 47
155 370 17
218 463 5
33 249 93
168 270 96
143 325 61
51 297 99
77 173 76
192 367 6
244 354 81
43 367 76
29 258 49
274 352 55
38 155 78
9 343 22
169 423 80
311 423 69
246 468 11
154 156 94
126 162 78
142 278 92
37 349 94
437 482 90
317 411 66
179 424 19
233 272 51
168 493 35
9 186 26
445 447 52
405 426 52
42 228 22
184 385 55
10 354 32
237 291 74
128 225 75
291 340 35
5 76 64
20 307 98
90 431 80
333 392 51
376 441 91
53 339 72
11 297 26
37 491 21
352 372 91
228 405 43
4 386 70
80 123 26
456 498 72
126 144 89
293 422 83
68 177 68
54 303 13
189 215 90
181 415 65
198 332 9
48 79 70
102 323 84
49 92 53
163 295 50
320 329 2
352 472 40
7 170 68
133 390 32
266 424 41
119 133 12
70 109 11
15 265 71
173 422 90
180 197 37
256 391 6
9 288 83
328 337 51
322 438 40
81 440 84
70 223 39
170 459 70
165 358 83
49 477 67
17 437 45
113 486 29
76 197 81
81 250 77
329 470 15
53 164 38
59 342 30
190 396 26
82 343 10
243 372 32
168 305 48
128 246 22
26 91 46
422 483 63
251 434 2
268 437 58
313 412 15
15 363 6
245 466 25
336 344 66
156 365 62
62 382 25
61 173 76
218 390 65
108 425 20
19 152 63
180 404 3
370 390 100
163 186 69
84 353 41
241 245 14
98 274 41
82 112 70
97 469 84
20 492 50
139 208 45
135 267 42
49 297 86
217 401 88
479 493 75
247 255 48
387 499 46
33 46 39
274 332 39
6 321 81
260 394 61
55 406 11
60 272 82
258 410 75
65 110 7
325 456 28
275 445 1
96 228 91
181 315 77
13 401 80
248 385 66
148 309 64
122 278 43
104 128 34
125 304 34
168 276 16
267 390 60
95 460 71
15 333 52
92 363 91
286 426 32
281 379 15
171 280 54
196 255 62
103 294 29
298 339 23
283 352 40
149 432 57
199 314 76
22 148 39
364 392 5
46 143 42
318 365 15
5 488 68
309 367 91
114 185 50
156 300 79
169 426 71
77 227 64
318 417 82
316 328 20
169 416 44
141 308 13
411 464 70
99 144 51
453 476 23
215 327 88
178 209 20
177 451 63
109 298 51
265 439 45
234 359 43
248 370 22
281 292 31
226 382 80
93 274 96
24 38 86
29 140 11
63 171 82
178 258 77
142 363 70
235 488 12
120 477 35
81 399 51
152 262 45
10 169 7
42 266 16
296 415 8
47 310 25
239 424 90
59 233 73
86 218 58
306 327 2
32 240 40
167 255 50
55 172 3
45 132 76
144 226 18
136 247 19
118 304 87
412 436 39
34 113 82
293 482 44
456 477 34
168 212 90
60 119 94
352 490 93
128 370 62
125 153 44
232 352 37
330 457 88
79 236 34
210 470 62
72 492 67
126 428 30
67 256 30
254 362 88
114 220 73
289 365 31
95 248 3
227 333 43
245 394 4
322 347 75
260 371 37
319 469 22
32 49 58
264 401 5
204 281 32
1 319 70
63 310 3
380 448 88
138 293 35
22 171 85
222 395 51
123 218 62
65 387 64
152 157 84
114 369 14
18 365 97
408 461 26
100 366 70
227 325 33
169 394 48
202 348 37
245 453 72
319 494 38
58 99 93
112 231 51
17 349 38
284 469 21
421 425 98
248 368 48
194 486 69
277 317 24
3 242 56
27 264 7
71 492 73
369 407 6
108 112 90
375 436 96
347 426 51
206 464 1
89 200 96
311 315 54
289 447 87
12 490 84
189 439 45
387 410 18
121 255 58
150 183 56
169 217 33
80 369 59
252 415 18
301 379 31
247 336 87
175 376 19
54 320 56
107 420 36
137 444 100
91 439 12
103 209 27
150 268 66
271 479 75
354 393 82
303 409 90
111 314 19
156 405 78
176 469 4
211 487 34
102 189 38
288 451 53
10 269 98
442 452 43
350 423 8
143 294 66
261 287 88
8 367 39
126 263 70
73 343 89
141 440 28
386 408 60
83 194 64
255 406 84
11 162 21
307 373 25
2 330 98
26 160 37
18 252 6
3 392 15
64 352 7
80 408 97
58 109 70
256 344 78
128 344 41
40 82 53
373 476 35
69 439 89
114 317 12
253 458 18
311 442 84
47 195 98
32 182 67
187 414 28
178 391 100
251 270 7
154 381 52
111 468 54
86 193 18
148 364 89
122 388 93
150 337 22
21 95 40
40 476 88
289 422 83
273 461 12
131 277 40
329 351 100
181 443 3
319 417 97
228 399 39
30 456 27
55 304 23
17 259 18
144 450 91
81 276 6
53 137 49
217 282 35
227 354 1
243 430 65
7 318 79
51 310 50
58 273 74
165 227 99
38 226 1
177 303 70
53 485 55
108 147 97
101 327 4
234 266 57
14 15 31
253 377 99
22 285 75
122 288 73
179 180 5
226 471 75
58 85 54
275 456 2
319 351 14
164 420 66
159 427 94
239 372 46
308 370 91
80 383 17
330 380 38
28 50 52
228 465 92
436 493 66
17 361 50
98 485 99
83 427 1
83 123 54
118 499 34
285 447 58
200 244 7
290 498 41
156 164 64
177 221 66
74 265 79
217 375 96
301 358 27
88 175 35
96 353 3
175 240 14
73 402 20
43 245 30
83 124 20
176 299 42
270 496 64
326 456 61
143 363 51
164 364 78
80 415 38
89 258 62
181 238 92
263 374 93
298 391 64
218 409 51
144 355 51
86 328 89
148 301 63
1 101 92
50 261 36
276 277 65
452 497 5
72 305 93
62 340 75
176 253 76
297 301 49
58 235 23
64 466 35
273 437 41
368 385 93
104 341 89
409 417 60
7 98 12
341 451 13
0 19 60
444 489 75
366 367 56
85 297 68
395 405 25
15 152 71
317 389 56
187 372 13
94 372 82
235 480 47
210 349 25
296 497 61
118 465 60
445 465 25
385 410 15
177 292 41
391 496 63
83 307 26
18 168 80
244 352 46
90 95 38
63 345 10
40 493 63
16 79 81
29 164 25
101 163 18
5 206 30
48 376 64
187 366 3
107 192 70
60 255 26
275 477 42
163 240 18
37 474 83
31 480 100
78 112 83
145 461 62
284 287 70
178 369 28
141 401 47
125 438 14
215 292 68
51 66 67
76 262 13
35 78 40
246 463 75
114 482 22
71 111 18
3 95 43
55 463 11
43 446 32
237 269 48
2 340 27
126 196 35
250 334 37
93 227 36
394 479 67
158 495 44
382 488 35
444 450 78
198 312 70
49 283 60
247 470 53
153 451 1
134 229 4
290 346 87
244 308 75
105 420 42
39 402 3
31 293 9
198 262 75
180 480 82
105 123 91
419 454 29
159 495 78
307 320 6
139 284 38
234 318 64
175 489 9
45 329 91
336 376 30
236 368 84
223 246 38
200 356 47
89 287 59
105 175 97
199 280 7
256 450 36
325 466 97
108 462 97
281 488 57
53 421 69
32 177 79
461 478 93
14 463 99
386 471 69
14 337 59
85 212 53
155 263 39
197 332 84
172 328 24
96 470 44
27 191 27
302 342 46
22 307 80
28 499 60
90 254 84
108 115 100
31 55 28
205 475 16
149 285 27
396 399 7
14 78 50
315 347 14
191 412 1
235 401 88
156 341 65
59 123 84
50 302 86
50 219 11
28 297 76
28 243 2
400 424 50
190 395 59
209 387 70
114 465 9
102 486 49
1 412 46
372 444 82
335 374 39
4 412 39
146 292 81
3 10 65
129 316 74
367 374 6
249 375 77
16 130 91
2 146 36
8 229 64
108 457 52
31 377 66
195 235 30
36 164 85
299 354 90
258 279 44
282 480 77
21 427 44
60 445 21
4 222 69
13 313 15
202 210 82
227 482 11
4 262 2
42 392 44
92 369 10
113 458 32
62 344 38
369 409 32
17 257 82
40 183 77
202 356 51
4 484 39
100 180 67
113 305 92
424 440 28
110 392 19
110 123 30
163 406 24
403 420 16
112 352 23
29 162 61
383 431 44
117 368 65
27 300 10
230 474 60
58 160 89
205 238 63
65 385 54
66 438 38
106 299 81
187 364 30
396 423 31
106 146 72
248 389 66
28 190 99
119 244 33
168 246 79
74 239 55
276 430 49
176 498 55
109 199 60
234 426 1
202 460 36
149 284 17
37 357 62
164 409 68
139 459 46
254 415 33
153 173 82
14 237 22
21 53 28
85 470 1
317 370 83
97 343 26
80 226 62
288 419 4
288 366 49
185 418 15
171 388 75
48 120 100
98 271 91
260 281 34
393 476 74
45 275 47
144 210 87
319 401 1
0 29 11
276 464 59
8 112 2
328 419 64
244 350 65
122 306 55
133 200 72
110 203 77
237 404 66
209 267 2
27 445 93
87 434 74
17 352 21
320 392 13
240 260 60
311 340 49
145 168 92
52 222 53
110 115 68
389 414 70
220 376 86
14 122 49
202 206 68
176 374 48
255 337 16
193 329 76
65 431 75
332 361 63
51 202 13
3 429 56
138 465 27
267 331 32
181 330 63
65 271 72
51 212 39
150 407 35
60 467 62
8 150 27
122 131 73
91 215 77
398 492 99
406 414 33
200 461 41
352 450 13
111 438 88
211 430 56
81 246 23
32 100 4
92 409 50
195 403 71
122 272 74
246 353 25
415 449 26
204 485 36
150 206 33
171 319 90
97 253 56
151 174 66
440 485 57
490 495 85
141 356 53
137 190 40
35 354 88
141 486 41
338 430 53
105 154 88
415 439 77
258 446 1
142 221 80
235 448 12
329 358 93
290 404 55
450 483 88
33 365 17
3 263 65
182 188 23
235 276 82
13 99 4
246 480 37
259 285 6
185 450 7
175 463 44
14 382 93
148 444 62
276 295 59
296 319 80
36 307 85
8 154 60
9 317 5
297 420 4
217 400 11
316 481 6
286 470 4
149 229 74
132 370 49
34 207 18
93 94 18
209 278 48
325 435 52
52 93 98
210 253 40
233 303 86
404 458 87
65 402 61
340 401 95
351 352 21
146 270 29
48 400 45
150 208 39
47 270 91
219 267 3
329 347 62
167 330 52
294 366 41
420 462 39
84 442 62
321 376 24
143 444 13
230 325 100
42 93 66
90 499 74
147 264 55
226 487 30
20 165 40
91 155 11
70 127 60
203 378 29
195 393 5
292 295 34
225 300 56
41 80 31
164 490 31
107 492 34
10 260 14
278 342 56
141 412 47
97 361 29
76 203 2
425 491 40
79 458 6
158 352 31
81 300 75
260 498 11
127 446 65
300 404 31
131 463 95
5 42 26
132 311 71
16 293 29
168 233 2
364 435 76
205 326 40
367 442 21
433 482 14
73 176 35
54 416 30
11 216 22
292 464 8
168 463 91
335 482 43
80 299 62
354 373 24
400 433 56
131 446 88
175 462 72
201 453 6
250 308 10
58 103 66
440 459 24
272 370 14
74 477 44
28 485 54
208 407 44
142 304 27
92 192 43
82 181 62
165 323 23
83 245 17
179 493 15
18 282 51
144 478 64
272 285 78
114 322 1
106 231 9
122 281 64
161 320 25
8 375 4
199 362 28
244 378 3
210 453 1
183 485 81
400 457 67
67 198 86
59 498 35
150 375 39
76 87 47
42 68 16
312 382 1
336 359 62
204 464 95
204 327 65
27 91 24
88 411 21
130 321 77
141 446 18
225 433 55
120 414 64
227 231 83
328 414 93
72 108 37
156 417 93
110 131 97
220 433 11
311 402 9
111 253 73
313 461 80
49 106 14
81 290 73
371 391 84
24 173 49
190 356 93
143 160 68
79 135 91
241 472 7
68 313 93
130 208 19
410 413 37
96 233 70
31 225 67
283 390 86
134 494 83
216 344 24
174 232 31
209 326 47
117 136 76
186 345 7
72 144 29
249 279 33
260 345 58
36 437 21
197 201 68
39 171 97
352 476 97
332 421 74
340 473 46
91 312 55
330 487 26
182 279 53
31 235 51
76 215 77
119 171 99
274 321 48
142 444 11
188 239 80
228 372 81
99 291 85
49 269 41
123 192 5
434 439 51
433 474 33
165 453 4
141 261 97
105 422 54
136 438 32
82 442 23
411 473 29
411 481 45
295 350 37
378 473 69
40 151 67
12 110 10
143 476 60
242 436 1
27 164 43
361 381 75
263 311 57
5 24 5
79 378 59
128 382 83
22 139 49
64 134 8
1 46 67
460 470 10
310 330 8
153 282 27
374 490 62
180 209 27
43 357 50
92 161 39
32 421 69
234 477 2
289 397 66
291 354 96
178 268 15
103 348 18
62 479 92
0 225 62
289 346 12
434 467 8
57 386 86
0 222 43
22 439 94
140 488 68
26 169 57
381 420 53
205 364 5
311 356 55
258 440 65
157 252 84
258 393 88
261 499 37
48 365 11
172 445 34
414 436 97
105 456 2
122 138 7
85 305 15
187 437 12
405 466 58
42 114 59
18 99 46
348 356 86
43 90 30
56 133 59
480 493 28
191 234 17
248 380 52
386 412 40
221 268 52
7 457 18
82 276 94
253 313 79
98 239 43
27 173 80
189 247 17
173 270 60
369 417 44
295 367 75
60 120 67
486 490 41
9 220 52
234 330 3
93 136 50
22 398 51
45 285 42
350 405 97
32 123 34
85 263 35
314 389 61
66 278 88
172 484 85
119 404 92
306 383 44
115 490 57
238 322 50
5 442 4
286 386 22
80 282 82
50 88 5
396 422 44
370 377 26
357 376 11
25 446 90
26 401 75
227 301 45
224 296 49
61 365 11
248 274 10
182 204 94
32 373 35
42 105 13
158 443 46
277 316 42
195 357 80
333 428 28
85 438 34
17 405 67
306 458 91
64 290 32
167 466 85
39 394 97
297 363 16
26 491 27
394 464 60
59 81 2
99 379 49
231 268 89
333 407 100
223 361 35
70 153 16
85 446 93
350 373 7
312 479 34
39 45 82
174 286 64
65 69 59
271 451 46
361 387 81
48 142 82
62 168 33
186 402 65
366 390 8
399 426 72
40 248 23
95 300 48
20 319 46
274 370 93
43 208 80
389 462 26
27 276 31
403 491 78
286 469 96
377 399 79
109 185 57
409 424 18
58 93 87
237 454 19
270 329 33
315 467 62
123 494 68
29 484 2
94 283 43
214 380 9
114 168 41
188 397 78
238 392 56
112 441 83
6 395 27
131 312 47
219 477 25
274 498 54
75 291 33
76 477 48
307 407 32
328 346 75
23 337 36
181 430 51
92 211 26
197 299 30
94 150 62
481 482 23
13 344 85
2 208 88
97 450 93
60 434 53
48 193 96
150 457 68
54 171 23
378 381 17
392 483 90
158 334 100
28 309 80
43 296 76
61 203 32
100 487 98
164 499 32
229 349 76
14 59 18
148 363 89
111 481 69
67 217 39
229 232 47
93 99 66
189 479 46
79 316 55
123 304 91
106 330 66
340 374 90
32 54 84
12 13 64
363 460 8
164 449 49
301 458 10
67 377 4
74 165 54
272 489 30
114 418 17
36 313 82
0 423 14
341 414 52
84 242 30
21 146 91
360 373 23
104 323 71
99 494 60
154 395 30
214 477 84
275 490 81
115 166 26
426 493 8
151 178 88
52 316 29
221 348 10
25 411 76
120 233 56
298 495 29
179 374 59
21 258 97
102 103 4
257 300 41
38 295 44
51 152 93
253 258 30
159 347 100
215 365 2
12 480 19
237 403 23
48 133 2
31 53 85
432 477 76
117 463 85
18 153 69
144 146 53
53 475 80
11 431 43
379 384 13
154 435 42
416 482 78
109 328 25
307 328 83
188 284 40
21 266 32
87 387 97
73 148 9
199 487 56
330 420 87
369 398 54
89 222 52
351 468 84
340 400 69
96 174 100
46 122 8
131 404 57
49 73 10
282 499 47
405 453 92
170 334 59
128 267 65
14 43 22
50 284 55
182 269 84
106 122 61
276 484 31
159 449 36
146 263 48
59 107 97
411 476 30
26 183 95
10 266 10
217 491 64
455 466 84
97 462 74
41 128 95
1 339 3
118 239 60
139 428 50
212 384 55
144 264 30
379 407 72
347 376 9
407 408 87
363 378 39
121 188 47
52 68 95
76 467 81
206 409 40
347 408 24
295 373 60
49 330 5
297 377 27
82 259 91
240 425 40
268 421 39
32 95 57
323 346 46
65 278 26
482 498 84
369 491 40
67 289 26
97 407 77
37 379 9
199 330 48
9 456 14
59 210 63
266 401 70
55 155 69
126 441 33
24 308 86
182 207 3
51 388 39
415 482 29
187 334 81
234 344 98
64 106 37
125 134 25
349 394 14
385 467 95
33 48 92
14 177 21
338 411 5
117 439 90
217 219 85
210 224 51
65 419 32
0 404 45
385 399 29
23 135 81
359 450 57
257 458 77
127 392 19
295 435 33
166 235 7
140 150 36
113 444 88
135 338 80
72 468 73
351 355 97
6 355 82
189 327 25
135 497 66
38 63 71
274 331 76
222 430 38
173 179 87
335 385 95
335 424 44
14 250 71
366 382 3
385 400 58
286 309 46
283 428 6
124 487 20
33 158 55
120 326 95
41 460 19
265 273 38
322 358 59
305 315 59
384 406 52
135 369 86
53 348 1
192 366 97
302 415 99
128 449 66
30 209 98
167 401 93
242 444 82
143 401 14
61 478 75
204 465 51
112 412 30
8 478 72
35 219 19
63 381 76
82 208 15
85 86 82
58 460 31
68 181 66
37 112 36
299 333 13
66 328 56
341 440 10
280 398 65
367 413 63
170 471 82
249 450 50
239 473 13
386 458 48
264 344 71
33 239 43
99 360 17
162 207 45
311 348 64
6 129 9
6 141 8
385 498 39
72 392 47
52 160 88
23 79 75
174 287 32
45 452 12
235 254 81
299 394 14
43 234 52
281 451 91
446 480 23
231 438 83
52 77 45
165 174 66
250 260 64
196 373 89
281 439 92
334 486 31
128 285 44
233 473 87
68 388 51
62 338 29
119 207 47
246 373 82
194 387 100
12 309 79
93 264 29
213 383 77
88 244 52
309 360 70
217 487 71
68 353 96
271 306 82
321 441 26
182 246 6
233 305 47
66 362 97
68 120 36
250 431 47
113 309 81
144 358 21
117 265 91
397 483 35
30 459 45
216 423 54
431 467 98
188 341 30
478 490 65
58 71 12
355 487 52
271 476 83
217 335 83
413 467 73
27 114 42
243 253 76
228 302 87
307 449 83
55 227 49
111 329 87
18 184 16
37 236 26
339 417 34
260 333 82
393 452 65
39 392 35
76 458 50
211 391 86
258 459 97
98 294 87
304 432 29
146 260 26
317 363 72
174 402 34
113 121 18
244 460 76
342 490 33
120 415 50
170 297 87
1 17 93
251 404 97
194 210 5
215 391 25
89 451 67
168 409 5
384 460 66
31 385 74
89 140 36
57 443 77
25 153 49
5 276 86
169 474 12
189 421 38
279 452 44
414 483 57
25 149 74
194 409 78
36 460 44
304 463 94
196 347 46
102 358 12
352 406 70
52 289 71
287 481 3
180 288 28
441 487 44
227 367 18
110 345 42
150 241 9
257 461 99
417 438 97
192 359 73
187 262 79
80 382 17
7 311 35
54 446 61
287 460 29
175 236 16
115 156 23
83 214 76
109 159 35
84 215 70
17 372 99
113 417 27
112 410 34
24 99 98
127 327 15
137 369 78
43 185 67
147 270 18
179 353 13
144 347 74
315 456 11
315 333 17
236 387 44
104 196 83
79 145 100
160 433 88
61 301 49
374 386 26
83 204 93
139 378 76
210 368 94
64 470 2
149 182 51
181 337 7
111 392 37
256 284 75
194 293 88
182 449 38
267 469 27
239 307 81
356 388 41
104 375 23
359 373 50
303 370 6
81 99 20
248 335 82
64 307 88
163 394 21
208 250 22
132 268 33
121 416 98
10 391 77
17 419 14
43 207 48
205 335 2
36 237 57
84 399 58
118 235 90
133 319 13
155 337 46
101 194 60
228 484 35
183 312 13
313 319 9
130 276 79
80 387 79
221 222 67
466 499 92
46 463 69
123 180 51
15 116 80
329 379 17
333 443 10
415 423 42
296 310 62
135 332 41
180 291 27
300 434 80
219 381 82
237 436 42
342 367 67
199 248 35
38 207 28
352 394 57
102 178 62
56 466 52
39 438 44
205 470 4
61 151 34
120 412 10
75 95 61
85 160 76
177 343 61
127 162 38
109 446 2
163 179 99
342 380 34
228 273 19
5 334 57
101 412 73
142 195 1
6 82 81
143 268 95
321 397 56
57 250 77
123 317 2
63 374 75
183 375 7
304 408 33
55 114 82
180 373 65
269 397 92
51 499 84
43 286 73
298 440 11
47 342 90
148 478 83
217 406 96
133 161 31
249 402 32
160 408 77
156 287 63
152 274 93
218 379 27
22 168 2
81 335 38
167 240 22
407 457 84
3 6 69
109 422 65
423 496 44
6 354 58
114 275 16
124 438 41
231 372 23
221 316 54
295 374 93
33 206 64
26 471 34
185 345 90
136 208 76
49 390 93
0 323 53
391 494 41
96 103 36
79 375 15
89 209 31
285 486 64
279 380 52
81 459 28
82 238 70
409 427 16
247 257 35
251 427 32
135 281 71
267 407 54
318 354 90
265 278 95
449 461 89
8 454 20
104 456 40
39 277 46
100 317 98
6 142 88
190 359 67
64 72 18
16 87 79
6 351 28
75 253 33
423 467 51
169 388 13
220 488 16
17 200 11
106 453 41
56 418 72
158 321 13
365 465 55
104 317 84
256 452 13
44 70 13
265 324 60
38 382 75
355 421 17
23 469 21
112 289 89
89 131 36
458 462 42
137 347 73
122 314 81
252 294 78
151 434 88
153 170 68
318 358 96
208 386 35
320 474 32
121 450 24
95 475 79
227 277 71
155 280 82
78 437 30
277 288 73
38 128 5
452 463 44
146 172 11
371 445 96
364 412 10
62 144 19
276 318 58
77 223 62
218 455 97
22 400 16
121 283 89
416 492 83
10 36 88
13 217 5
135 333 89
249 301 66
9 178 70
89 220 2
54 437 34
110 249 24
49 230 2
185 459 45
217 342 15
185 394 12
109 273 66
158 478 84
133 145 94
47 240 71
222 408 66
75 274 13
274 357 1
83 87 26
33 451 22
46 178 21
308 450 17
309 460 11
75 466 7
112 394 17
66 142 88
389 479 12
454 481 20
319 357 36
182 213 27
101 121 76
183 393 53
16 31 66
132 486 78
331 354 66
166 241 17
71 196 95
129 409 99
374 426 1
230 335 26
185 437 66
37 279 73
169 462 67
46 313 5
77 455 99
54 445 9
82 103 19
54 283 63
224 227 93
83 386 52
2 128 37
245 414 25
232 281 51
96 459 100
53 220 19
17 120 72
37 302 43
217 304 31
432 466 96
47 148 64
17 231 22
300 427 57
173 337 20
126 139 80
245 304 13
12 222 6
6 301 39
147 470 26
257 372 81
87 478 70
147 158 55
281 332 88
421 491 67
364 393 99
269 402 50
208 307 58
266 447 7
60 240 38
114 340 53
71 128 45
82 435 36
119 176 28
99 325 33
156 307 32
32 252 7
297 492 39
138 152 76
187 480 51
137 147 51
21 389 94
66 98 56
87 360 67
11 371 73
88 203 41
176 455 74
302 397 54
9 441 18
323 359 5
268 455 22
17 478 89
268 394 94
84 167 43
307 346 83
7 148 99
165 267 95
117 383 79
59 492 81
83 129 75
118 162 93
25 399 93
84 387 5
190 392 25
22 202 38
257 413 49
268 410 27
270 335 60
124 206 91
199 418 15
86 145 71
94 252 31
54 218 16
151 472 4
1 3 54
198 320 5
155 215 35
182 408 15
21 298 11
68 386 34
362 363 30
70 154 14
145 183 62
260 310 35
19 393 39
354 397 46
37 360 19
206 457 81
288 362 34
94 343 71
31 72 37
220 319 67
28 424 73
195 343 55
15 23 40
75 403 37
390 443 61
185 259 29
66 165 34
195 197 42
304 494 29
330 351 88
68 153 98
309 449 7
289 295 39
90 173 75
24 79 29
303 388 35
40 303 50
9 462 18
14 230 62
368 421 53
191 383 32
22 267 20
48 163 65
65 152 85
12 180 46
246 472 51
160 231 44
175 260 87
75 410 72
233 251 25
364 375 98
358 375 8
418 442 54
157 451 61
47 70 96
174 486 35
46 199 41
222 379 59
244 480 33
264 421 13
158 342 77
326 468 89
323 383 69
287 365 50
130 182 100
177 286 69
2 80 8
68 453 54
280 310 4
237 370 94
95 226 65
0 302 65
210 414 91
426 443 22
215 437 30
155 342 8
289 415 96
159 277 50
118 201 7
285 317 93
254 489 13
110 294 30
104 378 67
277 431 91
94 471 80
261 495 18
227 356 16
13 430 5
69 126 79
89 439 93
391 493 13
198 379 96
365 392 87
114 445 70
185 442 1
221 232 64
168 427 34
35 319 75
337 417 64
69 142 79
181 284 11
12 15 54
69 198 91
31 357 8
194 278 9
273 308 18
282 336 92
301 476 41
245 437 4
22 87 14
255 323 72
259 370 82
19 230 71
67 168 18
65 73 43
47 492 89
216 385 86
92 476 68
374 425 65
4 308 17
214 253 38
224 468 46
10 352 96
28 203 63
168 394 14
33 238 21
98 445 88
73 137 19
113 280 61
81 454 93
351 451 76
295 428 54
273 423 68
29 98 1
296 483 99
61 254 16
228 347 37
4 226 88
210 482 86
206 448 29
176 224 48
194 447 24
168 454 80
161 330 42
268 432 69
0 291 65
117 426 45
2 264 88
279 371 50
144 232 26
47 437 22
219 354 99
96 366 28
385 422 100
236 364 64
35 174 85
235 362 79
290 478 6
55 57 31
15 77 34
33 419 14
15 165 33
253 397 13
244 488 34
299 498 78
140 499 67
229 406 53
283 444 68
286 361 46
241 352 1
21 459 87
201 335 38
158 343 60
15 389 85
55 135 8
300 413 52
31 473 35
39 285 61
263 293 61
119 365 96
51 324 84
171 475 79
384 389 26
47 372 30
424 444 66
69 462 41
296 434 90
139 233 43
140 450 98
82 432 95
241 303 92
176 324 10
157 435 41
119 157 76
168 492 54
44 48 45
63 280 44
64 262 87
191 250 8
155 180 19
123 387 44
159 288 8
75 375 56
138 147 82
48 343 29
364 403 65
330 353 88
125 433 3
92 197 33
233 433 77
112 230 36
352 447 66
59 454 44
20 441 78
280 497 64
135 410 13
11 374 2
123 475 74
176 441 30
430 467 93
147 184 85
324 353 79
130 489 94
295 406 56
297 380 88
295 450 31
157 310 68
136 428 21
43 330 29
371 434 73
256 263 11
192 480 26
181 237 69
342 370 12
104 273 26
72 175 18
384 482 76
117 215 76
284 465 79
128 215 40
72 443 37
297 358 72
40 332 2
32 103 78
68 403 86
180 265 100
91 306 15
212 427 65
109 445 41
90 187 73
134 355 34
332 474 56
133 344 76
238 352 37
153 232 46
83 134 2
205 233 52
60 147 62
166 411 9
2 63 83
184 326 1
31 154 96
158 377 36
237 259 95
169 342 26
49 444 83
52 87 55
332 491 25
200 369 75
116 173 49
84 148 38
60 113 69
253 410 17
94 404 6
382 480 54
294 438 78
47 320 1
399 438 17
79 349 69
305 313 38
9 174 49
101 393 40
86 220 20
11 280 51
272 312 6
212 396 77
57 307 57
27 278 4
432 484 46
6 134 93
102 285 53
178 469 53
48 102 10
279 478 36
452 461 91
52 169 62
275 381 4
147 221 33
196 242 84
0 151 30
233 286 26
79 398 68
154 247 45
184 331 31
69 476 59
288 386 57
24 163 23
137 159 83
320 405 12
295 464 39
74 245 27
147 335 43
243 394 99
255 292 94
457 493 30
250 297 54
124 458 10
287 457 25
355 377 41
7 117 16
127 405 55
189 408 16
2 115 68
167 335 61
100 389 49
10 375 42
172 354 22
86 197 36
32 93 85
292 381 42
361 453 49
14 305 53
391 445 11
9 496 21
29 278 12
26 380 100
101 364 43
120 254 61
341 492 18
274 450 50
118 185 53
34 373 22
287 326 38
44 346 63
57 141 35
205 455 84
158 281 55
102 210 87
100 467 74
124 441 66
126 393 4
169 483 79
310 438 68
5 284 64
330 337 7
243 441 17
273 348 46
97 353 21
233 339 60
341 462 34
236 470 5
199 268 45
152 313 52
85 375 58
128 396 43
51 465 78
45 225 65
36 274 93
39 306 44
241 450 7
40 278 54
392 446 76
173 330 74
178 484 48
170 276 16
14 484 85
221 276 17
225 267 90
103 188 21
3 278 99
146 369 1
388 485 14
13 259 20
61 135 97
61 251 17
190 414 27
164 289 39
129 357 28
44 166 32
186 251 89
240 369 46
11 242 44
17 436 95
54 209 100
213 391 56
228 398 37
169 245 46
152 175 8
38 201 100
310 319 3
204 225 90
0 474 91
383 385 72
127 219 14
40 179 23
248 359 14
342 447 73
132 205 77
177 484 12
66 469 48
55 84 13
115 387 29
3 15 35
489 497 63
0 242 59
152 281 74
85 316 35
56 462 78
125 239 19
248 458 47
102 481 3
222 321 5
351 429 90
323 441 90
123 187 67
262 408 93
138 331 23
208 318 51
103 225 58
117 194 55
259 284 21
52 393 45
52 215 90
47 370 41
330 422 84
151 467 23
54 281 33
81 413 53
1 242 66
145 233 95
239 416 5
75 430 84
219 416 30
350 439 13
370 440 8
211 255 19
433 467 20
47 477 42
61 112 98
158 229 14
107 472 7
162 188 79
92 189 31
111 228 78
366 471 42
74 188 15
175 283 55
329 335 87
252 362 76
139 147 95
21 220 82
282 373 1
453 473 83
55 213 50
1 193 57
53 303 100
138 448 38
135 200 42
85 466 2
62 346 9
102 333 45
121 208 63
291 449 68
61 149 68
125 234 28
159 219 54
228 263 87
236 457 8
339 409 87
140 274 30
402 480 75
94 220 11
384 463 28
220 351 20
217 374 97
41 305 45
291 440 41
58 463 33
361 473 15
411 468 18
80 380 84
120 136 49
176 425 34
86 384 1
111 315 85
28 139 86
2 447 61
118 192 47
347 467 84
76 227 95
238 367 72
117 213 20
284 387 16
239 489 25
105 411 38
265 281 14
95 211 36
44 433 53
327 491 74
288 478 24
50 369 16
130 335 92
218 381 1
131 331 69
189 227 11
231 245 22
28 59 1
19 264 11
245 334 30
149 287 96
6 23 84
273 455 52
94 341 14
48 479 18
71 341 78
221 412 81
236 252 54
41 138 88
123 158 64
17 458 32
49 338 99
17 454 56
14 450 80
72 342 40
98 224 77
317 401 49
107 124 42
142 220 3
165 346 69
91 146 69
87 272 59
201 420 9
80 357 40
27 345 80
325 430 76
228 375 43
68 476 38
245 264 27
252 450 26
59 328 100
332 391 9
266 313 100
147 412 43
134 385 19
230 282 35
394 482 59
99 201 99
30 90 7
232 463 69
193 427 11
39 489 70
193 338 34
357 483 13
99 233 20
351 406 31
361 492 96
184 262 96
3 231 14
180 287 72
463 473 70
348 448 89
43 376 77
264 282 42
386 402 38
133 293 21
22 467 88
126 398 82
182 210 25
202 378 33
272 460 15
59 145 90
176 231 72
239 262 2
88 188 39
175 390 60
183 256 70
224 314 49
338 431 16
39 162 70
34 95 13
177 429 86
121 143 68
397 485 79
126 487 99
30 290 21
434 452 47
124 259 73
453 492 47
271 414 58
38 232 29
57 279 82
1 385 47
128 154 51
84 90 2
206 369 26
167 254 73
365 425 67
379 435 65
167 399 49
233 385 9
66 313 5
158 328 55
136 263 63
99 363 25
153 310 80
176 291 39
30 377 32
43 243 70
94 296 66
344 449 63
152 414 19
206 316 65
103 340 85
106 142 17
45 143 80
130 377 4
2 132 1
156 431 61
77 499 63
191 232 30
195 340 59
343 467 51
277 481 97
280 376 90
205 361 20
202 473 28
12 487 65
31 169 95
209 429 24
291 305 72
92 297 73
49 116 68
183 427 9
83 432 41
194 367 19
5 190 14
100 192 3
112 421 53
40 356 9
257 311 76
158 269 15
213 455 47
311 453 46
255 266 71
20 82 79
113 466 50
334 402 90
47 408 43
252 493 73
22 47 89
360 430 2
81 294 72
219 481 87
96 442 11
226 396 32
115 155 61
125 467 78
361 495 22
2 92 17
345 463 9
263 357 21
361 431 79
6 160 31
222 383 47
244 426 38
98 488 40
364 445 10
135 213 41
112 474 69
214 486 44
323 447 99
108 399 44
82 479 43
25 154 56
412 497 90
36 115 63
82 445 79
79 190 67
173 421 2
370 380 37
9 154 70
94 325 49
129 288 57
151 253 97
396 471 99
256 443 58
112 222 39
256 401 75
233 419 94
131 156 52
153 234 72
100 233 41
355 449 16
16 426 28
190 330 19
109 249 95
165 422 60
76 158 30
104 453 11
65 384 29
242 396 87
92 400 59
21 491 48
10 60 26
20 310 56
112 180 71
325 443 74
413 434 99
44 231 91
119 443 54
131 473 12
183 371 85
161 449 25
110 463 54
281 418 35
231 392 38
34 353 72
84 175 54
174 266 3
217 323 96
34 269 89
118 424 47
218 451 80
232 319 53
368 488 54
33 373 45
199 359 82
118 193 85
68 233 36
374 478 54
342 440 3
70 329 22
166 337 81
435 472 9
119 215 83
296 362 48
175 212 18
26 95 14
130 211 63
58 201 84
361 424 5
239 466 68
257 275 64
212 482 87
179 436 80
340 365 67
325 416 57
39 271 49
307 423 13
21 227 44
35 146 27
302 318 36
264 464 81
108 279 53
237 414 54
154 281 72
210 335 30
358 360 58
130 235 27
342 419 71
341 418 75
75 413 99
277 394 5
136 215 65
450 455 23
34 152 8
36 280 68
365 432 87
161 405 64
95 280 45
380 497 51
169 341 60
230 362 28
213 419 87
244 261 4
42 355 68
310 362 8
162 180 72
242 457 28
352 415 95
162 342 52
304 454 99
62 196 50
271 369 25
251 456 5
241 330 22
67 393 30
264 338 71
24 51 51
59 203 41
226 365 34
250 477 49
0 82 17
360 464 21
304 318 7
33 433 73
9 105 7
64 183 71
177 322 88
83 257 67
60 193 81
270 493 17
184 486 89
123 280 92
309 462 76
36 415 99
152 352 57
396 477 75
241 428 85
342 439 36
270 340 24
7 324 97
64 149 98
104 403 77
22 41 95
34 337 57
136 429 97
77 333 73
380 488 51
405 428 8
299 423 13
97 154 34
340 341 4
218 339 65
244 422 55
45 247 99
278 430 72
186 344 27
339 418 92
313 341 20
159 437 76
65 309 73
228 334 40
4 89 24
135 301 44
162 168 4
63 405 73
93 499 45
183 479 60
83 301 93
156 322 46
86 385 70
1 232 6
91 305 55
17 409 1
383 392 74
35 264 96
20 335 37
47 251 19
91 173 3
155 288 100
226 386 59
82 325 3
57 244 5
229 448 23
405 441 23
28 174 11
53 365 65
115 455 71
152 467 98
96 391 85
108 150 95
82 158 55
251 300 34
2 427 68
83 475 17
246 309 96
35 445 66
136 302 4
288 345 82
153 274 62
56 436 46
214 327 29
19 376 59
101 232 27
308 441 9
67 186 12
16 474 20
149 177 55
109 304 57
371 495 15
40 100 38
46 236 93
257 475 21
334 369 55
302 489 83
201 474 41
184 345 6
142 292 11
200 246 93
316 353 93
314 408 52
242 434 32
328 407 14
371 481 85
216 314 51
178 180 41
200 497 29
120 352 53
226 312 30
165 244 62
369 482 39
218 321 80
204 387 47
133 450 62
367 385 81
134 454 86
79 218 70
213 396 87
15 414 84
139 439 68
37 408 42
11 341 42
118 394 77
139 469 32
287 358 15
152 460 58
297 418 16
39 100 55
398 411 100
5 300 75
280 337 64
73 204 18
127 184 13
112 125 17
96 224 46
34 243 15
23 364 73
109 193 80
20 408 84
26 209 15
221 309 26
30 450 60
47 329 94
16 447 38
422 484 85
282 417 60
276 401 63
64 314 2
196 397 59
17 96 36
447 497 73
39 360 92
153 410 30
37 398 86
316 453 14
344 470 17
306 308 2
28 211 89
275 322 97
91 357 98
260 306 2
38 181 45
132 432 20
41 105 62
215 299 14
163 172 46
59 253 51
46 96 81
145 489 64
211 293 23
372 472 3
172 237 14
255 445 1
58 233 14
392 433 47
288 397 8
87 461 77
355 392 50
83 356 29
22 89 88
11 347 92
198 300 98
116 226 9
182 490 15
261 266 82
108 392 33
149 377 62
223 433 19
416 496 53
113 274 69
207 250 98
248 316 59
135 355 45
284 422 82
191 269 5
234 301 91
227 329 55
293 371 66
148 496 81
76 153 62
418 427 42
225 322 85
460 486 22
251 256 53
136 421 80
204 309 41
140 419 47
287 366 50
73 267 93
232 432 100
191 411 72
266 281 54
33 434 58
103 206 26
137 452 45
233 379 34
57 197 47
14 399 47
238 336 12
239 259 59
70 383 66
3 453 80
149 190 43
69 90 2
0 157 99
101 417 31
30 303 19
68 135 34
211 225 23
77 437 65
50 438 78
56 110 13
352 395 100
288 488 93
94 464 89
21 332 48
96 430 99
144 223 71
69 457 81
25 265 43
121 304 35
147 197 16
352 376 8
207 375 30
116 491 57
179 242 18
12 77 52
91 152 41
58 206 62
106 286 41
357 404 52
151 195 90
358 469 56
95 265 43
33 409 93
218 227 4
37 54 40
424 436 71
26 246 43
28 490 67
231 351 100
28 430 17
277 279 59
76 294 96
84 185 59
13 24 5
31 96 67
276 410 81
103 405 53
172 320 12
87 446 12
170 370 11
53 167 87
112 499 58
252 317 95
314 367 19
19 195 19
283 385 86
10 209 38
138 387 40
274 440 88
35 307 6
222 294 54
1 31 2
9 29 50
107 127 26
56 379 45
247 427 39
40 81 29
58 220 11
146 233 3
396 495 31
166 360 80
236 388 77
254 473 55
440 458 55
158 314 3
2 333 39
283 467 68
229 335 69
193 472 69
60 183 46
42 260 65
21 28 91
90 288 14
6 87 16
109 375 63
292 415 61
15 432 61
54 190 34
38 280 38
59 300 98
48 101 46
89 401 58
238 474 6
25 488 2
258 303 85
270 498 33
93 333 8
12 350 10
72 162 26
156 213 67
203 268 41
188 311 84
327 412 8
341 428 46
125 347 19
16 34 90
221 337 4
290 347 84
16 53 97
207 497 55
63 68 79
190 417 2
141 152 96
5 217 78
3 5 27
154 226 76
153 179 41
233 369 98
42 418 34
35 335 67
211 316 92
24 275 18
67 88 39
70 457 9
193 412 17
308 354 39
12 348 25
347 472 52
351 419 40
96 129 81
37 404 97
208 358 43
265 409 66
118 149 22
82 186 6
57 212 13
50 469 25
126 248 96
237 351 83
114 166 53
68 85 95
212 316 12
23 148 68
161 479 3
322 404 56
48 415 82
247 274 45
105 376 81
78 203 60
276 449 65
31 39 30
22 243 14
244 338 12
358 490 45
240 317 2
220 236 10
38 496 71
25 451 31
337 356 71
45 315 95
381 410 35
272 375 73
269 336 64
14 216 93
175 223 28
44 249 80
32 192 88
104 122 52
137 368 86
94 303 63
130 412 14
32 337 60
368 372 36
388 406 99
408 442 40
247 480 64
284 368 50
251 348 11
158 347 33
286 467 14
256 437 85
97 208 91
384 424 53
53 403 82
155 397 27
19 196 40
40 223 2
236 304 68
139 165 98
4 419 2
99 390 2
5 68 59
37 306 51
70 242 67
256 274 62
325 474 77
134 267 44
110 225 63
207 380 44
64 427 82
102 152 1
89 358 8
394 435 57
368 498 1
154 474 98
285 373 82
120 194 66
89 498 9
113 173 47
59 423 90
351 465 32
141 439 29
202 374 72
59 309 8
267 397 35
104 460 75
22 183 38
257 279 22
251 459 73
334 427 37
96 231 37
450 457 45
356 479 59
232 391 9
19 57 55
20 129 90
62 235 41
242 412 82
32 129 65
137 163 15
96 290 77
151 452 18
2 227 59
1 33 73
415 420 71
209 301 75
319 381 64
24 389 85
390 462 52
21 289 30
412 473 69
97 103 99
267 419 85
224 293 88
169 410 100
286 395 88
31 376 50
16 313 62
376 407 39
361 362 86
157 317 84
160 393 30
61 435 71
338 377 87
316 421 58
128 259 55
364 434 55
12 64 6
186 368 83
454 489 14
30 152 77
65 292 44
48 450 65
401 437 8
429 431 65
438 475 82
113 211 29
131 495 90
326 392 1
177 345 34
163 284 24
90 92 55
25 307 53
327 388 55
227 410 44
377 455 15
217 235 73
154 433 4
180 317 62
322 480 54
433 487 68
4 459 80
388 436 4
277 387 96
16 106 81
108 230 7
260 428 51
74 219 95
240 391 12
163 182 59
104 239 91
95 171 43
145 307 16
223 493 97
191 445 23
376 460 48
159 266 9
337 484 27
13 31 3
11 22 45
99 126 12
223 254 70
75 295 54
8 151 60
206 248 92
13 382 87
161 275 78
282 434 34
105 463 93
338 443 72
390 431 76
80 158 60
74 464 55
173 222 82
126 405 24
104 327 22
418 432 4
147 337 7
44 198 20
31 360 73
181 431 10
289 321 94
379 452 8
69 89 25
192 276 86
277 280 18
12 428 73
131 260 52
456 483 53
320 457 6
204 288 52
238 262 52
268 357 21
227 460 49
352 407 74
202 444 67
42 472 93
6 196 10
279 442 54
135 491 16
96 176 15
267 495 2
288 356 8
263 315 81
264 306 14
268 363 31
147 151 98
37 325 87
92 290 34
115 280 95
42 217 20
268 390 4
89 406 3
352 452 63
167 276 81
125 429 44
193 396 11
150 452 22
194 305 88
85 226 69
15 488 83
375 430 93
234 357 38
263 383 43
127 330 12
58 423 78
388 442 6
53 484 67
389 453 72
241 499 52
53 242 89
274 311 71
352 364 63
243 250 3
54 358 54
383 448 74
242 261 74
63 365 20
352 366 65
224 413 16
98 145 55
121 460 28
71 219 84
167 280 80
302 426 1
157 339 50
190 397 30
277 318 95
152 499 86
31 125 4
249 300 7
229 384 10
449 488 87
42 422 29
264 440 26
8 352 3
11 462 39
123 407 72
350 387 9
70 394 10
203 334 53
394 466 9
43 154 7
39 259 8
374 459 76
93 251 15
267 422 92
114 181 63
242 437 66
115 491 46
181 492 29
45 124 52
176 472 72
37 452 86
319 395 18
147 301 83
308 340 44
190 323 45
38 52 8
91 126 82
28 49 69
177 366 96
89 242 42
41 311 67
174 403 45
243 281 25
207 246 79
223 419 96
202 250 98
188 193 39
72 386 51
49 443 21
54 57 33
129 217 70
63 197 97
405 420 19
43 192 76
344 452 66
54 305 31
242 347 42
66 76 87
47 193 54
351 358 43
257 336 80
151 299 64
206 418 56
15 250 61
24 128 75
132 421 42
229 436 66
105 308 92
166 434 24
166 398 70
51 454 50
33 191 64
166 440 36
108 324 72
98 279 78
251 340 55
445 468 80
409 469 81
184 293 13
20 227 41
228 406 56
218 264 15
75 162 16
139 146 60
11 448 5
245 383 22
112 383 25
217 253 12
215 493 73
9 354 45
185 218 4
97 151 25
74 463 30
369 385 96
130 170 22
265 414 9
67 94 17
160 181 67
118 455 83
334 386 36
214 311 20
231 323 42
43 210 58
341 378 7
15 295 29
96 331 7
245 256 24
82 487 79
287 426 66
379 423 95
6 103 9
326 480 61
271 443 96
12 206 54
199 332 88
71 250 84
0 455 36
356 409 9
8 50 96
253 461 20
197 368 93
183 461 35
46 204 91
323 452 37
181 273 36
297 453 95
186 328 77
56 70 51
136 241 54
60 391 86
81 388 77
87 206 94
209 487 98
66 259 88
348 389 68
44 265 49
405 452 13
107 395 63
24 472 80
49 476 28
79 385 23
229 477 34
57 263 91
181 483 89
212 297 90
267 379 19
186 237 64
391 477 25
154 162 49
8 174 53
229 377 64
41 104 86
187 336 75
382 455 56
373 397 17
230 266 63
225 273 42
244 327 33
144 499 60
105 237 51
187 338 95
136 254 52
87 324 88
2 127 68
276 424 58
23 401 82
1 330 10
250 278 11
273 295 42
172 391 24
73 105 74
140 458 20
28 366 36
13 437 3
357 398 85
12 466 69
151 280 55
58 440 64
252 489 3
132 264 48
23 47 84
63 229 99
197 380 91
70 106 42
47 314 14
340 436 72
150 403 18
231 276 1
32 422 62
177 328 43
186 364 38
9 360 33
260 283 72
25 106 26
94 211 88
65 392 8
135 418 28
57 223 26
147 494 73
35 358 54
112 353 55
41 331 33
53 182 83
103 199 90
225 421 53
405 443 2
310 436 45
276 433 77
134 244 80
172 240 52
126 439 79
193 216 81
95 184 45
352 498 81
150 373 12
210 232 52
69 483 33
122 434 78
62 398 1
207 393 22
26 410 17
263 419 76
289 460 93
23 233 66
201 304 54
15 121 96
307 432 76
398 487 70
115 241 68
258 371 65
94 224 72
268 428 47
189 361 80
176 487 92
30 147 79
18 325 93
347 432 6
127 331 85
21 472 59
118 464 52
211 343 61
39 113 74
28 138 2
327 488 90
176 218 34
235 308 79
61 117 42
20 460 92
236 272 95
445 455 79
275 299 69
126 314 37
327 418 26
96 247 77
112 131 17
185 485 66
13 287 27
13 62 60
41 452 10
57 313 44
264 496 66
23 281 36
192 497 44
341 456 10
288 383 52
180 446 77
139 379 11
82 385 25
114 228 85
107 455 16
91 163 52
38 92 33
345 409 61
33 190 57
302 492 79
131 257 8
2 402 100
2 314 14
42 374 33
41 437 71
31 262 72
228 342 31
7 337 87
103 465 67
429 477 59
363 430 29
4 145 3
111 223 37
75 102 66
38 282 69
160 459 12
236 257 56
211 319 90
1 486 16
85 351 90
25 279 67
435 471 70
81 311 66
278 466 30
181 277 58
30 208 69
129 420 12
29 65 67
5 10 91
64 141 37
136 163 21
160 173 96
88 211 24
260 360 2
347 403 92
74 486 57
88 256 7
3 27 92
43 401 80
319 475 20
51 96 48
8 272 37
173 351 86
321 487 43
166 255 6
184 449 40
300 498 71
0 105 76
139 234 49
436 482 72
114 169 56
185 478 15
152 421 35
353 475 47
279 424 96
128 195 22
180 255 85
187 428 95
76 246 40
373 431 3
5 441 18
211 492 75
140 397 24
39 495 82
11 21 96
255 429 85
382 449 38
301 314 83
389 499 77
127 435 53
289 293 55
265 456 58
36 130 37
251 436 45
57 441 83
36 193 67
50 309 38
50 210 74
191 198 37
75 484 32
214 329 32
280 298 50
409 425 44
19 263 5
327 382 67
71 137 92
190 367 91
109 401 90
193 242 95
446 489 47
36 138 29
197 393 42
72 362 49
363 487 21
5 419 36
365 475 69
74 123 1
73 214 39
220 492 15
26 447 87
104 346 51
0 77 77
19 353 84
249 392 45
116 424 66
26 128 26
80 101 29
7 418 64
321 480 61
80 208 62
387 481 35
67 148 76
276 397 21
32 137 34
91 134 82
227 464 46
236 481 90
306 409 98
402 444 9
211 269 9
342 395 73
162 392 8
0 477 23
243 277 31
64 248 57
361 411 93
182 442 94
172 433 59
294 449 40
161 484 9
147 214 22
226 311 20
1 328 45
153 288 27
257 497 100
146 499 11
133 203 66
110 136 17
1 259 87
30 341 15
123 415 80
254 494 79
61 249 2
20 234 67
186 391 27
340 443 80
143 483 59
43 307 53
148 164 51
61 237 12
277 375 64
341 439 42
164 228 3
389 449 8
11 64 53
250 296 57
236 437 100
59 218 89
4 143 21
109 357 75
88 231 87
56 60 80
332 393 22
8 343 12
64 318 98
24 75 70
208 265 71
89 177 89
356 486 62
196 396 23
345 437 96
130 477 50
187 413 47
33 50 89
86 181 79
13 32 80
360 434 25
153 474 16
162 186 56
309 369 55
434 481 99
83 455 9
128 355 92
359 399 62
29 287 1
208 494 18
107 342 13
70 77 10
113 239 14
243 432 82
26 27 17
277 466 41
89 269 73
270 313 10
367 431 50
161 414 44
3 85 5
238 246 18
424 437 51
85 303 70
208 352 3
276 325 36
191 356 28
120 177 74
20 338 12
348 434 61
249 434 78
275 387 74
44 480 18
191 457 72
353 464 49
58 306 48
4 372 68
83 485 2
413 448 99
273 403 10
47 285 8
22 385 90
295 437 30
388 421 18
118 166 93
121 482 16
256 349 38
131 412 36
60 307 60
306 423 90
126 173 100
47 145 17
123 189 22
435 470 47
103 146 100
51 378 75
161 288 98
3 181 99
260 272 13
378 408 36
76 478 42
249 325 45
5 177 31
124 371 44
77 354 81
261 462 26
133 456 50
257 341 71
44 440 95
30 255 69
54 75 86
326 364 87
163 332 68
219 295 30
35 459 40
224 276 20
177 355 6
1 144 24
123 353 85
201 354 41
90 307 3
57 455 3
170 426 15
52 73 25
31 313 100
49 343 32
292 391 43
191 228 48
83 402 67
156 168 18
390 410 27
67 178 100
165 408 62
53 159 73
179 274 2
21 415 52
212 256 89
271 333 36
426 464 77
311 364 59
360 435 17
6 122 24
84 320 23
397 425 80
291 483 24
103 217 71
29 143 68
7 295 40
116 404 5
308 360 7
135 305 21
170 481 86
191 350 11
83 457 49
44 345 31
82 426 9
97 473 10
42 406 58
87 336 50
200 380 25
105 446 100
121 211 14
43 300 35
189 424 53
148 166 97
442 458 34
167 497 46
58 428 58
247 279 39
29 37 82
222 223 36
109 302 99
126 302 27
256 383 20
133 485 80
210 423 70
69 321 53
86 252 54
322 427 30
125 363 38
80 453 13
259 395 8
358 372 85
298 392 11
158 464 75
195 417 94
450 474 53
117 452 19
132 262 11
466 491 45
105 168 62
398 483 5
154 280 51
84 241 75
251 312 4
117 357 86
94 438 83
158 210 9
266 480 92
266 404 38
26 269 47
77 127 98
90 267 51
65 125 85
212 371 7
157 194 6
333 461 34
176 287 41
99 455 79
32 208 10
19 481 96
1 21 70
164 371 89
368 422 90
254 316 65
149 397 15
279 459 37
365 417 81
405 461 23
256 403 40
99 316 5
296 447 55
312 323 66
185 445 70
13 316 34
36 259 99
200 334 78
0 483 67
95 367 86
38 125 97
114 432 57
146 364 59
274 421 32
119 450 2
108 352 70
48 483 90
402 403 35
101 296 60
409 410 80
138 245 45
85 132 65
344 456 16
339 429 43
196 413 54
251 389 12
210 252 29
57 294 55
28 467 82
126 256 48
309 381 36
60 378 93
106 452 3
79 311 6
72 306 21
125 453 8
159 408 2
11 164 3
77 272 22
41 228 37
251 359 72
382 439 66
207 468 25
106 307 17
208 418 85
89 339 75
29 272 7
174 469 92
42 417 9
129 189 98
270 315 36
396 408 90
274 378 52
392 413 43
152 466 24
21 325 89
29 52 66
11 342 88
149 390 29
187 332 34
86 305 22
60 182 70
192 199 1
131 432 50
126 376 80
249 278 28
154 319 2
136 173 73
228 427 8
148 330 28
193 455 90
145 449 96
21 278 32
8 68 77
91 95 98
163 307 81
63 154 15
204 295 97
82 475 57
340 442 61
58 319 43
110 199 64
120 458 89
267 353 4
299 475 77
449 484 79
23 411 65
334 418 11
470 499 87
186 348 25
59 83 44
138 412 2
79 291 33
108 298 10
265 420 31
234 312 55
114 245 57
370 430 55
180 399 56
38 49 14
254 272 21
69 222 39
197 244 76
277 361 65
283 480 80
343 449 9
229 469 1
170 216 12
252 388 64
201 245 4
90 285 62
112 192 79
241 362 54
129 329 16
236 312 88
39 79 100
131 262 43
247 360 69
108 382 54
94 221 78
191 429 97
442 482 2
100 147 80
63 403 29
242 465 27
109 294 34
58 187 52
421 422 70
33 260 78
150 463 50
369 442 23
132 410 26
453 481 47
126 395 28
88 440 40
98 341 33
48 156 97
50 287 88
50 149 52
70 216 80
337 430 82
82 413 85
299 369 23
247 494 81
272 334 62
43 168 78
285 478 46
37 158 81
131 307 93
239 399 72
121 452 7
80 251 65
164 352 35
103 321 21
149 414 34
173 286 26
327 338 13
132 285 12
196 219 74
216 465 9
25 223 27
120 243 86
146 218 88
147 209 33
63 442 57
149 246 91
33 143 30
367 387 21
70 161 19
58 178 23
45 71 73
258 313 99
2 110 87
240 288 43
200 331 90
298 308 21
52 445 66
80 413 55
135 367 54
85 171 37
144 449 10
204 344 43
277 365 29
308 361 23
227 478 29
109 288 26
29 288 24
21 368 13
156 430 22
232 255 9
143 405 24
384 395 79
17 94 73
168 412 89
429 468 49
106 132 54
261 346 17
286 403 52
137 289 1
184 358 22
28 496 65
308 421 5
86 415 38
306 374 88
32 397 87
37 96 75
58 215 72
40 410 93
46 294 8
112 132 10
16 403 4
344 352 14
394 423 19
149 292 97
224 439 2
386 452 24
170 420 22
47 181 17
176 413 85
225 250 97
432 495 61
254 380 47
20 255 19
330 341 63
36 477 40
378 477 99
261 391 82
274 360 95
86 124 91
64 440 62
208 342 56
61 290 27
35 173 39
44 245 10
116 208 25
115 186 92
40 221 2
10 283 38
144 208 7
97 262 38
122 289 48
178 380 82
298 396 35
75 382 47
112 203 90
63 203 69
298 381 26
313 498 100
147 182 16
339 359 64
16 85 91
90 347 36
60 64 56
211 453 38
88 428 96
332 450 44
190 384 75
248 423 30
387 432 98
62 336 36
37 497 43
5 394 75
122 310 16
13 163 55
11 436 35
68 283 64
177 388 61
262 396 46
55 338 32
64 420 37
0 277 13
162 280 46
207 487 39
46 163 2
46 169 51
61 297 58
335 454 20
92 234 48
440 451 55
157 458 23
159 319 62
216 431 72
124 484 91
101 477 30
224 421 96
56 161 45
101 314 10
47 289 89
15 175 73
29 48 18
10 453 29
253 437 70
5 472 51
0 115 42
132 240 53
199 495 42
107 418 62
35 148 30
42 326 79
399 472 83
233 268 67
100 199 92
40 224 29
44 162 60
106 365 26
77 389 81
230 316 32
94 101 65
238 494 28
155 160 100
307 494 81
270 452 58
82 174 6
218 469 72
273 388 1
412 415 45
43 144 3
128 192 15
252 369 26
385 443 73
78 326 59
81 495 27
142 415 81
295 427 13
144 156 49
281 455 57
93 413 86
207 448 19
23 200 36
33 255 73
339 493 91
355 404 67
126 211 95
157 367 40
111 385 72
10 41 18
107 335 71
222 328 55
199 493 46
96 259 86
102 281 20
220 324 76
303 487 62
125 385 49
345 408 4
8 399 62
159 217 39
275 351 51
133 255 68
145 238 1
127 140 15
325 346 98
35 420 14
114 407 42
38 56 67
240 460 51
54 98 57
9 111 78
244 455 23
7 302 44
22 359 57
167 339 9
98 116 100
271 456 87
305 366 88
356 485 23
102 444 2
422 440 14
364 488 35
104 141 57
239 397 27
174 322 51
60 109 12
2 179 50
9 56 87
318 343 64
25 416 53
270 434 99
16 142 74
131 324 22
4 321 13
116 376 40
399 429 7
66 106 93
395 408 2
233 463 41
322 487 94
51 292 1
324 411 88
12 456 6
168 358 75
393 417 89
60 170 14
339 494 58
185 370 48
229 375 6
207 296 85
305 467 23
166 478 56
262 430 29
460 498 21
21 187 81
76 359 53
251 321 30
416 495 95
280 437 93
10 474 74
126 247 49
92 296 56
145 344 24
27 74 47
149 445 67
281 382 75
262 461 12
126 377 79
27 182 67
241 484 70
91 255 64
39 99 83
58 82 46
180 307 26
86 469 36
89 290 67
362 400 77
9 224 48
12 388 70
213 427 28
23 346 47
144 150 12
299 424 38
273 285 39
263 352 3
102 328 65
210 345 93
191 447 14
58 350 76
107 177 69
299 418 83
149 412 87
187 220 59
35 495 89
196 393 10
189 277 41
271 412 36
47 385 64
406 448 80
87 460 21
46 153 60
165 312 69
51 211 26
20 155 78
131 424 91
1 35 25
417 428 41
115 226 62
47 397 27
62 153 67
262 496 72
238 332 92
176 397 54
127 324 11
360 491 30
113 294 50
299 495 99
357 372 3
37 80 8
43 73 63
312 416 55
90 399 40
67 141 80
61 113 35
200 464 60
105 474 91
296 369 90
336 439 75
167 499 1
338 425 17
355 470 56
236 408 93
123 336 58
240 254 15
71 79 17
188 191 87
42 344 42
226 230 18
215 246 72
355 473 87
309 491 91
117 176 3
237 410 94
77 188 48
192 202 23
203 441 85
84 316 44
148 300 51
23 387 18
59 464 50
19 220 83
184 420 86
63 189 33
131 220 61
434 445 16
25 119 92
433 499 64
314 402 4
274 479 95
4 224 67
169 209 45
146 173 39
135 349 18
278 381 72
66 442 93
50 455 35
189 486 9
161 229 21
262 350 79
120 425 15
17 468 1
244 297 100
410 423 71
238 345 75
25 81 21
233 464 100
26 228 92
21 279 97
297 375 97
149 347 5
431 457 3
60 281 41
112 196 97
291 425 62
48 258 51
156 379 38
74 342 89
158 420 72
442 466 81
173 266 52
95 288 11
41 394 13
294 324 17
31 38 95
71 440 65
131 330 74
162 462 93
103 328 48
281 388 50
19 176 94
361 374 10
100 251 32
285 328 77
205 448 52
86 422 15
331 368 64
126 353 5
188 190 20
236 463 8
71 333 1
282 436 85
301 470 52
15 256 90
275 297 94
120 475 23
70 354 11
63 379 52
232 299 70
237 329 68
269 427 39
4 318 48
334 395 36
136 380 96
85 451 69
131 480 6
221 471 16
26 232 75
160 273 93
228 307 16
174 361 37
81 263 59
411 466 2
36 125 54
156 265 51
181 441 66
187 348 49
229 353 83
27 240 55
152 378 69
206 497 71
164 276 96
149 320 66
198 348 7
101 150 54
66 116 3
105 192 48
204 223 7
130 430 60
72 280 18
17 71 82
229 312 18
184 390 16
25 345 41
156 462 25
417 469 97
386 403 61
236 314 9
188 410 3
25 477 85
307 396 12
47 66 43
191 420 42
137 426 3
434 499 70
231 236 89
122 440 7
282 491 29
109 267 41
189 299 79
379 477 67
22 43 27
121 215 21
383 412 77
353 373 18
61 164 49
170 358 64
83 176 44
104 262 93
1 14 50
180 365 7
403 422 56
103 194 82
76 319 90
165 331 98
299 414 75
389 436 97
79 367 18
285 394 18
1 421 34
17 174 91
256 494 96
24 323 32
106 479 63
409 478 15
429 432 61
24 151 35
395 485 25
395 473 29
84 287 11
236 468 33
105 291 9
326 486 32
406 498 32
107 301 34
58 475 9
425 499 46
34 400 83
66 361 32
321 351 85
88 322 50
65 407 88
12 98 48
83 411 3
71 446 82
140 190 61
115 389 81
322 456 22
108 476 41
283 290 37
30 214 69
6 279 8
182 383 25
172 186 25
75 223 61
144 397 84
224 324 98
99 259 10
87 204 67
213 253 18
180 272 45
111 366 5
43 153 40
44 373 17
57 88 63
207 328 1
243 396 66
18 21 49
345 466 23
18 60 15
172 390 60
266 355 100
158 277 63
47 414 100
90 242 82
290 380 55
168 415 29
174 213 12
167 386 15
83 165 32
387 488 73
170 465 75
130 358 78
79 199 67
266 289 65
225 324 72
52 472 9
229 494 89
404 441 24
89 262 51
108 216 50
299 492 63
137 339 21
10 318 86
165 169 23
105 167 31
392 416 8
114 265 8
7 484 69
237 498 93
373 442 26
51 220 60
30 427 97
77 355 22
36 184 30
186 408 100
241 467 69
178 263 84
361 417 8
162 299 29
170 399 61
278 451 50
355 379 56
70 83 15
208 477 84
122 387 85
26 330 46
273 391 62
13 466 77
98 450 68
304 416 89
80 324 74
340 450 14
309 351 14
234 365 55
108 313 41
115 391 13
245 428 29
94 491 37
19 446 74
25 240 28
34 482 56
415 483 98
22 318 27
111 222 60
136 390 50
180 241 40
137 428 37
65 134 66
132 141 72
89 98 45
332 452 87
111 404 42
40 95 61
337 436 33
226 430 35
17 219 51
189 305 32
324 383 80
171 301 2
60 400 97
20 450 57
41 273 31
30 315 7
139 210 65
137 330 81
30 86 21
49 371 95
412 498 62
180 376 67
17 221 49
48 388 98
253 401 21
161 247 61
399 491 4
196 235 68
392 479 29
121 158 7
351 394 15
52 319 54
231 318 20
193 291 21
220 416 6
439 477 12
61 197 22
188 490 81
395 438 63
277 404 68
297 298 90
211 378 22
289 481 67
77 284 94
49 325 41
163 170 100
109 444 8
20 109 88
420 498 75
9 410 63
294 305 79
14 79 32
10 411 72
449 480 20
480 492 23
398 429 12
61 345 76
3 198 72
202 353 79
72 371 29
5 212 55
148 154 63
10 49 19
190 219 64
221 224 9
136 457 93
80 225 35
46 98 80
371 384 75
21 215 63
14 163 80
275 324 78
119 161 99
79 338 49
102 455 74
72 414 36
59 340 14
177 233 93
29 329 21
0 8 52
180 260 17
102 477 39
101 151 6
180 475 6
260 463 48
60 206 12
15 233 50
1 81 2
278 417 69
115 342 97
299 496 43
111 179 50
208 258 22
28 201 48
102 448 5
158 437 28
165 359 7
21 129 18
250 432 70
181 348 88
305 402 70
292 358 67
28 420 81
338 369 60
24 96 91
188 315 61
40 198 44
246 471 47
278 403 18
64 444 84
131 241 95
97 171 44
178 429 75
402 488 1
175 192 31
370 423 5
151 450 54
15 151 91
161 374 30
218 298 36
26 268 84
92 99 81
265 365 70
153 223 82
461 476 20
268 486 76
321 331 52
15 418 29
430 476 89
51 396 39
185 265 36
69 196 27
265 308 12
139 185 2
409 428 66
38 388 69
14 492 20
387 412 92
134 283 15
81 162 96
43 430 46
141 226 34
240 385 16
69 186 14
71 322 55
57 434 31
220 294 65
62 449 79
19 147 3
188 257 89
64 278 25
34 255 15
116 271 42
169 263 21
477 481 93
89 405 21
400 411 64
112 475 26
21 138 95
37 478 24
203 304 81
60 81 100
89 363 35
59 60 30
205 443 76
153 369 7
225 407 5
138 429 35
15 70 28
33 441 83
275 442 36
291 424 19
44 118 39
158 441 85
37 242 70
158 212 62
109 415 39
186 401 100
356 438 6
127 159 94
143 152 35
100 459 16
99 335 2
289 477 45
68 147 71
48 77 57
158 304 81
114 341 86
156 441 54
52 327 71
20 494 68
109 178 1
221 336 42
45 479 16
194 349 14
404 422 24
89 277 32
76 173 65
247 397 56
2 418 93
219 412 77
404 483 70
48 232 56
306 431 72
15 422 49
25 343 5
94 319 76
56 459 72
72 213 90
35 494 44
247 483 59
258 308 81
358 388 99
13 196 55
176 226 39
329 495 32
129 131 22
22 330 7
350 460 20
31 481 92
138 213 21
87 477 60
14 86 54
301 413 85
309 436 9
145 210 69
185 187 64
141 185 12
164 369 85
65 317 69
269 307 60
341 402 32
173 236 4
84 380 94
396 443 14
185 236 38
108 156 68
38 109 69
83 327 75
285 353 71
202 419 91
319 458 75
76 188 71
338 368 82
149 381 49
31 82 100
387 447 21
84 199 3
331 391 46
26 153 58
194 462 57
59 490 100
169 373 85
100 184 71
35 292 55
273 369 50
158 251 74
15 126 95
14 136 37
115 119 28
87 120 63
76 310 81
25 194 86
243 443 74
16 314 52
44 228 98
61 177 17
322 450 79
58 476 9
67 237 77
3 185 58
249 409 15
336 461 98
15 452 55
73 85 68
8 12 21
13 193 83
8 293 24
199 261 13
219 492 92
66 67 85
68 361 55
92 227 83
269 455 97
30 87 19
72 405 88
171 263 46
117 147 55
44 298 24
26 342 15
358 405 66
188 308 82
207 350 71
45 280 85
362 423 94
116 330 30
228 378 31
228 327 54
97 312 52
60 424 17
126 397 36
19 160 46
22 192 98
99 479 47
35 403 61
50 140 53
307 414 100
127 338 87
354 468 51
386 497 87
148 325 76
355 492 31
292 380 80
145 336 66
18 326 69
19 30 40
49 355 93
190 296 76
250 415 58
303 455 3
108 474 89
0 76 99
24 378 57
473 485 76
50 148 46
98 423 50
52 206 59
143 281 39
229 467 72
297 330 84
72 495 7
316 462 49
169 451 55
249 459 59
274 423 95
396 488 90
336 484 41
249 251 92
223 494 36
312 433 88
87 265 87
366 415 80
495 496 34
213 366 52
51 483 4
26 101 7
25 479 25
152 423 73
165 459 26
27 232 74
40 443 76
197 225 42
238 335 6
222 490 5
299 419 39
217 364 4
75 412 55
283 296 22
32 335 3
414 473 19
48 319 81
64 211 76
394 434 4
220 364 72
106 298 7
115 451 64
46 81 19
135 362 58
275 469 63
152 314 94
84 256 2
162 199 83
242 404 30
164 266 47
409 474 19
42 467 73
135 172 78
33 427 60
163 381 24
43 379 43
174 408 48
327 365 3
147 323 59
318 428 84
65 141 17
330 439 79
339 421 96
275 375 66
201 417 9
273 462 95
8 312 96
203 347 91
289 302 38
75 388 29
141 178 91
292 427 35
3 160 78
94 455 89
115 240 93
222 385 72
78 415 62
191 496 27
20 473 30
133 266 8
266 375 46
120 441 81
78 222 18
217 413 51
32 116 99
5 69 90
376 472 52
106 370 32
15 444 17
162 198 63
51 337 48
51 492 17
289 411 72
333 352 96
3 271 92
132 185 18
209 210 11
94 113 6
135 205 86
388 397 24
5 186 90
88 265 51
89 173 24
96 136 91
296 381 42
58 281 47
169 391 31
483 493 94
52 399 51
92 176 87
80 139 3
6 140 7
47 60 88
99 412 54
343 495 45
56 184 39
16 454 40
43 209 60
100 357 22
4 246 88
42 70 33
174 365 65
54 147 4
291 401 88
149 208 74
162 285 93
352 382 76
297 407 14
315 358 19
133 299 41
222 289 69
402 472 86
91 409 43
352 354 96
130 254 88
138 162 88
73 76 72
0 218 60
276 468 26
82 483 21
368 491 15
16 113 15
197 204 8
100 361 24
149 205 6
65 327 48
284 349 75
279 387 80
218 280 62
9 157 41
359 412 12
3 347 98
166 318 54
54 115 1
138 250 28
96 461 50
353 460 19
262 455 44
41 187 72
65 183 63
261 417 20
82 286 42
271 379 87
59 322 17
10 211 67
277 425 50
248 378 32
228 294 76
69 467 16
278 433 53
200 382 60
6 155 49
146 291 20
319 472 70
194 203 78
154 303 54
267 396 2
91 213 15
305 428 71
340 405 51
100 328 98
372 434 66
234 364 19
211 314 69
9 353 73
277 479 70
48 183 37
324 374 43
211 307 17
187 481 71
241 423 28
299 436 63
84 396 90
3 498 88
22 499 99
267 420 95
425 450 5
175 373 28
68 145 66
439 448 58
210 486 70
475 479 54
106 337 57
9 433 86
0 165 26
208 398 92
82 308 20
440 474 57
80 371 18
1 390 58
135 248 42
110 346 20
59 335 95
197 452 100
160 317 50
66 175 39
163 305 77
149 311 63
363 466 18
40 435 29
31 198 63
147 382 95
107 230 77
327 498 39
158 159 30
376 459 41
405 410 85
100 205 20
80 442 22
54 246 25
84 98 96
272 319 17
96 277 29
426 496 30
360 444 55
30 414 19
95 119 19
311 314 58
48 104 25
262 499 39
210 271 65
59 264 18
180 295 94
362 375 69
137 215 93
226 458 31
325 392 35
58 417 48
109 225 91
385 401 3
95 454 15
198 493 81
276 340 87
405 429 64
159 203 33
149 283 92
256 360 100
69 153 13
178 468 22
435 439 3
196 494 14
97 426 36
99 329 63
44 237 64
337 465 85
171 231 48
400 463 96
145 445 66
327 408 28
87 167 24
445 490 22
287 298 24
432 490 93
337 498 69
72 270 34
356 412 71
122 409 35
222 386 7
387 498 6
56 143 80
161 246 58
274 288 50
20 160 10
90 454 11
354 424 35
264 471 16
272 341 74
255 472 7
36 261 8
440 450 4
5 93 91
62 385 82
87 405 30
270 405 45
271 392 84
185 381 94
144 335 46
89 165 36
167 446 65
363 479 37
290 373 34
105 322 40
204 448 57
35 359 58
44 361 33
32 89 88
283 317 64
71 88 10
259 363 35
226 374 77
16 255 74
134 170 41
188 361 48
249 448 66
309 426 58
230 491 18
158 477 15
303 470 9
98 160 29
273 340 28
15 396 43
55 151 20
117 203 78
248 410 1
441 457 22
104 499 57
225 413 2
270 428 85
123 351 47
19 410 31
208 236 74
12 482 97
66 355 1
277 488 44
136 462 39
194 261 58
208 323 68
421 443 56
123 281 60
103 159 47
259 360 45
118 206 82
228 320 64
168 456 14
110 446 69
329 332 49
15 158 96
64 254 82
121 487 20
172 482 90
125 394 75
373 406 95
58 277 36
155 313 30
300 468 4
61 86 64
155 408 15
337 497 68
249 431 73
333 419 19
120 124 61
377 411 82
192 297 39
221 390 16
14 23 54
192 418 4
36 94 87
111 383 96
48 228 83
34 52 10
323 488 67
26 148 95
342 354 46
99 354 18
184 254 64
23 317 35
344 481 94
126 240 61
104 123 63
302 455 86
9 415 35
30 51 82
246 360 14
1 209 34
403 444 56
331 411 49
204 446 32
196 236 28
415 422 70
176 404 67
109 441 35
73 449 51
200 392 99
61 373 16
46 95 40
91 179 36
359 441 22
33 440 29
82 249 16
36 215 63
250 321 65
265 437 94
94 227 2
430 489 3
305 422 64
105 278 33
429 482 98
204 478 71
107 456 93
371 460 27
108 139 86
236 365 88
357 410 61
190 490 15
25 156 15
333 452 52
71 408 59
167 289 23
87 141 47
299 459 90
224 360 36
233 386 66
384 405 77
323 487 27
182 446 26
378 413 91
295 378 81
197 436 70
61 406 83
134 404 85
267 481 3
18 201 13
139 280 10
56 316 28
439 490 55
126 379 67
164 427 2
149 480 31
307 366 38
229 235 62
263 438 52
43 469 57
434 447 47
0 463 28
6 350 85
249 407 18
106 275 9
237 340 9
133 444 98
73 386 73
297 312 53
344 403 53
216 424 26
270 344 63
150 391 35
3 415 78
158 447 32
370 473 58
207 303 36
68 463 71
211 486 6
373 447 75
23 46 44
129 279 67
350 370 3
279 406 63
97 466 84
187 359 32
319 449 37
375 455 86
156 463 85
175 492 37
349 387 38
106 380 81
19 451 93
189 284 91
260 279 36
452 472 53
404 405 19
209 234 83
43 257 67
163 396 55
342 475 24
61 341 23
125 461 61
73 168 81
286 362 21
480 494 95
236 458 14
341 476 96
270 460 48
173 475 70
126 284 8
169 301 80
365 498 39
142 201 15
12 24 3
241 263 27
67 483 41
45 377 92
153 335 97
64 367 43
211 224 68
479 497 84
114 447 18
14 50 20
151 184 51
161 342 92
237 486 28
65 304 11
244 328 33
106 272 84
174 324 86
70 314 74
62 492 61
143 463 100
213 242 16
71 76 15
3 427 33
125 290 51
149 422 23
123 468 53
180 369 15
86 393 75
275 411 18
175 200 40
315 418 69
248 327 89
83 131 45
5 471 80
10 449 90
176 462 10
126 213 69
210 291 17
47 205 62
267 405 2
351 434 20
185 269 18
130 310 22
12 257 20
188 456 43
94 483 21
208 245 23
118 186 80
263 317 88
174 328 77
130 499 78
198 477 51
173 494 27
37 462 25
52 443 68
339 393 26
124 407 6
305 484 13
56 447 56
163 325 28
71 481 15
14 144 80
56 446 32
46 398 85
274 449 53
11 79 89
99 384 91
193 343 20
311 455 93
12 263 30
443 493 29
143 371 24
130 209 19
97 200 18
57 405 2
56 477 66
75 475 44
65 76 15
258 435 57
242 361 21
180 408 31
48 126 91
216 318 7
157 404 71
67 493 58
8 362 43
72 227 96
145 293 39
