500 3500
0 4 83
4 14 12
14 22 60
22 50 39
50 55 36
55 58 98
58 59 9
59 64 22
64 72 19
72 75 96
75 78 34
78 89 28
89 101 26
101 104 86
104 106 80
106 108 20
108 112 36
112 119 22
119 130 40
130 132 89
132 143 57
143 148 86
148 157 16
157 165 99
165 184 97
184 185 60
185 189 19
189 190 45
190 197 17
197 198 11
198 199 55
199 201 72
201 202 74
202 205 29
205 208 50
208 219 8
219 222 81
222 229 55
229 231 87
231 259 84
259 274 98
274 319 37
319 327 2
327 332 28
332 359 94
359 366 34
366 373 71
373 377 48
377 387 63
387 394 35
394 407 87
407 415 33
415 420 59
420 430 20
430 436 85
436 461 50
461 466 60
466 467 53
467 493 93
493 499 73
190 313 45
142 359 70
407 484 48
327 413 47
232 476 23
354 385 59
132 313 54
44 448 81
142 360 32
354 495 34
151 466 1
317 442 32
62 212 85
100 482 69
308 325 1
145 208 32
396 404 82
25 135 21
83 368 10
42 245 78
24 209 18
355 494 24
302 427 41
63 353 26
447 449 33
188 189 2
33 203 83
181 280 81
42 359 98
54 321 64
23 368 72
30 278 76
229 242 48
347 477 71
186 302 88
135 474 90
18 180 28
61 466 39
150 159 11
15 113 80
74 92 18
171 474 22
425 459 58
337 344 71
202 289 47
67 242 51
119 290 55
143 294 86
113 302 37
174 261 47
201 460 67
139 402 83
94 241 89
193 433 27
194 366 4
138 408 70
77 471 52
75 107 34
122 271 19
82 436 34
134 378 15
297 479 16
199 402 84
233 376 63
400 420 14
73 473 87
186 277 58
252 389 64
287 303 23
218 414 22
347 381 23
112 205 36
44 255 53
25 393 3
133 429 59
234 311 73
240 375 42
112 300 68
22 287 35
200 464 33
438 490 68
4 199 9
179 382 16
463 486 34
375 452 95
37 344 91
156 491 13
10 442 13
240 441 5
57 430 9
380 387 22
104 264 4
35 160 53
107 470 38
121 490 39
82 329 67
238 250 36
255 359 68
396 462 97
103 265 87
162 471 62
35 219 62
187 301 51
83 279 57
7 232 6
34 405 73
176 431 24
94 393 82
150 447 42
201 262 63
170 295 40
91 329 74
322 384 33
6 51 91
135 410 83
171 446 55
41 373 68
102 319 59
22 273 19
240 306 20
303 372 8
417 443 82
7 362 55
184 215 20
359 492 3
28 46 30
282 382 37
105 292 65
103 259 43
168 318 78
167 251 67
46 468 46
42 236 36
157 305 91
70 323 11
73 124 32
3 352 21
74 423 80
212 313 73
326 467 86
439 453 30
13 156 12
210 341 44
10 19 59
13 492 26
128 411 34
390 423 63
251 445 3
149 392 38
264 449 49
120 201 16
249 322 20
89 264 83
196 257 72
92 444 25
44 374 40
84 267 83
127 356 39
414 469 9
266 493 54
293 343 15
49 410 81
263 460 80
224 463 82
145 477 11
118 279 82
45 371 25
148 281 94
124 213 26
48 467 92
256 265 65
85 495 56
170 331 100
25 172 91
255 478 15
248 278 94
178 200 43
267 319 86
252 324 11
43 431 29
199 363 82
7 35 3
108 421 87
11 97 78
180 415 35
28 181 50
0 237 36
128 360 38
164 302 19
15 351 16
136 194 31
268 467 57
125 267 74
186 392 48
147 323 97
292 472 86
135 139 33
190 248 24
129 197 94
81 253 33
9 362 41
13 144 17
445 478 35
130 246 29
304 339 12
91 126 83
125 352 91
135 251 4
74 224 75
217 321 85
433 493 74
350 401 14
223 431 69
58 87 74
6 215 36
238 472 12
422 484 86
235 289 43
394 456 34
197 293 86
16 180 67
35 384 24
254 420 86
426 494 57
44 56 62
419 420 92
141 158 33
10 468 56
0 97 1
317 358 50
176 435 11
35 337 77
109 270 85
258 321 74
105 189 15
111 230 7
122 326 83
66 297 39
123 382 69
41 174 56
167 204 6
339 340 32
326 345 82
332 424 13
325 484 87
177 238 23
40 364 6
13 259 39
109 174 30
291 321 13
455 498 93
202 280 85
296 489 23
56 59 90
293 467 18
431 489 40
113 361 21
64 189 37
124 452 44
23 252 11
143 325 16
40 390 42
132 261 40
380 405 47
122 486 67
110 185 66
250 393 63
270 372 66
178 478 31
4 153 73
24 368 31
291 349 3
13 79 99
165 243 95
214 318 66
235 440 67
104 281 17
177 192 12
294 321 11
12 369 80
216 345 49
236 310 28
222 468 7
280 464 50
194 409 22
245 408 5
18 214 50
197 444 15
154 459 90
168 342 47
404 405 5
74 115 25
135 243 10
183 215 78
338 423 44
88 326 13
78 130 46
94 368 25
262 398 22
170 225 22
222 395 16
246 277 74
51 446 58
97 205 58
290 399 85
177 264 7
140 386 33
276 342 69
30 90 89
42 205 66
23 147 90
378 438 96
252 349 3
36 189 51
48 395 25
16 370 15
200 232 22
339 391 79
68 300 97
31 49 42
103 206 27
9 250 28
27 37 76
95 459 80
5 226 58
374 446 57
240 271 51
90 146 97
164 340 80
223 481 18
176 205 63
156 299 11
273 440 8
41 178 67
355 361 20
452 471 88
130 381 35
63 237 74
241 329 39
69 426 59
323 435 73
53 470 24
173 495 40
114 192 23
22 44 63
184 462 32
180 453 99
24 374 8
42 119 33
138 217 68
350 496 43
301 406 88
219 371 65
12 212 11
296 384 3
85 263 7
187 351 57
221 353 35
195 274 48
5 172 55
148 328 59
51 230 67
2 40 61
31 316 12
142 367 67
334 429 39
54 120 64
50 318 97
47 248 4
16 107 7
337 420 82
77 133 39
265 280 81
233 309 95
108 135 13
114 148 95
173 363 83
92 487 41
69 86 35
96 118 48
113 349 58
159 401 58
4 258 30
271 289 48
105 256 7
253 396 95
144 409 18
191 296 12
326 410 48
340 490 55
97 474 73
375 476 5
209 498 39
180 474 46
7 404 36
176 455 53
58 126 32
279 400 82
303 498 8
58 99 1
134 259 24
58 466 22
12 381 81
34 376 99
116 143 67
209 390 44
257 439 74
146 249 61
373 404 14
402 409 22
0 148 24
327 433 87
136 459 88
283 331 35
49 304 81
137 452 26
38 125 19
129 268 45
185 271 19
1 93 74
50 475 60
118 375 71
165 450 88
122 363 47
44 486 14
34 477 13
346 465 35
131 318 94
37 413 16
15 253 89
275 323 90
180 270 10
162 420 39
271 468 97
121 179 1
121 300 53
15 157 48
145 411 51
205 378 27
257 410 70
52 449 95
36 343 41
106 229 16
94 255 28
14 104 56
220 234 59
108 120 35
55 485 36
232 341 50
24 296 57
190 452 10
242 267 71
266 285 26
397 495 90
185 230 31
32 294 82
9 473 81
433 490 10
199 425 56
84 89 30
62 131 79
333 392 80
302 482 16
205 448 11
4 299 24
333 346 31
219 447 88
220 228 37
61 343 52
25 465 43
103 397 48
273 467 18
374 379 15
77 210 13
42 308 57
16 324 42
4 319 70
29 342 71
78 132 57
86 229 81
216 406 91
25 355 67
216 430 93
93 189 27
1 477 62
398 448 80
66 272 79
160 407 88
465 499 49
158 207 6
355 393 34
300 400 7
459 465 40
432 471 38
49 88 22
47 263 21
303 490 3
203 283 66
98 265 91
155 403 58
6 293 35
142 497 1
164 460 14
328 493 96
163 234 29
43 303 82
148 167 74
252 330 7
298 407 22
188 397 13
250 291 60
356 486 31
145 399 17
67 132 59
351 441 91
393 487 72
337 482 24
254 378 75
177 395 19
162 228 20
54 438 13
205 485 93
60 388 66
310 421 26
28 453 3
170 334 26
370 447 14
198 474 17
71 484 68
118 455 43
399 455 69
26 177 74
143 450 46
382 447 13
465 486 23
70 165 55
132 304 97
19 292 58
78 229 62
382 443 56
341 462 65
241 378 40
30 382 63
197 225 94
232 330 37
274 384 89
55 296 47
109 275 9
217 289 75
71 245 56
192 443 35
91 495 42
91 198 72
147 400 12
419 441 65
98 471 6
204 368 68
161 491 29
431 470 21
14 61 44
30 171 67
81 327 2
109 117 84
76 245 15
252 496 6
300 338 71
255 493 98
69 282 75
281 294 94
167 316 80
122 482 98
332 373 32
31 160 21
199 472 21
406 417 88
107 232 3
206 324 28
175 404 95
38 211 71
91 464 44
108 378 54
274 391 73
308 384 81
103 241 53
168 172 99
376 474 86
25 185 42
66 283 57
27 227 39
126 302 27
168 393 36
172 493 21
26 404 92
69 335 35
22 150 63
461 490 11
166 403 2
14 336 78
140 360 40
85 120 42
279 395 39
244 491 73
35 232 70
254 351 76
292 469 99
166 450 17
333 469 97
34 471 43
135 314 64
430 496 87
194 377 63
207 248 71
83 132 77
121 370 86
448 495 30
206 232 97
36 79 70
1 135 70
424 429 16
130 233 12
116 266 41
25 121 73
67 200 94
114 143 6
84 114 31
87 313 84
57 250 51
100 393 45
242 318 77
54 452 82
99 242 54
48 435 38
22 133 30
73 449 30
123 409 80
100 115 41
164 228 67
39 244 65
146 183 30
232 321 60
155 212 18
277 325 81
89 497 8
337 396 91
431 486 79
32 88 15
244 420 69
238 300 33
210 409 15
189 211 39
65 79 32
80 236 22
258 351 41
3 90 72
117 159 79
335 408 93
237 390 46
106 178 79
414 480 92
158 382 13
277 310 34
97 186 51
327 377 31
171 451 84
5 368 47
21 264 32
418 449 51
1 45 17
12 302 55
357 441 32
258 372 17
107 381 60
11 27 58
31 260 98
306 391 61
279 412 25
159 249 91
239 305 83
162 234 52
15 198 96
296 374 42
198 372 17
135 438 79
111 499 51
152 240 90
122 312 73
43 219 29
71 311 27
245 445 66
185 349 53
199 394 77
415 462 85
193 213 88
59 449 42
39 344 86
278 361 47
107 300 62
192 465 8
143 263 64
41 291 46
12 175 9
7 329 42
49 356 31
58 172 81
227 284 25
60 103 41
45 286 29
163 328 76
211 294 14
182 269 17
138 428 7
145 421 7
88 223 38
263 451 72
190 192 20
239 458 92
64 230 86
176 258 12
152 356 97
54 71 48
46 408 67
385 422 49
251 482 62
98 426 35
199 407 31
33 474 25
387 400 82
350 429 36
396 423 43
213 227 22
135 447 6
247 383 55
337 360 39
35 56 39
29 236 15
101 351 100
346 427 38
156 484 17
127 153 31
346 414 16
286 439 51
223 365 72
38 41 27
39 51 90
128 152 5
122 177 16
66 365 79
26 340 62
452 485 34
176 319 15
184 386 5
16 143 1
157 294 63
473 474 56
227 257 17
128 161 20
119 442 11
200 274 72
77 192 5
69 151 50
163 219 57
353 434 78
339 468 73
160 431 43
110 326 28
316 426 75
214 329 84
302 353 77
222 485 98
289 307 75
94 431 70
318 457 36
44 323 9
92 406 62
30 220 17
330 416 91
50 253 8
379 384 41
21 335 32
223 417 50
291 496 68
2 245 32
179 262 69
160 267 38
406 424 16
168 208 30
267 273 79
423 490 47
19 248 68
23 346 48
60 188 38
65 284 99
86 406 67
114 130 22
137 340 98
432 481 76
80 81 22
363 386 66
273 333 56
119 140 23
129 170 90
61 463 80
51 366 95
10 29 80
34 71 14
116 188 49
370 413 25
226 290 19
234 475 69
159 329 21
342 376 17
218 361 92
147 202 16
269 433 83
168 187 48
173 190 77
407 456 33
321 434 46
87 482 34
35 50 89
136 280 18
159 330 69
262 265 44
195 230 56
7 248 81
11 320 91
102 221 14
261 434 83
212 217 46
99 140 55
180 233 65
80 227 41
70 294 15
93 348 8
327 442 38
52 418 42
148 460 81
23 413 17
124 339 54
2 353 46
74 216 49
217 399 14
421 490 28
151 199 72
164 207 71
350 431 45
298 432 29
222 340 10
174 453 74
14 16 47
278 346 36
179 390 26
174 477 42
138 338 28
157 335 11
338 435 82
98 244 33
144 369 89
113 461 62
81 215 95
319 378 76
475 494 45
249 351 96
142 199 92
107 335 16
309 482 32
87 454 2
324 464 73
301 340 4
241 242 82
452 495 93
132 139 78
267 373 82
347 487 33
72 223 48
157 200 93
287 487 87
31 152 76
38 76 41
40 429 39
70 432 94
194 455 97
179 445 45
153 289 97
65 291 30
101 382 20
167 459 12
463 484 1
97 335 80
100 135 77
243 447 9
197 423 25
241 325 78
348 450 10
228 492 47
244 441 23
3 399 47
107 113 57
100 182 96
106 409 21
122 442 85
56 289 49
187 420 22
433 460 92
164 166 56
139 419 65
306 309 88
207 335 38
160 362 66
199 278 82
306 461 59
290 428 15
130 373 97
241 492 89
157 483 52
33 376 55
244 322 76
8 372 69
111 349 100
158 241 41
51 277 98
145 467 99
259 486 22
414 468 9
46 197 10
80 115 50
169 484 36
110 396 9
252 404 81
40 321 41
3 130 64
37 495 99
65 228 72
195 376 35
91 124 87
410 481 46
7 316 54
85 240 27
225 240 11
316 360 76
165 408 46
314 449 29
64 351 80
232 307 57
375 462 33
84 452 54
16 97 32
90 152 45
171 237 84
34 206 22
54 304 26
278 367 44
323 399 7
14 410 59
10 155 93
11 45 44
53 421 13
96 115 81
383 452 94
355 474 51
39 42 98
41 314 77
283 383 78
192 243 24
166 257 31
24 28 14
209 330 54
51 268 4
53 114 1
354 427 32
222 224 58
338 406 79
30 296 87
25 334 84
81 495 25
44 325 97
209 423 29
122 195 9
155 173 2
225 267 29
3 452 62
50 65 74
219 223 29
305 344 91
156 165 83
230 239 4
13 238 73
237 486 13
241 296 31
153 405 64
49 189 51
84 291 34
90 216 31
328 407 82
199 296 100
61 459 65
104 494 24
122 342 93
425 450 47
200 486 67
87 353 8
202 226 24
234 384 79
353 375 2
327 392 50
254 375 88
177 486 89
63 278 80
88 230 39
55 196 86
122 462 43
131 149 71
109 404 68
28 125 18
156 359 37
150 403 89
76 183 20
338 461 4
194 396 76
207 329 7
93 494 34
89 464 3
193 409 100
24 463 2
89 114 14
88 279 39
9 17 27
23 35 4
304 356 54
426 456 23
26 378 9
174 465 58
24 122 29
192 366 91
327 411 41
288 422 16
300 428 74
222 405 35
115 394 96
305 498 21
285 305 68
118 229 31
9 66 24
51 119 29
204 446 74
270 484 19
156 167 37
95 353 77
263 404 36
42 127 93
173 238 29
59 105 73
98 138 67
34 349 91
294 299 64
95 107 19
427 494 28
33 232 21
5 481 31
234 459 68
242 299 18
127 318 21
258 403 38
271 442 86
287 429 56
94 299 76
183 202 100
325 458 25
94 462 21
6 212 66
94 433 31
255 406 69
212 232 20
66 334 59
89 203 36
1 356 42
95 229 83
165 304 99
4 499 60
208 494 75
58 204 41
318 466 23
345 498 26
401 449 1
55 220 23
178 197 99
64 182 83
153 199 6
282 354 45
164 426 16
23 128 54
253 262 80
218 261 35
112 183 93
105 374 70
174 295 57
59 114 73
139 411 21
35 136 44
209 479 34
148 153 49
223 236 77
6 61 33
166 313 97
227 299 50
390 431 20
307 344 38
316 407 74
338 393 14
51 342 71
197 201 73
116 320 29
264 492 27
1 450 58
80 344 72
127 165 66
161 347 92
68 352 85
17 370 80
182 218 99
162 187 8
57 214 38
373 434 35
0 270 93
32 175 36
38 115 75
206 259 48
421 449 20
62 308 1
73 189 70
103 287 33
80 424 22
6 434 51
333 435 92
213 426 33
46 458 31
99 449 96
23 85 97
51 278 22
57 167 87
188 250 60
322 349 89
185 313 35
244 437 89
204 234 92
31 472 73
33 238 7
272 278 79
14 80 62
373 395 63
113 114 91
454 456 78
50 361 83
152 280 55
65 287 91
18 324 72
65 158 30
152 231 35
39 386 93
140 387 4
402 457 70
212 331 99
111 162 69
9 330 33
52 362 97
0 492 97
99 179 54
139 249 67
105 135 89
58 150 68
417 423 57
70 491 100
6 409 13
10 465 96
46 108 36
42 57 42
382 412 27
140 335 87
74 174 77
297 355 80
8 248 80
25 117 22
5 349 29
306 454 69
144 157 30
81 328 36
173 454 93
274 380 27
29 230 74
73 466 56
273 342 87
265 379 6
352 355 97
308 468 61
56 82 85
280 300 30
40 83 45
121 220 2
298 396 58
16 40 82
102 262 93
138 438 18
207 392 11
293 361 93
105 320 80
134 458 38
130 280 36
28 174 31
240 322 32
166 388 71
206 346 15
4 383 40
46 136 4
197 457 19
155 184 37
339 470 72
83 367 8
165 173 34
363 478 7
308 441 22
42 399 22
122 449 4
263 441 12
15 441 96
0 291 39
31 497 94
0 350 10
342 379 72
28 436 44
75 392 24
20 93 66
84 482 44
94 178 72
187 388 13
151 325 53
270 488 87
96 393 100
74 363 36
149 470 32
315 356 6
148 301 87
32 237 7
310 317 70
213 436 23
19 55 46
296 459 13
63 401 42
238 496 67
178 340 82
140 481 89
363 374 54
158 479 39
296 446 13
242 379 58
154 340 49
88 188 74
210 213 1
169 236 92
121 291 67
346 378 53
178 245 45
307 432 54
128 249 48
272 415 85
83 278 63
157 379 92
200 405 82
15 349 41
75 292 82
42 224 57
200 413 83
483 492 19
30 39 18
303 324 89
147 345 33
54 153 18
225 372 51
135 335 30
142 231 3
305 476 86
100 331 27
284 397 90
32 152 78
110 141 35
431 468 24
41 206 50
26 281 46
474 497 44
3 340 10
252 367 94
199 200 79
125 161 13
5 107 51
51 456 78
337 475 99
40 203 22
294 371 27
16 375 4
173 488 72
253 330 74
332 460 75
49 341 34
8 119 67
166 275 57
330 414 3
71 487 30
35 52 95
68 199 1
78 346 61
420 462 23
32 256 28
28 122 88
171 290 50
9 73 62
165 296 35
2 384 94
247 453 87
0 209 1
68 130 38
54 119 26
312 414 3
54 459 51
266 291 66
256 295 78
181 324 53
68 313 86
254 413 60
47 413 47
42 375 96
19 251 53
304 430 72
277 418 75
214 471 3
341 364 55
313 466 29
355 454 99
152 291 16
158 445 40
44 410 20
11 308 12
57 415 72
15 215 11
138 169 28
27 82 6
195 409 69
75 96 8
88 422 16
242 298 42
24 250 61
74 350 28
241 488 14
204 407 46
66 328 58
143 333 53
117 384 64
123 391 22
49 55 48
116 271 20
146 172 44
192 367 54
197 390 100
21 413 22
18 322 60
31 451 68
338 349 13
265 276 54
48 118 68
79 190 85
209 333 56
408 441 65
22 239 20
149 324 45
270 445 59
331 334 40
113 208 7
14 229 26
77 452 73
91 459 54
89 238 32
362 432 36
271 425 61
121 456 89
392 415 35
20 173 87
180 352 49
50 326 50
116 287 80
69 142 14
166 180 36
119 329 25
386 460 78
184 447 48
133 268 95
461 471 2
118 402 61
131 464 30
237 239 84
184 470 54
114 226 58
55 180 36
47 482 26
238 364 92
133 472 12
228 304 45
33 306 49
429 470 20
104 426 27
426 441 23
163 493 77
408 429 22
61 201 89
132 352 37
108 268 2
234 439 58
62 127 97
153 401 68
355 463 5
5 248 65
42 283 1
335 337 78
46 455 59
50 435 2
88 472 84
76 315 100
252 268 67
86 208 52
102 191 60
66 349 74
48 410 72
297 432 73
179 312 9
20 473 56
9 334 80
102 211 47
84 235 79
230 300 100
117 455 7
61 122 85
215 305 8
11 83 45
208 496 97
201 385 30
3 477 11
1 217 43
55 307 39
200 314 6
383 491 79
149 385 10
407 463 92
220 263 31
227 263 88
380 381 23
139 497 88
306 385 81
120 357 26
176 402 42
112 382 42
111 488 8
182 475 11
186 256 62
130 484 67
432 470 99
29 201 24
310 323 71
220 341 73
373 475 83
25 453 89
145 204 13
11 428 46
133 352 2
227 270 49
4 83 60
35 221 59
75 432 58
285 455 76
124 387 45
32 228 75
29 307 51
287 331 12
167 332 46
193 294 75
195 334 47
295 388 48
121 423 42
236 473 1
166 337 80
71 356 7
131 298 52
64 137 78
15 498 28
6 342 61
44 160 11
52 233 98
82 299 60
27 258 6
75 442 23
212 347 55
320 389 1
129 373 5
30 44 47
354 397 44
126 196 44
400 498 28
74 188 89
12 401 13
372 406 99
28 469 44
262 301 37
160 361 32
216 268 12
115 486 40
84 389 59
259 263 75
143 149 38
122 315 75
169 450 92
394 410 45
411 485 88
88 150 45
251 273 95
51 353 7
154 245 88
259 285 49
336 367 50
68 363 67
200 422 82
376 449 25
139 442 72
6 467 8
139 187 57
117 266 84
111 135 31
56 204 6
94 397 98
49 426 69
72 329 17
106 357 38
211 325 24
125 480 16
405 450 90
280 467 59
64 454 45
82 425 32
132 251 41
21 394 11
44 355 29
97 322 26
220 354 25
105 178 43
97 386 67
69 494 29
68 119 22
357 360 18
34 257 63
27 131 98
289 444 82
261 470 62
107 390 65
175 287 48
206 298 77
363 433 85
241 384 38
96 386 64
362 478 74
64 353 14
85 385 43
68 369 13
202 331 42
61 445 59
37 488 13
98 304 57
184 236 56
124 428 18
83 460 29
18 267 84
16 331 89
82 207 13
7 400 6
341 405 61
205 367 64
97 137 34
148 173 22
80 454 70
55 128 6
147 315 31
20 492 81
271 368 19
50 143 31
116 122 17
111 374 50
314 452 63
120 191 9
199 359 44
242 272 51
416 445 17
353 423 6
431 438 14
126 499 34
218 403 37
90 180 94
232 381 84
148 287 84
224 490 63
148 235 96
196 256 10
293 422 50
50 364 64
225 314 71
203 221 44
209 473 100
44 243 66
172 192 51
209 325 17
28 303 4
37 223 66
437 450 24
9 462 19
47 485 24
172 340 99
352 353 59
223 275 84
77 305 84
6 236 31
145 480 51
227 396 58
25 241 13
120 319 41
136 483 25
247 481 49
181 252 87
173 313 7
41 51 70
59 183 41
43 403 36
117 422 8
410 433 40
257 391 42
145 379 54
230 499 11
186 351 30
199 209 46
271 466 56
87 347 27
265 320 53
5 146 46
87 303 69
23 326 43
334 411 11
132 135 40
145 151 85
262 282 79
126 435 74
75 456 51
23 25 71
173 234 11
147 159 74
97 468 53
76 168 46
80 111 12
286 361 57
196 259 18
116 348 95
146 297 29
113 333 11
80 110 33
232 448 81
261 358 5
205 258 84
256 272 17
37 450 72
457 493 13
276 438 24
23 192 76
273 446 35
92 199 83
17 289 25
73 345 61
37 62 98
250 360 12
81 469 28
78 498 46
20 253 87
348 463 88
35 406 61
328 464 43
253 433 77
128 268 69
258 404 63
273 418 100
65 448 90
176 293 93
64 132 45
233 249 25
446 457 99
340 440 3
116 454 29
235 301 17
45 445 59
16 374 27
336 339 64
65 299 26
187 315 8
93 381 10
38 290 59
32 296 97
214 328 11
148 245 37
451 465 48
146 165 57
356 408 53
77 251 92
82 88 6
103 436 2
52 210 77
385 444 66
54 426 75
205 404 87
76 163 46
37 264 55
285 286 91
21 204 49
56 352 24
219 258 8
85 441 22
14 178 32
244 340 76
380 442 63
73 293 13
86 457 7
284 350 4
148 396 96
405 471 58
46 64 26
138 325 33
154 430 26
94 170 99
231 350 92
56 386 72
432 485 56
5 63 84
148 150 25
61 401 33
158 196 70
187 380 100
125 339 64
38 69 5
166 213 44
44 144 32
110 490 6
26 387 86
106 396 78
361 452 67
139 145 75
184 246 28
63 293 3
314 473 2
344 383 80
262 469 48
127 451 24
55 379 40
125 349 71
72 497 18
77 423 37
12 77 28
354 448 5
14 260 74
3 494 23
210 475 33
9 229 71
90 177 72
82 122 10
122 425 47
366 434 93
255 403 94
75 128 46
125 402 10
165 314 45
18 240 86
49 262 56
170 297 26
58 317 75
208 492 56
276 365 9
133 306 30
174 456 88
81 444 55
35 437 41
123 149 72
24 299 83
4 168 93
67 415 89
176 493 21
245 259 44
283 462 28
254 434 47
41 231 5
415 431 15
349 352 69
169 490 5
122 466 60
257 404 73
35 181 93
443 492 96
0 213 95
404 471 42
188 205 40
295 485 83
261 337 8
153 406 66
149 445 70
74 446 25
128 492 15
80 104 29
198 301 69
286 477 27
122 263 85
33 381 94
367 490 92
28 134 91
154 182 32
316 327 80
115 476 83
232 392 68
150 217 31
157 499 16
244 336 49
47 53 21
168 482 75
286 393 46
55 471 13
192 347 41
271 491 56
415 476 96
35 335 76
242 319 67
162 219 90
307 419 22
292 341 42
112 198 66
93 116 13
109 471 95
142 413 71
280 290 8
16 422 51
106 437 78
154 160 81
14 144 4
138 448 36
201 271 83
132 418 70
126 292 86
38 468 26
201 222 4
310 429 60
200 479 37
27 354 21
84 298 29
2 331 50
326 379 62
320 448 4
171 219 2
275 299 50
275 345 68
33 458 61
467 482 23
203 261 5
424 452 56
169 210 97
248 276 35
35 129 97
123 459 60
101 472 21
316 380 13
134 149 57
79 251 87
310 329 21
218 472 71
23 162 73
11 291 3
426 483 34
123 441 7
142 202 30
93 251 39
303 358 33
262 366 16
332 451 44
47 307 66
52 313 2
303 379 56
82 383 58
54 74 77
7 28 22
165 280 56
256 406 99
110 366 63
440 472 31
301 391 40
368 401 92
165 225 47
38 235 84
237 281 24
309 465 58
278 420 27
258 306 64
198 217 67
156 335 39
207 409 63
357 387 36
191 300 1
278 365 49
176 177 32
307 462 37
79 291 50
308 448 83
45 180 62
120 135 41
19 429 32
87 158 89
88 313 91
344 393 14
52 329 38
1 313 15
64 441 82
218 368 11
370 397 9
209 243 88
160 315 39
407 408 21
380 478 20
65 328 1
150 247 45
197 354 99
273 278 46
25 288 14
322 470 82
56 338 39
56 103 97
144 446 15
224 459 5
321 470 77
97 345 65
147 395 50
69 197 28
189 234 12
39 134 51
198 469 59
31 104 52
110 132 87
10 173 26
75 155 39
320 429 44
191 389 22
68 327 45
312 406 20
399 458 66
6 385 49
89 248 88
332 484 26
246 443 69
302 381 25
299 429 22
127 211 75
50 330 22
184 326 99
81 231 92
218 258 59
1 156 39
105 306 52
167 194 91
282 297 48
54 260 71
193 350 43
159 341 52
241 300 59
201 312 73
75 181 90
285 345 50
170 286 43
127 227 64
122 304 87
202 318 78
91 146 16
309 491 22
295 306 58
201 311 99
59 419 52
324 367 13
60 403 2
97 246 100
60 266 19
136 414 89
105 436 77
251 362 65
61 299 81
37 84 46
192 248 80
132 344 42
308 383 79
52 306 84
22 296 75
103 203 43
137 268 35
0 70 66
172 219 39
31 367 75
90 267 61
142 294 22
109 225 58
160 271 93
175 182 20
302 438 49
10 110 84
208 275 75
123 185 52
68 137 78
66 362 36
386 425 76
176 445 68
249 279 56
88 240 80
105 230 92
122 218 73
340 371 34
43 400 35
325 442 38
255 452 40
53 132 86
85 220 53
34 480 22
135 498 46
311 425 1
57 115 100
116 315 90
234 316 57
438 441 29
240 455 39
211 471 62
341 481 28
18 36 57
182 387 14
329 481 85
332 423 38
73 283 2
25 322 47
247 254 5
211 409 70
91 152 59
410 419 41
76 385 95
34 155 78
75 483 3
293 448 11
362 439 12
8 182 41
422 427 66
19 67 66
215 294 80
4 159 36
408 467 87
289 435 99
168 489 92
288 427 27
58 93 96
127 225 34
427 483 58
99 113 93
73 187 93
294 341 78
78 468 91
235 297 73
92 446 4
419 430 9
139 178 72
147 199 77
377 404 54
67 452 32
200 339 19
34 195 31
95 383 76
49 97 38
335 384 95
133 439 73
245 281 34
216 219 40
200 233 40
221 407 3
139 261 36
268 393 67
189 228 91
57 375 48
69 383 60
177 262 17
257 332 46
441 461 99
425 483 65
224 427 1
166 238 71
82 382 24
91 346 23
299 383 43
209 413 87
132 388 42
286 452 30
38 108 2
381 490 43
110 284 43
35 213 20
134 233 72
199 252 23
103 154 41
193 426 17
170 454 67
109 224 50
156 470 44
179 368 27
262 294 61
162 208 19
56 105 84
35 413 53
227 286 68
363 391 5
214 427 56
111 460 15
128 238 47
57 254 78
239 247 18
292 481 65
293 491 59
106 277 72
230 450 56
188 253 33
112 477 35
134 461 19
114 138 98
322 478 73
389 419 17
62 186 25
254 379 37
75 431 23
95 407 34
48 67 6
71 202 9
226 473 47
96 448 72
144 344 35
55 299 55
52 307 100
26 317 63
144 426 91
50 227 87
154 383 54
92 307 86
17 194 3
107 166 95
141 466 4
121 399 100
95 168 84
403 407 86
139 324 79
79 464 2
210 370 91
58 281 77
86 192 24
399 462 68
141 269 53
268 336 60
51 359 68
40 150 20
425 477 80
486 490 18
368 444 75
110 363 4
18 331 76
89 363 32
115 184 51
102 119 95
165 324 5
138 141 84
441 460 60
61 419 57
205 256 54
216 454 79
129 148 2
38 384 22
261 424 97
208 212 29
166 259 3
30 91 43
111 176 35
104 314 71
119 261 90
99 152 41
140 308 78
129 154 61
26 71 85
105 262 97
358 417 95
73 285 92
125 489 73
209 399 28
360 415 89
95 417 84
209 408 70
139 414 76
234 358 30
130 380 19
188 357 54
256 306 28
54 313 61
51 329 89
407 498 100
257 259 91
146 289 79
29 82 94
329 462 15
230 441 57
28 131 8
34 290 86
246 466 34
44 366 84
167 321 60
238 267 3
132 221 76
25 28 54
327 353 10
136 431 66
22 231 49
240 416 71
130 196 42
170 471 100
222 444 70
1 83 22
73 369 13
195 381 6
99 295 97
193 450 2
60 393 20
420 426 26
207 264 30
247 430 5
170 257 55
112 178 6
127 182 60
76 407 86
410 496 24
91 456 4
98 222 38
377 440 34
315 419 3
226 280 13
126 249 93
476 492 67
225 289 74
448 453 25
182 394 31
112 209 79
393 409 95
19 284 80
272 334 57
24 37 43
158 495 22
126 251 39
168 352 30
69 209 84
104 398 96
75 390 50
376 497 91
278 480 42
108 469 15
276 434 1
190 233 73
74 120 36
157 453 22
332 465 67
54 379 2
223 334 97
65 296 14
42 420 31
175 331 62
131 421 49
107 314 8
355 428 80
4 7 62
116 314 9
193 398 42
248 458 45
116 346 88
12 331 98
285 482 11
340 428 27
195 468 27
9 196 29
120 245 37
255 356 73
342 421 57
236 463 14
76 345 67
102 146 52
164 256 24
6 463 88
157 414 33
31 116 30
223 243 76
13 267 23
120 337 99
283 356 66
167 225 57
230 444 34
374 489 15
231 392 7
170 392 17
5 103 54
216 474 8
49 346 56
161 258 47
81 491 31
230 264 16
123 188 39
57 73 7
377 409 69
185 394 51
136 382 64
96 191 5
210 445 83
322 401 63
205 463 24
24 105 36
334 352 2
143 250 43
245 436 8
3 350 95
354 411 3
3 87 24
147 272 15
83 487 55
37 414 86
33 111 52
233 352 57
59 162 62
4 286 31
163 445 3
423 424 70
85 396 4
124 391 73
312 480 61
234 268 93
224 410 87
207 444 28
120 256 35
136 291 30
75 307 78
6 198 73
92 93 66
140 234 35
209 276 16
75 149 96
229 314 33
43 451 85
85 428 100
323 354 21
113 218 35
274 491 94
258 279 26
56 239 11
28 69 63
38 478 51
300 331 49
26 126 72
56 292 23
117 344 39
310 451 48
72 189 69
35 390 35
17 322 68
113 117 50
318 324 3
101 324 26
82 200 71
181 487 95
337 435 93
54 476 49
297 344 29
394 470 91
429 471 65
19 91 82
166 209 94
25 468 50
115 433 69
3 292 96
86 494 34
216 246 79
253 320 13
359 405 85
430 473 5
69 184 84
461 474 2
149 279 78
206 269 75
26 205 1
317 458 89
89 316 44
211 441 43
93 493 24
81 381 82
86 330 54
174 303 96
76 147 81
145 246 40
413 482 97
159 475 12
396 417 84
109 274 67
35 123 71
3 74 90
316 434 77
38 429 86
99 182 78
219 292 73
154 375 79
132 496 11
114 364 45
218 492 21
4 290 36
39 269 35
105 447 62
21 416 90
100 358 45
430 431 86
190 462 38
320 491 33
300 320 67
187 252 98
255 325 38
233 475 28
103 127 19
411 494 19
52 165 74
149 481 74
76 390 4
432 448 41
124 296 55
330 452 72
154 211 99
91 149 36
386 491 57
203 448 40
69 435 49
483 491 29
459 480 56
10 137 37
136 375 39
32 387 57
14 280 75
92 434 3
265 470 14
379 444 85
23 132 37
185 253 84
337 432 50
226 253 13
39 400 50
179 255 82
93 114 71
96 111 71
63 149 43
325 489 2
130 144 59
16 416 98
138 387 55
257 412 27
114 387 34
239 330 83
144 370 2
327 483 83
57 436 71
111 175 91
170 376 98
397 432 42
254 417 64
74 442 26
176 341 29
14 197 98
179 377 45
195 392 25
151 342 38
419 438 92
43 283 98
274 411 29
196 341 10
142 401 76
238 494 34
25 209 80
243 262 4
291 485 56
188 318 52
303 401 49
174 318 37
36 334 32
27 330 42
12 26 29
292 422 94
110 156 28
42 314 81
275 336 41
358 493 92
48 189 44
52 289 86
72 159 64
361 467 90
2 90 15
241 320 2
198 208 26
55 412 74
29 158 8
59 243 18
354 370 16
12 84 93
447 489 84
309 437 64
179 266 73
120 479 27
7 141 60
318 467 90
362 364 26
12 132 1
338 427 92
480 494 49
245 336 92
43 285 5
336 386 95
144 232 89
323 389 72
63 212 61
327 453 9
70 208 12
326 405 89
239 498 90
89 444 35
63 488 57
250 365 11
110 181 100
3 459 78
230 251 17
30 302 23
90 481 52
244 257 18
84 383 78
143 402 55
101 491 86
115 266 36
87 422 85
147 172 88
278 392 58
294 356 23
63 280 81
119 279 21
240 429 45
122 168 87
81 207 25
347 482 65
242 282 78
91 433 90
197 199 77
31 340 44
338 380 27
14 114 30
167 248 98
257 426 99
118 123 3
13 97 61
99 379 3
244 362 41
193 265 19
42 467 25
139 451 93
305 416 12
89 311 27
115 341 64
181 478 34
202 242 81
73 403 33
90 200 40
262 326 20
173 183 68
281 469 99
66 94 74
141 243 17
0 477 10
28 315 56
251 390 3
56 237 24
391 406 26
77 287 55
26 89 91
259 496 93
55 173 82
81 433 67
14 44 45
54 112 69
300 460 6
71 339 80
112 430 57
103 374 97
22 385 37
337 347 73
153 386 45
47 68 90
345 470 25
103 343 14
83 476 77
3 93 100
222 349 27
188 402 27
321 426 63
127 481 61
276 287 89
417 472 49
249 404 36
411 488 6
70 487 8
151 220 39
324 482 91
90 147 58
74 267 10
85 279 1
78 158 37
187 245 59
35 419 38
178 329 74
302 457 16
204 218 74
252 261 26
159 408 5
105 305 30
97 188 82
83 267 67
395 432 24
218 253 67
255 483 17
74 415 69
157 198 17
388 432 12
247 355 80
66 476 78
286 287 5
24 325 40
13 46 23
324 487 7
30 272 33
223 374 5
25 42 87
228 496 34
283 286 4
72 106 91
106 419 58
364 393 98
205 252 36
8 32 13
112 412 76
22 354 12
297 418 76
183 452 36
28 296 93
205 307 91
235 476 99
391 432 73
61 439 57
189 499 20
335 401 53
429 463 79
79 459 52
318 475 36
286 352 88
142 370 19
172 376 65
87 111 16
267 362 13
140 256 66
116 463 32
194 474 97
10 113 50
149 449 74
93 283 28
396 467 4
97 442 24
81 209 49
81 126 5
83 467 21
199 462 94
203 435 4
89 154 25
108 183 55
0 190 12
0 259 98
264 289 42
124 222 20
116 345 88
373 406 89
318 325 50
49 85 49
379 424 41
229 295 52
176 423 20
307 358 55
30 338 24
12 232 61
126 432 45
18 371 88
178 479 54
390 448 61
42 292 29
150 227 70
8 250 74
272 287 85
66 154 11
81 441 38
174 183 7
106 132 64
76 307 82
313 367 78
26 410 29
274 325 100
52 204 100
183 345 12
49 112 76
11 290 75
357 433 95
2 322 94
211 230 79
1 391 99
128 428 75
17 290 11
232 417 13
243 405 8
90 285 2
243 443 64
64 332 68
139 388 63
225 368 71
40 432 46
350 475 18
352 443 43
119 232 32
240 332 35
41 492 17
52 457 16
199 247 99
142 403 49
285 313 35
103 499 54
124 486 15
388 496 7
279 451 15
257 485 77
182 357 41
360 382 52
116 390 64
179 373 27
335 411 4
148 353 89
143 446 63
166 247 36
39 202 24
258 287 77
268 389 32
52 215 37
332 430 28
121 244 44
150 280 36
228 425 11
21 459 28
50 179 95
74 166 44
92 193 75
146 366 83
274 455 60
418 422 52
187 386 35
110 140 54
164 183 13
163 473 10
53 355 3
27 156 97
116 144 89
111 437 87
148 416 4
75 108 10
179 425 99
52 249 67
181 469 59
10 378 29
239 351 31
54 420 6
181 337 6
202 373 25
228 248 40
359 468 61
94 109 2
39 224 99
341 484 32
330 375 26
345 488 49
239 482 11
263 295 1
37 265 89
123 367 83
331 468 56
258 446 50
239 254 54
83 298 96
222 267 6
22 387 4
34 337 9
89 369 24
231 461 97
156 214 70
199 243 97
411 461 54
112 291 77
214 320 8
154 228 26
103 494 37
283 322 11
242 248 89
68 163 84
218 329 21
201 353 32
329 440 5
105 323 86
141 306 13
307 406 48
86 404 28
111 279 81
124 342 25
128 230 69
2 305 75
364 390 20
278 284 26
96 229 42
86 425 13
135 173 99
409 412 73
160 454 74
164 463 54
366 428 9
90 169 25
172 383 21
357 465 13
197 373 100
155 289 94
379 495 78
91 160 28
218 302 85
81 410 41
135 278 81
250 319 15
335 474 18
36 444 95
138 449 43
69 279 16
94 162 63
167 481 67
140 426 100
99 437 15
178 183 29
192 408 63
426 467 73
65 129 67
194 364 2
404 440 67
58 252 60
80 342 50
227 472 8
234 360 98
54 394 6
150 486 80
134 273 100
24 168 35
127 130 31
154 378 37
234 445 38
172 252 99
256 287 33
62 263 26
0 364 26
185 326 30
289 378 74
5 128 50
26 294 89
174 381 19
233 421 78
298 315 7
107 173 28
53 331 93
205 397 72
65 197 10
152 469 60
304 328 6
38 110 53
10 425 16
387 399 99
196 443 19
1 161 75
153 194 81
354 393 76
364 369 80
117 129 35
66 87 38
30 283 10
207 313 19
5 53 8
62 99 59
104 214 60
141 369 20
271 399 40
170 429 69
161 391 28
19 229 33
179 489 81
212 231 50
35 116 52
170 327 45
53 169 18
26 74 53
228 348 50
206 253 100
102 363 46
324 380 30
204 207 13
90 485 53
82 125 76
183 231 11
172 357 76
166 241 68
272 471 65
139 235 52
30 165 65
115 368 53
5 336 47
161 392 34
222 362 49
193 347 52
110 437 5
130 425 89
263 461 78
117 375 25
175 257 53
56 318 83
141 494 88
62 384 2
404 425 56
72 401 85
112 441 52
219 487 7
99 156 83
417 458 82
428 495 50
67 90 96
37 417 84
103 282 90
222 336 86
155 228 95
82 388 37
227 465 57
92 387 41
38 481 68
2 115 70
113 369 99
123 396 50
214 359 64
368 376 29
15 171 43
180 283 88
196 414 42
181 225 88
247 457 18
10 217 48
193 403 79
216 319 99
259 458 97
381 461 27
12 274 45
339 392 35
162 192 10
363 467 92
56 126 21
28 224 49
258 397 1
57 391 72
63 397 91
146 175 79
314 419 14
10 66 50
116 247 73
66 346 4
273 308 94
0 96 38
225 271 64
148 186 1
94 320 93
383 402 20
213 352 42
25 128 52
366 411 97
289 424 100
279 430 52
7 489 28
56 128 87
169 489 32
135 286 16
79 467 13
63 210 28
215 335 67
276 384 70
60 72 74
133 393 85
359 481 49
70 288 13
232 470 38
105 251 81
68 122 27
91 189 34
331 479 20
330 389 94
156 498 18
21 100 55
127 383 66
42 43 14
228 428 7
422 424 54
22 36 36
64 477 23
336 478 40
233 371 68
124 193 83
202 446 66
153 481 89
152 203 61
152 220 68
256 315 32
341 464 97
263 363 97
216 447 46
159 379 97
24 443 60
131 436 62
137 185 43
101 194 62
133 315 13
4 173 7
132 232 25
26 72 5
35 121 65
103 395 37
239 306 32
19 389 52
77 469 61
33 432 48
53 162 45
366 424 54
33 370 34
382 444 79
46 181 38
49 111 28
173 430 10
56 366 83
91 225 95
49 492 23
7 465 66
141 150 25
85 116 58
127 218 62
355 406 27
308 371 31
299 468 96
136 491 83
183 283 19
0 469 77
97 261 98
268 451 63
96 321 13
403 418 80
72 117 78
39 240 15
9 91 36
276 337 33
260 356 43
134 196 5
284 380 41
197 305 45
244 313 28
370 399 96
78 324 15
300 467 35
49 92 17
303 400 34
242 371 11
246 304 60
44 395 66
8 346 10
338 499 69
112 370 19
156 207 66
54 288 63
98 272 94
39 133 47
110 273 52
309 386 92
298 437 90
113 130 52
159 410 31
110 152 64
116 392 85
11 498 27
215 479 26
63 152 70
0 433 8
171 417 81
40 219 14
205 470 13
348 368 67
280 386 63
407 468 83
178 246 5
345 490 52
410 452 39
199 212 40
231 327 60
121 382 85
147 319 8
95 250 100
63 170 9
13 300 86
453 459 92
210 234 64
89 455 16
19 197 7
30 189 1
237 314 6
7 352 30
179 392 73
238 353 28
127 324 47
12 312 23
60 329 7
449 460 31
247 306 45
151 327 55
62 389 14
79 210 74
198 419 71
18 136 64
97 231 57
103 476 29
142 415 9
177 389 3
67 277 90
274 277 76
325 411 36
11 163 37
165 384 37
32 103 50
415 484 43
67 284 74
67 123 5
41 472 78
84 187 61
97 182 91
72 436 82
169 373 59
46 260 30
405 406 22
141 440 1
49 240 47
434 495 46
457 494 33
180 315 59
28 293 72
61 62 25
121 135 55
494 495 22
145 459 22
153 384 57
62 238 11
214 274 96
165 352 36
24 484 29
275 447 64
124 307 16
23 36 100
40 237 81
359 427 55
294 373 31
200 385 94
197 270 48
208 466 22
203 237 73
271 426 13
146 427 91
250 389 89
131 472 49
160 276 55
137 488 93
19 362 1
97 402 8
24 25 86
45 269 41
167 358 4
189 460 86
72 170 93
243 301 13
101 274 55
152 478 84
289 484 75
130 411 5
334 359 33
27 230 5
188 343 42
193 405 81
53 229 35
87 351 100
55 270 90
177 338 45
89 187 82
15 234 66
244 455 44
76 210 68
158 277 87
5 79 6
414 419 66
30 212 22
220 410 43
190 269 11
206 261 91
150 244 29
158 261 62
133 435 57
126 361 97
7 49 41
110 427 84
439 494 30
68 225 91
150 308 35
32 56 52
268 410 79
80 174 83
61 146 52
29 289 94
64 115 1
353 486 1
380 394 28
68 96 38
59 308 16
147 292 5
348 363 75
297 381 63
181 361 40
209 256 75
76 138 56
127 217 77
239 401 91
69 347 15
268 468 71
42 134 70
29 37 84
156 487 17
20 255 96
208 347 62
381 396 47
151 497 68
454 499 1
272 306 76
50 291 32
101 129 28
351 406 87
135 357 68
212 368 33
158 223 73
239 328 8
6 337 99
195 339 19
172 287 22
370 499 5
108 269 91
13 436 86
298 388 67
160 479 36
151 498 61
93 223 16
252 442 5
198 405 81
203 227 10
62 339 44
264 299 85
219 225 64
118 266 86
138 373 3
156 168 87
71 360 81
68 143 85
38 396 58
309 338 40
275 331 9
155 349 66
41 101 4
323 337 41
78 129 3
269 318 91
132 228 22
169 252 78
372 482 36
110 128 24
222 335 22
64 296 5
51 148 40
18 347 52
295 452 2
291 435 36
93 334 23
166 333 76
206 373 47
30 378 15
93 274 34
327 424 34
224 484 29
59 425 78
52 326 8
183 335 33
58 286 100
341 443 1
42 317 90
202 342 82
35 336 16
85 148 98
164 388 1
79 255 21
33 196 89
72 315 8
156 227 84
14 464 96
281 417 56
384 388 15
158 284 24
310 397 47
161 413 6
354 450 58
80 368 50
234 378 64
24 478 63
132 236 46
298 328 14
165 321 82
212 350 6
72 408 4
0 436 34
241 419 5
147 179 57
317 471 92
191 291 26
13 307 72
205 365 76
185 333 33
241 352 16
133 317 33
59 322 53
359 417 78
379 475 89
322 398 24
196 355 60
247 419 83
220 498 12
245 289 58
193 284 63
240 438 15
217 495 93
341 444 55
302 396 87
254 271 44
422 429 56
17 155 45
54 226 69
209 441 92
380 420 27
241 360 24
365 496 41
301 385 49
144 148 20
158 462 91
192 483 51
411 447 63
257 474 83
65 118 29
58 220 63
256 330 30
122 130 27
128 181 21
21 299 1
111 361 82
193 287 63
83 350 4
168 275 97
158 369 16
13 266 16
286 378 35
142 420 43
217 366 87
65 211 92
60 431 45
64 297 20
230 472 80
104 118 13
401 437 3
214 374 91
223 468 67
126 410 74
165 350 98
10 28 53
11 289 19
234 284 95
99 202 28
208 402 45
264 401 50
138 361 41
116 121 25
148 210 35
9 239 58
386 490 74
409 479 36
66 289 32
440 493 7
58 151 69
246 427 75
68 455 89
6 99 51
281 495 88
294 313 60
479 490 9
197 453 28
192 271 18
56 446 20
