500 9100
0 356 98
356 434 59
434 499 89
459 460 98
227 260 56
219 292 76
297 482 100
78 85 34
3 371 23
276 308 86
281 391 21
45 197 76
474 479 62
31 139 69
123 435 33
251 352 27
259 491 46
38 414 23
139 295 4
384 483 18
300 493 29
333 397 19
322 345 55
109 330 19
397 483 61
384 457 11
44 166 26
184 187 36
23 469 9
48 153 92
373 379 65
262 318 65
257 377 15
427 484 10
338 449 53
318 399 10
150 236 15
200 430 100
271 473 55
225 388 24
145 150 17
154 178 27
173 451 91
85 219 84
75 202 15
308 433 100
139 441 28
79 199 96
168 279 53
155 327 60
297 351 85
129 477 14
218 479 19
163 323 9
104 355 85
47 474 68
82 204 24
285 361 44
89 195 22
245 410 29
65 235 41
208 255 57
128 196 50
239 374 28
218 457 76
192 412 14
422 437 27
292 333 43
252 307 7
246 373 62
97 457 8
116 321 30
215 421 55
45 48 75
371 385 95
26 494 9
215 353 35
285 439 27
27 176 96
226 306 17
230 464 97
290 359 21
34 256 3
87 94 19
41 454 61
402 448 47
88 319 5
266 378 20
177 307 20
38 231 24
8 395 32
368 373 42
314 461 68
96 364 2
187 461 51
209 233 54
87 395 18
16 182 83
122 149 44
73 151 71
8 16 83
41 245 93
268 473 94
27 340 67
28 470 26
238 291 85
26 308 28
62 173 72
8 204 81
13 120 65
256 421 46
14 94 29
254 442 70
238 344 14
445 486 55
228 384 71
202 382 79
279 455 21
319 447 64
21 324 57
287 390 68
198 498 21
44 50 43
12 257 77
80 190 3
94 397 43
108 352 91
309 491 13
145 492 97
51 77 61
8 136 20
65 278 23
155 174 55
226 447 75
17 173 89
45 308 32
118 285 24
189 240 90
266 416 35
17 257 40
108 399 78
97 387 67
314 366 29
252 442 72
36 275 56
252 348 84
35 264 83
138 318 64
12 307 30
16 261 70
41 90 68
139 197 22
202 363 63
19 480 95
76 306 41
178 341 53
259 299 37
301 323 88
265 421 75
380 392 55
162 179 99
231 233 68
235 289 40
197 496 2
300 351 39
143 269 29
83 189 83
60 215 90
249 429 15
21 228 34
139 453 55
35 159 100
228 486 33
167 210 53
233 247 99
31 425 52
411 482 92
378 433 10
348 497 49
170 267 71
433 494 18
142 318 35
143 497 64
33 46 14
112 465 69
156 200 48
31 458 81
401 412 53
118 467 87
355 370 17
368 485 37
206 301 69
132 398 70
436 453 23
5 286 61
36 256 42
145 350 5
282 480 82
296 344 98
36 267 81
62 119 65
76 410 41
42 193 26
352 369 14
405 478 4
32 200 31
64 221 80
142 440 41
326 413 80
34 129 77
205 456 86
437 496 50
98 233 89
140 419 26
190 435 8
180 476 20
109 214 95
38 77 26
375 483 31
96 174 34
156 342 91
86 150 36
155 437 81
200 376 56
212 492 5
42 444 14
218 421 19
125 431 61
330 411 2
298 328 82
92 253 83
130 404 86
185 302 81
346 372 97
70 339 25
218 302 68
50 158 79
215 332 48
126 388 87
87 131 27
374 440 44
5 201 25
123 247 98
314 480 1
30 213 61
141 263 36
209 409 89
116 155 52
104 214 30
16 111 23
344 376 88
20 401 69
36 416 67
360 378 79
65 240 80
10 53 78
183 319 92
42 268 34
141 463 70
111 312 100
74 442 83
128 259 80
52 392 6
424 451 13
273 493 31
191 385 93
151 364 37
36 141 36
276 401 35
46 315 61
343 495 20
124 382 21
124 165 78
325 354 55
11 139 53
367 434 28
102 318 5
103 430 9
81 229 35
37 95 53
134 445 90
51 145 15
35 148 78
213 452 58
74 358 63
113 450 19
178 235 79
69 327 75
119 371 23
71 419 7
127 402 57
288 477 77
177 209 92
115 126 50
116 496 37
367 473 44
178 491 44
69 392 42
199 453 65
104 373 76
96 472 68
283 439 91
41 426 55
42 363 22
303 470 59
305 471 53
55 144 8
354 472 21
221 274 26
155 183 52
166 477 42
101 217 74
144 390 35
170 195 38
5 273 62
205 417 32
121 261 95
13 235 48
184 241 84
61 144 62
90 387 4
389 478 12
309 419 81
58 362 26
390 395 30
6 249 32
2 223 88
166 343 54
136 271 90
155 447 44
3 373 9
55 467 23
179 333 65
179 331 23
124 142 60
70 475 87
172 496 6
43 177 53
273 393 98
201 333 3
98 266 99
77 324 49
181 257 18
417 452 90
302 343 79
263 444 70
194 263 95
216 385 23
253 416 41
199 367 24
99 197 2
167 179 10
316 370 67
22 116 99
206 224 93
164 258 41
186 305 53
175 407 32
329 333 53
20 47 41
247 372 81
332 360 90
183 247 53
282 343 65
204 294 75
205 364 89
92 149 68
37 89 25
22 409 29
103 358 39
169 267 87
60 103 65
289 381 55
117 420 58
29 180 14
297 413 51
93 353 40
65 465 14
125 369 96
256 398 82
26 57 73
138 160 100
270 456 59
72 353 26
100 498 26
434 471 70
493 497 71
131 345 31
2 94 75
101 478 53
118 326 73
75 364 29
98 214 53
395 485 38
377 443 40
64 421 87
70 159 80
378 421 39
160 306 7
184 454 71
201 334 95
4 192 94
260 375 51
11 201 50
15 242 41
124 159 57
460 474 14
248 368 53
136 184 26
284 368 3
418 448 69
40 164 26
161 492 68
204 429 10
211 445 13
415 466 15
154 324 93
331 489 55
171 412 64
330 359 21
22 441 89
248 345 11
117 152 2
152 215 31
210 213 39
379 474 99
77 474 95
79 294 69
61 271 17
119 162 66
19 309 65
90 158 44
300 428 52
178 453 11
19 325 26
326 481 20
185 321 99
134 174 87
109 327 57
90 318 60
176 427 97
398 412 58
126 368 10
37 130 12
159 259 3
7 480 32
28 65 61
57 456 88
328 374 84
235 368 13
264 265 26
293 348 97
54 245 13
154 347 38
406 440 71
83 338 37
296 340 17
50 469 50
16 19 77
255 457 82
283 332 34
154 242 37
74 175 8
134 227 42
240 364 84
122 308 71
285 459 84
220 271 21
65 103 57
265 364 90
49 120 43
48 124 94
146 481 22
168 498 67
335 392 4
91 206 87
171 315 52
136 229 75
123 146 72
54 459 71
262 406 25
251 313 60
163 452 11
207 425 73
229 476 64
83 446 8
222 269 34
180 291 17
9 152 18
112 386 6
44 458 4
141 420 53
31 300 9
277 493 32
88 266 86
60 354 42
311 414 41
80 495 48
135 325 74
37 203 97
220 352 65
182 288 36
344 495 99
81 365 86
142 469 5
27 171 46
162 246 35
211 316 87
61 127 97
60 123 2
183 386 86
4 347 53
32 393 48
102 184 47
263 495 93
213 253 51
217 442 11
118 403 16
264 386 17
77 184 94
379 429 84
31 172 80
70 134 59
250 279 48
161 236 96
327 369 89
330 443 18
15 349 78
4 70 65
112 479 46
203 265 71
266 418 25
183 198 83
227 419 84
120 426 78
185 203 54
66 436 78
50 360 72
240 467 43
129 184 79
262 348 27
79 341 69
84 308 14
64 229 3
60 213 31
220 281 74
332 467 83
347 357 75
273 282 67
7 98 69
312 360 63
215 258 13
113 464 50
244 357 35
12 296 88
9 376 19
169 255 51
105 425 80
48 230 89
301 329 16
276 287 50
147 384 23
348 385 81
86 185 90
29 436 68
272 435 85
26 291 59
232 465 5
208 335 19
99 234 20
178 181 35
31 376 93
331 378 56
37 493 78
431 454 37
81 198 1
35 92 1
6 97 8
437 482 62
210 428 38
71 353 36
136 203 99
38 398 31
123 481 75
278 389 86
55 362 91
40 380 55
323 482 60
285 457 71
167 418 96
206 231 82
2 11 94
286 474 60
15 153 73
282 324 28
299 366 73
67 276 46
181 231 67
210 459 22
214 363 58
283 311 6
94 438 36
98 231 44
75 79 78
91 209 45
16 347 33
278 449 38
3 18 99
34 87 58
197 477 81
299 410 87
73 474 29
38 389 11
32 286 75
119 287 23
250 368 7
4 231 42
88 178 66
167 431 72
44 88 83
220 392 99
159 260 2
175 190 21
38 123 12
68 77 6
416 432 24
382 451 63
139 437 67
26 304 30
20 70 18
177 376 41
116 215 37
52 292 31
171 179 25
179 439 5
366 381 95
417 455 48
49 116 71
83 436 3
268 394 85
63 100 33
402 494 95
287 290 100
222 285 60
279 411 42
59 190 40
221 226 67
47 461 84
97 475 81
297 436 51
218 319 91
375 496 45
92 116 82
133 136 5
169 465 38
85 320 5
9 234 59
58 350 56
110 357 76
112 167 4
41 65 61
157 212 85
132 424 57
83 374 91
352 403 100
248 358 51
61 369 52
295 499 73
231 332 75
16 134 76
3 82 10
39 261 34
102 163 76
70 72 59
83 425 21
401 437 8
285 368 14
41 51 23
195 474 58
367 444 21
274 415 81
364 399 24
54 224 20
255 272 5
62 416 54
39 368 24
55 356 73
172 236 34
180 296 42
305 465 5
35 413 34
193 433 94
287 396 74
375 497 16
83 173 82
68 399 91
439 450 4
75 279 43
236 346 1
49 400 25
153 315 14
75 329 86
122 417 69
28 471 82
96 318 36
66 338 72
152 185 70
225 319 38
217 473 24
151 410 82
6 226 50
140 282 20
99 302 74
6 259 86
139 301 70
431 495 26
244 481 37
89 213 22
85 129 33
42 332 9
115 150 62
101 214 94
256 368 89
223 227 90
133 440 16
282 346 14
342 476 37
280 429 77
19 44 2
107 203 67
23 168 22
118 406 22
266 359 58
127 249 30
242 254 57
281 414 36
436 438 85
35 232 32
251 456 67
145 499 92
16 252 80
67 192 40
376 485 3
84 220 18
231 419 84
135 479 43
145 404 93
128 316 31
152 369 18
65 476 72
327 363 85
59 299 8
110 360 16
199 465 80
169 303 74
442 448 77
166 353 67
2 385 32
120 300 55
25 135 57
244 300 28
161 218 77
44 265 58
434 484 4
268 465 83
78 260 37
110 203 27
61 316 44
91 388 26
253 484 3
330 380 93
65 170 41
88 165 26
69 240 31
219 273 8
339 382 59
73 81 45
245 358 47
284 437 79
368 387 46
19 272 78
153 177 54
46 318 1
72 218 2
158 477 46
324 335 70
40 271 72
321 481 84
246 405 32
333 436 80
77 428 60
159 201 40
51 191 78
98 249 92
1 183 86
169 329 20
19 261 95
195 401 64
293 386 6
137 273 21
447 464 15
366 428 87
152 408 82
239 357 36
25 158 65
205 349 41
104 189 74
195 276 19
321 342 49
41 257 60
340 472 84
40 282 34
93 309 23
2 440 25
313 318 45
28 426 71
108 144 71
52 340 81
130 345 36
154 210 47
158 324 93
440 446 84
98 440 81
69 454 56
48 475 37
313 335 7
60 171 31
244 432 39
240 480 62
17 95 85
286 483 99
68 130 28
187 314 51
233 305 84
56 63 71
137 489 76
4 425 96
205 243 80
190 496 68
195 203 92
170 328 73
207 269 79
0 345 18
139 462 46
223 483 18
194 319 27
20 400 80
256 322 34
325 384 13
141 336 43
123 143 49
112 217 95
140 164 24
277 416 66
234 270 67
48 130 20
51 287 42
301 314 94
249 479 91
58 471 3
176 449 92
234 365 92
193 470 50
183 249 65
48 354 16
21 212 100
279 365 56
101 362 19
195 261 58
307 486 22
418 475 93
18 375 75
70 393 21
21 159 3
214 300 59
26 144 63
38 308 86
118 277 58
93 180 47
83 402 14
54 267 100
240 337 16
84 409 24
36 321 38
62 460 80
152 440 64
56 107 50
2 73 33
150 332 97
97 259 66
87 100 84
151 252 30
104 141 33
51 274 50
50 499 94
85 232 14
322 477 71
72 441 71
75 467 10
262 378 31
245 391 100
186 465 11
380 492 49
36 293 75
143 249 10
365 471 61
22 447 6
141 476 99
380 399 65
17 79 81
269 483 92
425 478 42
8 73 56
286 378 29
354 436 96
285 469 84
28 332 52
77 440 25
5 283 60
116 488 82
49 199 84
55 444 35
111 308 60
60 229 14
48 109 72
43 404 17
420 478 53
149 369 27
310 367 46
195 230 92
119 396 50
230 403 100
366 472 54
246 369 6
15 94 12
110 390 33
36 224 69
192 283 80
5 373 5
411 444 3
342 362 41
54 376 84
145 281 90
390 469 78
12 412 25
154 298 34
160 219 56
55 246 59
155 206 49
191 200 9
202 462 22
379 465 53
181 346 30
122 479 18
334 492 8
188 278 94
18 355 93
171 392 98
273 379 18
389 400 73
73 124 7
10 82 84
144 324 24
152 495 42
49 401 72
109 378 37
315 408 35
264 442 1
309 336 57
172 438 91
217 498 41
0 400 12
47 292 3
119 326 3
52 137 12
374 454 99
7 276 4
45 110 2
428 492 79
226 241 10
430 469 90
93 424 8
341 498 86
44 125 67
49 486 21
134 166 96
117 477 3
335 385 90
326 483 84
173 202 43
209 423 41
63 383 17
229 430 40
83 89 47
140 178 26
256 426 56
87 411 9
93 436 94
178 250 57
79 102 99
159 165 39
185 300 99
400 441 3
55 281 81
81 335 65
133 350 74
375 419 54
268 300 72
209 309 54
379 439 67
54 195 36
259 365 51
17 26 10
152 476 83
250 455 54
151 249 24
307 350 93
92 382 93
315 398 84
9 388 87
319 497 7
21 161 11
346 424 42
50 215 43
134 383 68
113 163 40
227 480 32
253 404 94
113 305 95
189 229 27
210 415 51
80 96 92
298 384 72
17 32 54
387 458 93
144 369 60
238 339 93
265 283 3
293 335 65
101 238 66
1 18 96
121 324 10
44 107 51
217 447 75
192 475 77
221 396 92
13 123 18
213 492 73
333 499 89
177 342 11
11 181 27
13 319 66
199 246 66
300 488 23
114 320 74
115 369 13
195 389 81
157 463 21
17 468 93
229 403 83
103 495 1
361 442 47
3 121 10
108 479 55
279 323 39
153 190 83
17 245 37
432 441 13
239 273 31
350 474 80
88 242 41
181 207 94
32 43 99
59 75 69
181 498 4
6 433 85
315 453 75
107 410 18
154 231 67
52 272 61
262 440 2
165 189 42
106 454 44
283 382 99
27 76 30
90 430 85
343 456 15
195 245 3
285 314 58
189 471 86
415 462 23
127 365 38
49 432 17
77 256 17
199 286 68
346 374 40
140 471 82
98 177 29
117 235 44
9 426 43
288 478 98
126 168 40
74 84 47
133 332 78
58 94 1
104 258 65
198 240 55
151 155 68
84 162 88
145 243 40
65 251 94
437 483 15
449 470 23
396 489 30
256 476 33
131 485 44
80 227 4
33 456 22
148 334 60
29 469 26
231 243 11
143 300 41
93 385 77
136 393 66
169 233 66
48 432 89
186 343 34
370 434 46
91 402 13
142 456 15
310 488 48
144 155 46
240 484 62
30 372 50
60 224 27
460 462 67
159 258 45
200 266 74
211 388 18
270 406 40
314 361 89
82 190 81
166 487 71
57 487 46
82 327 78
248 348 98
17 259 63
295 319 15
37 418 68
204 276 81
34 147 75
247 473 58
8 80 2
293 456 86
28 464 10
6 310 76
340 441 31
131 440 45
50 154 89
4 250 44
95 487 75
269 444 64
103 225 34
23 425 74
80 323 13
287 416 59
244 265 89
210 495 6
207 435 72
270 365 65
27 86 2
154 400 56
426 448 90
228 418 91
23 495 85
75 321 52
174 246 39
373 406 39
103 338 36
109 365 4
271 282 83
335 376 97
185 355 56
352 498 75
285 442 98
244 468 93
71 208 89
227 301 30
372 461 5
171 373 14
229 454 24
123 494 57
181 484 53
97 438 73
246 490 23
146 388 34
214 486 41
341 381 87
367 477 77
293 339 40
36 40 49
41 489 92
23 368 78
48 483 84
42 287 47
8 392 37
425 450 63
240 468 11
20 445 31
211 410 40
337 490 43
16 77 7
74 493 22
187 289 84
139 244 70
447 495 98
138 233 39
51 244 68
126 498 88
241 403 20
43 50 61
284 409 29
301 364 88
321 445 89
236 457 35
71 280 41
400 486 65
254 461 27
139 410 97
106 450 81
179 225 97
222 436 60
310 371 32
200 485 59
1 432 79
179 366 9
25 252 20
114 119 35
119 342 89
138 196 5
205 312 66
179 411 83
23 311 95
145 430 74
203 495 100
45 257 2
101 470 97
343 442 30
378 392 93
49 408 88
82 92 41
105 398 47
274 465 24
29 45 47
116 252 97
59 351 12
182 459 83
161 219 37
105 251 84
90 499 15
216 382 9
337 377 99
67 406 41
156 424 6
180 216 44
153 395 47
140 281 80
64 308 8
160 414 33
32 464 60
176 203 6
11 46 90
119 175 92
309 438 19
239 337 50
21 449 41
340 409 63
44 197 67
211 495 67
280 309 62
26 298 21
95 148 25
30 305 19
130 148 33
384 441 50
9 300 47
121 422 78
241 380 92
406 476 23
68 489 74
135 270 3
93 221 53
120 142 48
248 388 76
140 499 25
35 315 45
41 430 1
72 117 69
131 302 49
288 359 28
107 231 9
110 120 61
55 351 33
205 356 39
117 251 78
46 70 32
346 395 55
264 315 56
90 419 12
111 241 53
57 91 35
277 337 97
92 394 26
232 314 8
270 460 73
57 191 35
19 85 41
134 436 46
167 230 36
86 498 48
456 462 76
3 230 92
40 478 34
386 497 46
25 490 58
37 112 3
198 426 14
0 350 99
214 340 76
222 229 45
40 198 46
76 390 5
63 195 2
12 432 41
123 363 4
34 270 71
199 332 30
257 471 92
395 423 61
80 184 80
58 282 56
27 400 95
77 200 40
68 473 9
24 292 39
24 379 68
205 476 16
10 222 12
5 135 78
237 494 36
66 74 22
101 190 48
71 305 92
220 485 13
34 243 25
127 276 81
193 366 44
116 199 34
175 231 45
83 359 88
10 349 29
157 295 44
251 257 59
26 96 49
351 361 32
175 461 72
107 166 33
193 257 5
233 389 54
174 400 75
255 315 60
210 445 19
51 246 3
182 454 77
128 161 68
304 342 78
139 196 64
104 288 39
152 294 99
278 468 94
42 491 56
90 304 56
109 339 44
30 120 100
347 404 81
48 363 66
429 471 66
72 179 85
206 217 44
392 472 58
151 374 5
61 210 51
242 283 53
54 330 80
122 132 16
242 269 70
319 372 39
319 356 11
15 367 59
22 188 57
398 456 48
232 280 75
196 318 4
156 387 4
92 290 96
4 60 90
48 471 29
83 117 31
91 119 49
329 461 50
290 413 63
60 394 73
65 82 84
114 483 53
278 494 68
8 399 54
202 459 9
449 479 90
29 221 98
119 166 38
117 208 23
292 434 6
234 293 29
136 344 98
200 214 55
101 182 4
463 471 33
65 150 59
16 243 31
46 102 17
211 381 33
243 348 86
22 334 3
64 169 79
258 265 76
139 229 41
32 405 11
363 407 8
62 358 24
5 437 32
180 294 60
53 313 59
290 401 55
90 169 89
154 276 1
68 311 24
229 276 38
227 329 62
64 274 97
92 249 52
212 338 46
26 472 47
369 388 63
49 423 46
219 451 9
208 278 66
33 328 48
115 254 45
149 151 43
265 317 46
191 348 13
273 451 10
24 139 11
115 228 54
257 347 8
226 378 19
144 429 86
277 425 6
46 214 2
326 441 40
74 297 50
63 122 22
305 335 53
270 463 56
50 311 73
60 327 16
219 361 72
62 336 8
134 288 10
72 317 59
72 163 36
157 326 20
50 495 2
190 198 80
361 493 33
301 354 75
117 126 1
337 456 24
255 455 83
297 307 64
10 131 47
190 383 85
76 184 27
99 240 80
66 125 41
90 265 43
22 199 89
201 381 93
146 293 84
85 182 75
59 216 94
24 484 72
86 244 18
7 50 93
161 348 6
13 51 82
126 441 45
5 81 92
59 94 20
300 434 37
111 248 47
129 489 49
201 374 60
119 206 49
91 341 73
256 393 73
125 128 4
5 403 40
11 446 18
362 449 60
61 473 74
110 484 59
361 494 94
156 218 22
41 321 44
90 245 72
110 339 72
378 401 13
20 336 87
422 423 96
14 110 7
9 348 62
129 451 81
43 123 55
82 446 8
107 440 79
224 493 11
249 432 20
169 332 6
153 320 49
59 474 79
215 265 70
110 491 82
145 330 72
252 398 71
17 419 81
14 265 10
68 308 85
463 495 44
98 406 42
209 373 91
433 476 2
99 178 54
28 222 86
243 430 55
25 407 75
238 479 16
143 434 65
33 49 63
94 178 78
129 139 95
40 456 80
158 490 9
232 372 81
53 331 3
75 355 8
47 291 27
230 304 53
269 442 44
170 232 40
172 383 25
44 243 20
203 392 99
9 75 69
254 443 73
154 390 76
432 492 89
75 325 47
294 460 34
69 170 16
276 487 63
234 268 30
172 403 47
335 383 80
299 497 16
116 452 37
203 378 18
408 464 60
416 429 54
196 418 71
167 469 53
246 294 38
160 440 35
246 393 68
226 381 3
144 252 27
312 473 87
217 328 32
65 238 56
183 472 75
109 360 76
32 79 87
297 363 100
229 419 33
29 273 67
199 260 46
67 333 87
16 247 19
174 263 85
214 458 39
252 441 71
98 397 44
182 198 82
184 201 93
8 129 97
150 321 80
188 200 64
73 475 29
409 457 72
133 186 11
329 483 57
136 200 28
20 113 55
234 346 96
164 337 43
115 206 36
265 416 33
264 419 51
33 423 2
336 431 66
331 476 94
302 456 77
29 124 89
194 431 32
146 202 60
461 480 33
57 111 3
392 478 67
374 408 52
297 333 98
269 428 51
298 474 21
14 74 40
75 177 7
292 368 99
115 155 2
207 376 92
245 315 47
490 492 84
51 121 45
29 185 44
102 439 99
71 480 10
219 493 98
150 274 68
69 169 1
221 419 71
339 375 100
371 394 16
312 426 9
279 280 19
97 375 27
16 41 72
0 255 89
10 350 2
82 334 82
248 303 15
105 380 22
71 94 31
17 412 70
392 488 26
428 445 89
384 413 23
56 202 12
92 232 48
158 248 1
363 400 45
105 121 52
210 368 11
46 458 96
241 477 60
248 317 38
133 209 36
337 415 87
272 309 19
249 398 35
158 284 21
72 91 85
81 466 97
59 178 4
220 337 11
4 434 76
120 203 79
49 66 39
125 346 53
50 322 26
195 438 58
136 496 17
120 131 71
132 253 61
253 310 62
109 319 88
69 489 97
42 364 51
311 489 43
54 192 43
324 456 54
35 485 59
13 271 59
410 495 59
53 345 50
215 474 95
387 408 94
281 366 60
41 149 25
278 337 38
50 99 31
87 308 82
341 475 33
195 403 81
63 434 4
241 271 31
234 401 4
233 447 26
31 155 41
209 259 100
58 315 28
204 395 78
175 333 34
265 444 58
190 429 74
181 407 52
147 471 17
396 462 82
39 183 51
21 431 11
312 458 93
154 250 33
35 127 65
134 199 5
119 296 1
43 240 63
42 85 30
26 200 1
190 344 99
84 284 93
202 427 97
227 427 6
105 476 41
251 346 48
146 390 45
111 362 6
70 375 13
110 374 85
87 351 69
71 130 21
74 377 48
363 474 82
39 291 85
86 449 82
43 120 8
29 172 97
191 213 12
148 164 34
66 255 34
164 344 64
125 209 76
444 449 64
179 180 3
16 196 72
14 489 56
59 224 32
405 468 44
157 320 59
323 415 92
66 188 38
141 499 39
74 285 88
276 277 6
125 314 50
287 301 37
165 389 10
469 491 100
356 386 91
155 402 92
228 310 11
251 427 51
125 368 2
92 242 56
41 397 65
65 432 21
121 426 93
25 153 36
153 461 63
145 422 54
62 493 53
197 332 25
98 226 36
313 474 36
183 218 73
427 454 36
355 498 86
338 431 65
37 307 5
47 459 12
17 132 28
184 360 97
83 391 95
33 467 83
458 485 80
186 332 35
162 338 58
9 347 92
145 300 26
13 98 87
71 354 71
44 415 12
5 456 26
210 340 95
17 302 20
101 278 55
140 352 85
177 352 31
23 248 83
39 57 81
76 154 69
243 448 73
196 434 86
219 405 49
59 350 26
269 413 15
368 371 81
180 210 92
292 324 65
190 280 90
307 385 84
146 392 96
190 438 100
136 293 43
206 449 45
83 158 13
281 437 67
156 206 59
256 282 75
281 426 100
173 438 23
82 318 21
180 412 32
422 459 24
143 277 41
35 376 58
132 428 60
27 341 100
431 484 15
40 326 76
221 456 83
12 288 85
373 482 86
125 247 84
351 378 56
146 148 68
69 441 93
410 459 61
59 337 74
67 106 47
180 448 24
182 257 82
243 259 5
68 85 19
99 228 83
142 206 57
157 324 78
290 399 67
206 384 15
131 496 2
164 453 63
225 406 32
219 289 52
287 440 46
228 347 95
126 456 17
119 295 59
137 249 53
219 228 25
94 414 31
101 443 63
198 262 36
190 472 43
229 488 52
258 450 18
180 386 85
1 270 36
60 274 45
378 399 24
64 476 9
120 302 59
347 442 73
3 492 84
35 115 88
93 117 3
82 414 83
332 415 56
286 411 63
292 461 82
188 450 99
446 461 9
13 31 12
222 312 90
182 493 19
198 341 92
36 406 76
227 243 4
173 323 68
0 442 72
128 212 88
292 496 34
195 275 49
36 57 24
16 445 96
251 268 93
279 295 49
51 75 74
188 196 43
51 193 23
136 388 100
169 499 40
260 461 70
363 438 62
224 429 68
4 179 63
65 112 64
143 470 6
226 236 3
35 367 32
33 347 21
81 212 68
35 393 33
17 155 55
160 489 21
101 297 85
128 391 78
2 460 72
151 161 93
317 416 16
254 365 55
120 324 58
125 434 56
306 462 49
191 315 96
30 136 59
142 203 25
198 349 79
115 249 40
136 483 88
23 487 73
371 489 77
302 321 25
53 308 51
235 263 14
333 373 17
57 151 17
167 218 21
159 244 10
82 107 53
426 496 49
110 366 7
363 450 39
154 244 74
202 409 15
404 467 39
91 479 49
238 318 29
157 495 78
45 178 5
292 477 93
118 347 66
312 354 77
174 440 30
251 369 29
99 248 41
202 352 70
147 312 27
365 477 94
190 328 48
105 323 31
467 486 65
269 406 27
157 442 74
82 88 5
122 286 4
387 401 93
216 263 16
34 168 90
166 213 84
352 401 81
159 231 92
174 389 67
128 153 74
69 267 31
84 292 69
69 296 88
3 460 68
74 124 56
120 344 51
126 142 72
226 339 45
459 487 25
258 279 7
84 495 49
68 125 47
316 494 37
349 377 26
427 483 14
10 339 91
103 446 95
350 367 12
17 336 23
151 191 90
84 429 69
54 208 17
215 236 18
107 407 78
26 326 83
89 203 100
176 470 95
214 234 15
217 396 96
375 415 83
161 456 34
325 492 75
188 446 21
49 211 72
5 150 82
31 450 53
307 463 94
166 372 10
4 346 43
23 159 24
196 493 8
40 309 48
137 447 98
218 287 29
86 427 88
251 375 94
320 342 71
47 249 45
267 275 1
37 205 76
98 287 15
367 384 21
110 399 75
63 168 35
39 331 13
305 477 69
182 417 1
127 196 78
79 115 92
265 367 23
163 425 22
145 321 92
129 272 19
223 386 76
11 200 33
71 122 33
79 148 72
85 234 41
83 448 78
14 48 90
199 417 37
468 486 99
111 427 47
347 464 49
31 101 45
251 373 92
223 466 53
258 459 85
287 320 90
93 467 78
75 452 65
48 206 62
31 61 41
11 177 54
5 180 52
202 245 65
26 297 81
205 348 34
49 377 12
102 183 53
15 191 79
278 310 51
44 469 10
309 499 25
7 208 84
67 264 73
405 450 2
6 371 88
296 345 13
336 416 27
66 150 78
47 464 54
130 416 45
324 462 26
328 360 8
358 369 78
286 422 80
160 470 36
346 365 75
45 291 31
226 401 35
410 498 88
127 378 94
370 371 8
225 495 29
235 262 47
67 325 79
193 247 80
184 419 59
2 308 18
197 305 93
44 394 27
285 398 92
31 121 47
320 329 56
84 199 94
406 491 85
28 70 78
368 488 90
119 191 62
398 446 77
292 449 79
93 133 69
180 404 15
10 180 28
207 459 31
320 426 23
15 23 13
8 22 100
13 32 70
325 339 93
140 323 97
313 385 33
376 469 2
362 475 70
56 474 27
22 307 51
22 389 27
199 316 90
32 231 70
206 344 48
47 191 14
394 447 62
72 450 10
112 280 95
62 363 35
345 487 70
219 446 47
15 499 88
169 294 24
83 388 57
150 319 66
130 457 44
4 285 81
159 359 40
43 363 28
55 483 11
393 425 56
114 406 29
226 270 22
14 79 54
412 489 34
80 330 55
106 155 9
254 335 41
191 209 53
82 328 61
23 238 16
209 421 91
82 303 71
317 353 23
282 393 22
28 157 45
16 457 75
208 408 93
12 121 48
228 427 47
76 281 2
128 384 77
12 285 56
57 146 93
229 355 99
5 264 22
136 198 62
18 210 1
238 287 35
70 362 31
130 198 48
35 465 36
353 416 96
304 367 97
47 259 4
49 205 97
54 424 43
139 209 34
81 97 69
153 285 67
13 198 58
333 390 29
432 440 43
65 379 13
291 302 2
67 321 72
155 371 65
151 319 32
71 400 23
133 496 62
181 232 91
174 209 72
363 490 89
85 235 78
39 391 9
201 268 87
169 211 20
327 465 91
9 193 97
47 299 5
284 319 71
222 349 59
149 360 32
9 11 58
23 454 91
105 199 85
392 477 51
60 483 9
152 423 9
275 283 22
47 488 75
345 406 56
2 204 95
93 279 31
377 383 81
194 366 78
203 332 90
327 334 24
98 228 23
218 226 48
308 466 77
78 108 82
156 492 74
118 160 57
80 446 94
121 252 81
130 452 95
357 421 75
341 495 17
21 325 27
257 498 67
362 444 9
38 71 14
306 336 43
312 339 68
274 486 14
385 471 53
445 482 87
378 425 90
109 267 81
393 413 84
153 403 44
232 470 1
82 301 17
321 467 71
101 300 5
188 375 40
114 132 76
115 449 23
135 452 12
13 416 73
216 256 10
19 314 27
413 421 15
204 345 83
12 228 28
289 317 71
78 412 98
133 356 15
361 372 11
232 244 13
26 37 12
37 139 16
54 391 89
71 246 63
234 356 11
42 471 95
210 413 26
191 430 85
86 316 10
46 158 18
36 450 7
398 416 11
25 66 3
237 430 15
248 292 31
187 366 65
305 452 94
350 395 73
86 199 42
187 287 35
55 136 93
44 414 21
6 138 58
18 198 88
14 201 66
322 327 48
114 263 42
203 205 11
74 268 12
190 219 36
338 438 96
76 347 97
92 307 8
145 403 18
239 455 98
68 478 31
248 268 2
83 109 15
132 230 63
105 470 71
193 354 86
309 378 81
331 491 82
125 343 65
172 197 45
0 178 99
107 245 85
315 341 33
294 332 6
456 465 83
9 468 46
461 472 25
357 486 76
279 435 100
47 95 28
202 463 66
72 144 36
59 419 37
118 473 70
28 112 7
326 327 63
271 304 6
158 331 45
88 124 54
49 305 78
125 235 97
304 380 21
211 290 80
388 460 63
214 321 28
183 232 93
11 79 33
27 151 77
112 314 85
169 372 53
146 499 67
113 249 80
104 484 58
112 157 33
391 451 88
267 389 87
126 323 56
311 499 60
172 462 80
363 371 1
62 80 53
6 444 86
208 399 76
193 468 91
227 399 14
8 299 39
263 272 73
46 379 55
440 469 37
218 303 52
313 492 42
70 358 51
420 465 21
314 379 49
117 123 50
185 378 96
252 360 39
387 399 3
78 196 90
78 178 53
22 300 24
118 203 65
67 107 51
241 413 19
141 253 74
111 380 21
200 311 9
30 409 98
240 339 83
154 345 7
97 454 23
191 436 65
272 350 36
244 291 64
82 408 88
52 494 34
180 409 46
312 496 33
226 485 23
149 164 99
13 106 2
118 341 15
140 377 39
234 364 32
229 405 11
192 324 99
144 282 90
74 224 26
166 481 65
155 391 40
124 456 1
202 252 70
3 333 81
257 269 97
134 255 4
1 42 5
455 487 31
123 411 14
104 367 69
23 155 93
149 253 73
7 180 100
280 342 86
8 493 91
314 315 62
162 292 24
494 499 46
224 427 9
184 318 94
7 334 13
35 266 18
368 422 91
201 345 7
278 298 55
177 348 7
1 142 34
295 468 73
150 324 33
51 177 32
223 318 4
77 452 94
245 373 56
189 325 15
4 124 28
421 475 12
185 429 72
246 424 5
97 267 93
324 337 72
305 467 66
98 224 80
241 401 56
95 323 58
73 336 76
83 462 8
98 450 10
120 434 55
227 449 85
9 404 4
190 403 64
100 455 49
67 404 16
94 429 59
133 300 32
337 442 55
104 335 86
198 283 44
75 476 34
168 394 39
286 389 53
108 217 72
129 452 93
27 402 10
160 477 55
228 401 20
376 468 37
354 481 75
142 364 54
268 315 65
176 474 38
70 84 23
302 347 58
124 329 93
59 110 5
348 407 59
224 267 62
255 372 68
219 329 8
97 234 58
167 392 28
254 353 98
87 494 78
284 404 98
3 317 11
166 430 17
173 204 50
222 247 37
357 453 76
330 378 84
129 131 1
374 473 22
461 483 69
32 458 98
390 480 35
88 249 14
102 300 20
113 170 84
124 489 90
400 471 95
82 295 8
197 227 55
132 136 95
24 82 28
280 337 43
95 452 3
101 160 68
48 338 23
229 497 31
280 465 65
16 414 83
112 423 6
30 375 66
120 333 75
168 194 87
139 393 38
279 380 40
201 284 97
39 325 15
388 482 72
32 39 16
151 224 21
11 30 17
136 285 95
307 328 13
1 438 51
225 468 85
108 386 57
88 225 12
351 428 73
129 331 74
134 281 45
53 83 97
150 211 1
406 463 72
220 458 93
54 443 91
121 369 4
68 296 30
201 338 67
104 168 95
86 423 48
92 368 72
199 452 14
131 257 62
225 303 56
101 436 29
224 437 70
155 219 67
85 244 18
328 396 52
461 479 19
135 185 50
217 236 81
97 214 62
147 205 35
120 180 94
317 344 76
324 367 10
247 269 25
14 322 89
33 315 38
192 419 73
242 290 20
60 255 11
147 219 94
64 97 14
127 231 7
47 365 4
90 261 16
140 357 9
43 163 83
146 206 86
247 409 3
356 358 68
82 89 7
33 440 93
199 200 8
63 421 43
428 450 28
96 319 46
404 496 52
159 377 34
193 327 98
4 108 37
237 492 13
396 498 31
81 232 21
265 449 14
108 129 13
184 186 52
83 249 22
119 204 68
146 447 13
135 317 24
90 269 14
91 444 10
290 480 6
386 492 6
39 53 27
85 107 71
74 239 26
84 319 77
307 336 58
215 387 78
446 493 62
339 447 31
52 332 14
9 150 5
377 447 17
91 397 7
430 462 69
199 469 43
155 468 14
83 459 62
231 326 21
308 475 81
159 425 92
175 224 35
367 419 68
78 403 36
100 163 93
302 322 96
29 79 42
81 397 13
256 263 74
255 262 65
180 435 82
452 483 16
324 467 11
230 325 52
284 405 16
69 381 40
222 356 49
58 465 54
201 209 38
14 301 80
114 156 35
198 327 61
49 82 40
80 394 69
49 347 77
107 127 24
11 375 45
58 181 49
320 441 15
251 278 90
35 326 75
402 481 62
130 249 94
193 194 67
94 387 1
238 401 19
263 310 54
212 301 37
185 446 70
141 313 83
44 303 85
77 94 52
223 285 31
45 252 85
421 466 56
111 147 39
47 478 90
95 132 82
318 448 22
410 466 65
96 157 33
394 459 97
45 312 85
480 485 51
417 491 89
219 301 9
151 241 59
17 467 51
88 298 29
204 289 60
184 457 68
35 221 90
337 495 30
322 323 50
65 197 28
42 185 35
174 322 65
151 285 94
31 303 24
130 431 73
181 445 49
282 302 88
127 235 11
239 381 19
201 243 51
54 121 73
323 459 55
27 368 27
114 363 54
179 313 14
119 461 25
56 353 81
393 453 100
56 463 8
321 354 48
214 224 38
176 270 80
16 423 69
22 111 82
90 219 5
348 447 31
427 479 44
194 499 36
295 343 68
198 326 81
55 240 72
138 377 10
55 307 61
12 70 50
52 159 43
118 343 13
154 489 33
3 246 75
356 495 63
360 422 11
44 196 27
93 481 72
97 142 73
185 413 61
113 199 17
441 475 52
88 100 47
300 499 65
241 415 53
275 331 66
294 326 52
75 191 8
68 135 71
169 352 5
48 357 76
303 345 84
17 497 37
178 452 37
256 412 56
72 470 68
155 435 10
105 488 99
123 277 51
109 335 67
279 338 81
98 174 6
47 451 95
302 486 3
428 466 9
424 461 54
121 476 69
107 321 78
155 225 90
31 449 67
437 445 7
393 440 35
154 452 8
222 228 46
309 385 46
237 301 25
228 262 80
12 26 84
216 332 17
211 364 34
27 317 51
187 344 60
224 227 15
156 265 96
416 452 9
18 394 12
266 403 62
133 182 22
62 286 94
197 386 62
55 223 46
66 165 12
90 200 39
37 250 61
28 154 24
128 261 82
140 236 62
164 167 72
352 471 91
91 353 46
11 269 14
10 297 55
315 343 55
70 237 34
340 466 98
169 236 46
200 273 95
33 36 13
36 202 3
130 480 62
128 484 4
166 433 28
36 126 99
181 384 52
2 109 77
62 472 74
207 390 40
72 479 21
132 393 9
71 310 36
287 486 21
289 393 4
166 371 35
281 404 99
178 372 1
46 414 52
24 479 91
216 419 79
431 446 1
35 119 86
66 98 22
289 409 57
97 299 97
271 341 38
170 386 36
17 353 18
187 460 12
284 412 51
353 442 38
126 442 91
254 374 47
117 253 73
9 64 60
316 324 97
215 397 43
98 415 20
160 496 2
171 371 17
132 324 76
147 203 27
123 425 52
96 425 97
18 40 16
283 495 16
147 445 40
62 403 66
67 277 19
336 478 2
118 213 5
135 295 96
265 290 6
8 48 44
127 201 97
80 357 14
93 406 2
317 351 29
118 205 66
234 295 99
209 487 5
179 370 71
294 425 83
35 370 7
87 182 96
317 486 86
17 167 100
354 497 21
122 285 9
197 451 61
43 467 18
130 435 35
218 296 52
244 367 15
12 123 2
80 200 63
51 147 66
115 269 1
213 491 31
3 223 59
52 467 54
227 437 21
129 202 100
65 354 59
240 303 62
256 436 54
323 378 48
2 137 88
120 292 58
234 395 24
138 456 27
15 488 36
96 398 40
58 210 78
38 309 55
109 367 4
220 301 64
229 301 92
109 257 62
115 365 100
114 408 3
126 139 48
144 264 39
2 102 64
139 288 34
77 331 82
416 425 7
250 451 91
86 432 86
189 482 26
249 335 48
84 498 55
37 402 68
204 266 92
50 93 53
217 413 72
109 480 17
282 297 79
104 222 98
118 457 64
59 172 47
134 229 53
213 371 79
35 97 33
22 268 92
7 175 73
43 232 42
126 413 67
318 377 14
197 224 58
325 421 94
173 391 95
418 456 84
71 221 50
34 277 21
190 422 26
297 300 99
295 418 87
2 471 99
208 387 96
150 262 88
199 203 100
113 128 29
239 312 16
135 193 22
0 305 21
142 393 61
11 17 71
225 367 59
150 444 29
7 199 8
235 431 5
93 425 37
242 407 30
60 271 91
183 285 67
176 368 66
40 256 76
214 405 10
195 252 26
144 247 63
49 129 36
122 257 77
36 104 84
312 465 36
212 434 21
48 304 72
378 414 14
137 334 9
207 262 25
4 284 51
42 452 85
47 177 32
92 260 64
262 430 75
40 157 50
95 290 28
436 454 6
171 363 42
295 432 72
122 139 37
23 367 35
139 404 100
168 460 19
196 393 9
127 169 1
12 41 73
10 65 95
3 484 97
258 427 68
340 362 10
14 193 60
64 177 99
261 425 40
112 198 95
86 464 34
127 228 20
100 324 94
201 441 42
31 64 89
80 119 48
294 396 9
165 436 89
379 478 14
36 408 68
82 416 88
90 405 27
229 354 35
103 465 12
71 491 57
53 368 34
20 203 20
186 371 66
132 408 42
6 69 24
40 315 94
323 442 15
107 239 21
97 196 8
138 491 32
430 466 49
237 497 31
33 428 34
173 327 79
84 204 70
159 354 82
194 318 46
81 82 35
150 492 95
228 265 90
71 247 91
75 455 68
221 427 72
68 499 68
279 349 23
80 423 14
356 384 57
344 427 60
345 451 24
123 381 65
184 263 69
265 276 26
306 468 29
390 404 91
293 390 96
85 88 61
263 481 8
124 162 91
278 371 30
157 484 21
188 456 71
18 497 84
187 241 89
111 256 2
80 166 86
130 184 81
169 448 2
107 451 95
215 366 87
64 245 6
123 264 90
76 300 7
202 400 94
176 292 59
200 433 44
125 415 74
281 308 61
85 215 78
54 114 26
135 222 13
140 260 3
302 445 1
35 361 11
378 453 65
75 185 81
5 194 66
230 249 29
6 352 10
161 221 100
82 476 41
229 275 81
18 331 75
160 211 69
234 301 94
287 346 32
133 437 66
136 269 59
174 249 21
122 292 44
9 214 59
156 297 24
351 392 34
57 283 16
170 318 42
79 157 49
95 453 33
135 386 41
173 344 31
447 461 28
213 258 14
79 169 83
84 404 33
120 486 78
135 494 14
32 248 28
381 492 27
49 119 87
296 378 20
364 452 46
318 409 26
250 484 30
54 392 31
160 453 37
150 260 44
0 93 28
173 460 48
345 387 45
210 449 27
348 470 77
78 366 43
146 183 32
261 371 20
351 389 14
462 494 86
84 142 64
66 260 65
0 267 29
177 336 68
1 425 85
29 112 75
74 206 75
368 456 47
107 325 78
442 488 93
98 229 66
299 393 55
81 323 83
294 357 93
105 384 50
317 401 63
209 223 67
125 141 48
41 207 24
201 321 35
143 253 97
108 130 93
266 391 44
321 496 79
64 233 34
198 290 74
138 400 50
418 450 72
308 356 69
107 468 31
65 436 92
88 403 73
70 415 6
187 253 42
357 360 17
23 290 66
68 138 22
15 343 70
45 70 56
102 373 90
245 272 90
55 141 44
122 450 76
2 110 100
47 275 59
167 221 46
194 276 17
58 106 70
15 163 95
180 380 68
248 328 48
302 421 21
209 287 22
97 310 3
68 453 53
79 150 7
396 398 65
138 373 53
432 446 40
21 73 14
26 376 60
468 470 28
117 373 12
7 133 37
352 489 70
481 485 68
307 407 86
4 237 3
32 53 57
60 91 89
121 458 33
11 378 23
207 333 28
40 152 12
344 439 29
357 478 33
81 308 47
72 301 74
311 365 63
15 404 27
169 314 14
2 50 4
7 452 75
249 269 98
197 248 75
6 241 28
433 437 6
141 304 36
250 452 12
291 305 80
133 385 28
40 460 79
29 183 96
77 133 13
118 385 88
214 332 99
167 391 8
248 442 8
58 257 1
232 462 3
425 427 81
240 486 62
87 120 14
346 449 52
106 327 88
8 203 30
149 165 1
97 227 12
329 487 37
260 425 38
290 427 55
276 403 24
213 391 3
233 431 19
19 165 44
317 454 3
361 384 50
292 295 8
114 203 64
209 329 41
407 467 21
171 475 26
227 497 40
282 382 49
50 190 37
105 413 76
258 405 13
151 209 91
208 342 1
96 297 35
456 493 12
300 380 18
204 298 95
340 488 91
181 364 77
191 201 89
16 163 60
114 308 92
174 470 17
273 313 56
98 319 25
81 439 11
390 410 11
239 450 42
89 416 91
75 463 32
306 458 67
75 300 84
269 471 80
254 428 96
190 430 57
20 393 81
119 273 88
211 363 24
361 489 34
5 233 52
276 313 55
43 282 24
128 179 3
349 382 30
220 335 93
207 438 58
330 331 71
17 431 60
51 164 1
182 320 37
189 485 85
383 429 13
2 65 87
158 322 54
277 422 94
13 188 29
212 292 56
216 319 15
288 492 63
17 45 29
42 446 71
347 365 35
207 254 30
84 388 47
344 406 20
169 472 16
77 442 10
312 477 15
175 341 90
243 335 67
10 441 28
119 301 83
167 257 25
16 434 56
72 309 27
136 341 81
99 419 54
62 242 64
124 415 25
310 423 41
227 375 71
208 280 82
287 344 69
448 487 77
177 438 42
113 230 52
82 346 68
184 307 70
294 374 48
447 465 11
254 272 48
99 347 11
53 235 6
215 317 32
81 469 96
397 497 24
78 398 9
60 139 71
219 312 32
182 306 19
116 117 59
394 461 19
9 32 64
258 457 41
243 436 88
164 419 45
57 295 9
260 428 22
220 433 19
14 333 4
377 385 50
201 254 30
263 274 83
46 301 13
425 449 36
112 421 32
253 280 49
221 416 73
48 464 40
312 407 76
29 37 5
153 247 97
39 400 11
256 360 61
427 432 75
286 306 99
235 236 61
202 237 16
337 396 66
53 348 63
102 395 37
10 488 74
316 438 80
152 461 54
52 215 62
93 301 54
167 173 30
124 128 99
128 353 10
170 324 4
119 194 15
33 134 25
190 473 4
93 442 27
110 415 10
282 330 38
83 122 38
161 272 14
110 188 48
187 440 31
16 338 59
196 259 2
18 397 24
86 225 49
379 484 48
175 468 92
331 448 79
40 431 58
378 484 24
151 365 87
56 389 3
127 330 64
26 360 34
66 367 8
252 321 49
159 243 31
114 424 22
67 282 85
55 441 32
41 229 88
77 336 26
49 173 47
326 470 61
31 472 48
40 430 86
123 253 91
38 140 100
109 219 10
425 493 71
57 313 78
179 316 54
191 217 63
59 296 18
200 347 18
392 439 95
258 301 3
203 483 52
403 471 3
76 136 36
67 148 39
305 349 79
416 451 34
223 469 23
481 484 17
405 409 1
373 463 18
32 159 8
247 467 96
57 494 2
210 375 58
5 263 18
213 269 95
251 386 79
313 395 2
147 191 52
207 220 41
56 361 30
171 368 68
213 342 19
387 462 55
136 143 10
339 455 58
261 407 60
22 135 33
104 211 84
18 451 40
22 231 18
37 412 52
301 429 20
312 413 12
95 342 22
56 224 97
132 415 94
272 291 89
15 279 80
24 277 5
328 439 63
196 486 97
92 220 40
6 384 98
70 172 89
240 387 80
391 476 29
193 348 43
302 344 30
287 454 31
210 291 57
98 322 71
199 449 13
119 247 88
100 495 10
216 233 54
4 221 57
34 399 96
74 343 33
375 480 43
26 312 41
174 252 28
142 353 98
113 402 96
24 76 16
97 366 8
269 432 29
28 60 74
41 327 42
157 439 65
70 384 88
130 311 22
320 476 50
20 231 62
246 296 86
135 385 75
101 198 56
209 403 77
247 464 76
20 190 91
17 76 22
81 436 8
185 193 62
24 281 94
89 117 76
261 277 49
37 260 99
62 456 91
65 273 5
163 266 54
250 347 34
348 487 67
218 312 8
177 244 54
79 154 87
42 242 39
69 448 3
195 481 16
231 249 97
253 320 10
255 257 61
197 470 37
125 457 69
318 417 1
227 392 69
217 356 26
171 450 83
69 416 92
31 446 30
218 311 7
222 246 41
33 460 59
30 156 45
138 446 94
428 469 69
122 192 66
322 328 18
102 213 95
127 415 97
377 480 35
272 436 2
273 344 51
13 308 10
61 418 48
358 463 22
178 239 97
36 151 15
153 176 14
70 170 28
51 370 68
91 97 39
46 416 10
202 492 97
381 383 27
81 266 73
73 196 70
359 384 28
129 141 45
241 446 85
44 228 83
54 130 21
220 267 46
34 298 33
286 446 87
368 409 64
263 385 28
128 287 69
138 202 96
399 419 37
56 481 22
149 377 85
281 353 61
178 485 87
206 499 8
71 114 63
443 463 26
35 327 64
59 238 27
23 263 35
134 466 90
130 381 24
215 497 95
134 405 20
144 154 64
6 180 40
155 357 68
57 194 32
150 158 23
270 332 33
210 424 39
410 461 13
86 143 6
330 427 95
111 387 96
139 166 18
115 289 100
60 125 7
83 355 28
110 248 60
124 435 75
115 428 48
211 450 16
118 370 22
32 309 20
351 394 64
114 274 70
254 337 5
355 380 33
130 439 24
293 340 12
117 491 71
63 93 61
120 214 9
27 42 66
177 230 61
319 334 78
84 155 29
239 389 92
380 499 46
252 268 91
32 481 74
18 207 7
174 483 55
180 293 9
87 448 69
198 216 63
125 263 28
165 372 53
233 340 30
34 497 83
104 496 42
162 355 1
238 392 7
436 441 83
116 324 78
106 234 87
79 101 72
1 14 47
369 473 91
136 493 77
81 370 75
19 151 1
67 200 64
227 482 43
389 466 3
23 327 71
175 303 71
131 151 75
0 482 57
136 424 48
40 480 49
258 371 72
203 419 74
53 428 71
86 311 75
421 491 27
101 208 25
89 293 33
155 267 12
136 358 44
366 483 65
424 427 94
96 330 36
438 439 31
35 261 40
57 401 3
119 347 2
51 312 77
197 471 27
11 483 35
44 58 83
79 334 71
11 102 18
401 475 42
106 416 64
2 407 21
454 470 54
166 429 97
46 455 15
1 461 67
176 389 40
195 206 19
42 371 71
267 453 96
196 347 75
105 201 56
300 379 11
58 148 31
216 322 76
176 491 4
176 247 96
230 455 95
194 304 14
185 349 64
375 414 35
29 217 31
426 483 9
140 245 29
85 315 52
103 241 26
132 141 36
35 421 76
335 449 64
121 201 63
278 400 64
137 394 64
97 289 61
5 275 90
44 392 97
174 193 46
27 162 96
158 281 37
155 210 38
176 302 81
151 391 66
81 401 100
34 143 79
144 322 72
58 333 84
207 239 72
150 289 19
242 444 7
173 461 82
20 243 97
73 115 77
59 133 91
78 492 47
207 482 80
161 423 15
123 285 93
59 83 78
234 237 96
148 349 24
42 422 89
218 427 98
61 341 44
269 390 80
111 358 13
189 316 43
349 421 91
113 481 92
112 362 64
103 491 100
285 345 40
425 431 84
3 131 1
371 412 16
371 409 46
88 104 51
333 461 7
201 391 40
119 126 59
64 279 81
34 491 56
114 342 99
201 373 46
312 482 54
106 463 81
126 339 99
268 429 7
175 335 74
52 429 100
304 350 34
189 280 31
49 411 86
114 311 58
16 454 77
95 284 35
245 330 85
47 262 34
50 173 81
8 44 98
62 263 78
173 470 13
163 350 19
202 255 29
384 400 75
164 219 73
119 186 94
231 438 81
12 102 9
245 279 63
429 493 16
192 442 12
33 50 28
148 365 91
82 138 79
38 409 17
332 339 34
35 492 45
173 410 77
340 434 8
202 447 19
151 462 63
53 287 22
87 297 33
185 287 32
159 412 24
231 304 79
109 323 99
75 134 13
170 279 28
123 445 72
54 205 60
8 214 54
243 362 56
323 441 10
104 226 47
42 231 71
181 262 63
67 301 82
175 332 54
298 494 4
102 488 85
216 380 88
6 64 80
233 266 32
165 225 49
154 419 59
380 382 46
45 134 25
414 462 80
141 461 84
3 259 27
80 432 55
377 382 54
246 362 21
56 223 12
63 403 36
99 136 92
115 361 92
182 495 91
79 178 31
236 262 20
52 289 40
217 329 50
348 376 71
217 470 45
376 438 62
88 148 38
163 453 38
190 329 95
260 449 42
66 193 96
85 238 39
196 302 59
271 314 9
48 142 60
209 242 84
75 495 45
279 319 48
31 183 93
373 404 3
323 351 10
273 323 60
342 446 20
172 310 93
63 215 44
356 449 52
244 437 40
165 202 27
217 300 10
274 341 96
245 450 14
104 198 95
74 172 98
2 382 98
135 203 4
216 467 3
332 451 92
343 426 76
96 146 18
171 449 76
155 423 63
221 357 25
432 437 12
219 378 94
37 313 56
176 244 71
53 114 48
175 426 24
144 338 7
356 478 17
19 122 26
50 136 28
67 418 67
266 494 22
44 482 38
184 247 37
247 477 76
20 345 67
57 273 41
94 382 22
143 309 41
175 237 36
51 379 38
45 452 29
65 117 74
110 418 91
145 221 78
105 189 61
163 381 91
303 398 62
144 300 83
183 374 52
75 485 56
232 253 95
32 350 74
7 446 14
176 361 80
235 306 81
92 305 69
231 317 65
140 347 80
209 320 93
63 98 17
8 352 58
182 461 38
316 352 12
13 108 45
61 203 46
13 474 46
66 408 80
154 295 95
393 417 36
103 273 84
71 395 97
24 474 16
91 296 24
426 499 12
75 454 3
310 338 96
65 461 22
50 325 73
97 179 63
87 471 5
78 191 52
41 67 56
146 197 51
87 318 30
168 329 76
91 166 94
349 363 8
117 494 84
85 375 99
13 147 64
345 371 76
384 451 64
173 203 61
103 180 62
151 177 34
255 256 31
185 198 100
70 272 4
444 483 39
367 491 38
138 197 99
398 402 21
248 467 53
92 316 70
51 404 11
146 157 54
266 287 93
199 226 6
160 251 96
344 362 44
83 276 58
293 300 14
220 245 7
335 470 55
45 391 57
137 446 22
356 382 42
104 363 55
221 280 73
31 432 84
120 291 91
379 480 52
275 355 67
42 450 76
97 257 39
209 247 35
293 351 75
109 443 15
97 263 82
63 222 21
85 453 18
360 362 78
4 86 45
71 89 6
30 245 67
254 444 52
303 463 34
49 194 52
216 259 46
116 152 13
141 475 99
42 47 89
391 495 95
151 208 84
239 292 8
190 234 21
102 394 70
35 145 82
270 420 18
430 491 74
412 452 29
73 489 68
130 330 23
199 276 93
329 404 64
146 407 69
273 390 72
345 440 34
206 276 88
40 415 51
196 239 97
124 172 97
192 342 46
473 494 59
387 431 80
24 363 66
40 174 33
211 354 31
65 254 68
117 478 72
261 474 7
335 409 68
42 189 5
310 478 91
30 143 43
94 216 66
347 465 5
69 419 80
1 103 87
51 209 60
9 161 11
258 444 22
97 241 76
408 439 51
47 341 26
315 445 77
298 301 78
33 247 35
74 325 67
133 137 71
321 322 96
330 490 34
130 344 27
201 239 84
412 428 15
59 397 94
33 138 86
28 162 50
187 405 60
67 286 1
276 354 59
366 494 41
148 295 90
127 456 40
17 264 29
411 428 34
83 297 92
61 262 12
95 465 32
96 202 61
80 122 37
50 160 24
21 149 36
116 265 80
18 109 50
74 429 83
249 378 3
173 234 3
169 473 44
146 313 51
289 453 34
13 489 4
163 464 41
241 488 35
150 494 57
80 268 24
241 314 23
439 489 24
294 400 5
98 140 94
147 497 97
246 357 68
232 321 45
210 272 36
133 248 27
161 336 19
178 427 12
134 279 60
9 418 76
105 406 3
316 446 100
37 47 52
266 382 68
317 345 18
158 389 44
308 451 79
16 90 64
386 431 64
299 406 49
370 483 6
309 330 16
128 311 32
114 150 43
32 305 64
398 465 56
34 53 81
145 261 75
416 474 19
220 499 56
167 479 78
124 407 71
175 475 4
265 462 43
148 471 40
86 331 59
264 314 19
279 299 62
159 396 70
119 158 60
178 193 3
69 385 47
29 92 90
346 405 75
276 383 17
180 224 66
129 430 66
52 174 14
160 194 32
288 499 99
371 471 36
135 294 44
14 326 76
272 418 36
213 220 70
185 260 92
32 41 2
176 287 1
132 133 97
52 282 33
327 471 13
250 414 81
9 196 88
201 401 84
184 444 76
253 463 24
137 362 82
417 492 88
33 482 64
190 417 79
144 263 78
97 409 23
291 472 53
357 479 35
67 291 12
67 298 76
213 321 36
314 477 59
74 384 86
210 223 58
1 361 51
33 143 12
55 354 29
90 240 57
366 424 23
193 435 41
215 391 23
18 134 4
10 75 99
128 437 25
318 492 80
401 434 81
218 440 85
20 356 27
301 371 30
239 254 17
48 496 3
54 420 41
223 459 69
142 212 40
0 303 17
41 466 75
433 453 16
196 226 50
32 335 10
346 420 58
26 390 76
173 489 10
23 103 45
79 249 92
429 453 84
19 147 39
128 135 44
116 177 66
184 381 5
199 463 57
229 277 100
108 390 18
293 393 48
232 415 38
68 379 36
94 392 100
314 325 16
23 270 55
165 378 69
176 380 53
29 347 2
158 297 86
154 350 15
398 445 24
243 365 52
323 335 19
48 186 4
120 390 98
65 350 32
163 223 98
149 432 39
68 96 62
394 467 45
56 458 42
142 447 98
126 204 28
12 81 36
142 328 40
256 335 67
66 391 63
184 380 28
245 396 15
177 216 91
32 184 14
281 449 55
208 322 16
149 498 97
183 313 95
162 308 41
42 382 23
172 323 71
107 492 39
386 393 44
84 344 91
172 312 90
236 418 32
136 251 57
171 441 100
16 448 78
188 250 83
200 223 73
5 121 71
70 266 50
100 139 4
219 413 78
36 87 27
258 266 75
190 212 42
116 469 67
312 420 16
367 464 72
14 27 88
60 477 16
66 82 82
230 390 62
37 470 7
174 203 84
42 125 74
157 218 52
10 23 76
32 378 98
25 455 54
27 363 61
414 433 90
346 471 18
113 275 73
259 285 39
282 475 41
81 173 58
208 439 52
167 200 75
324 470 15
133 488 83
103 429 68
18 453 36
189 285 1
146 288 58
72 431 66
42 145 8
36 217 31
37 190 35
433 458 12
225 426 10
305 466 37
210 341 66
89 374 38
42 234 83
88 201 43
58 261 13
179 267 36
162 472 32
52 397 93
438 442 7
82 389 100
363 402 97
114 459 51
230 423 95
80 294 14
191 498 13
186 373 25
255 336 94
314 322 33
35 71 33
218 411 56
74 392 83
385 441 5
141 387 95
93 276 63
77 455 100
216 270 68
237 252 73
278 323 45
85 421 37
15 423 53
86 478 17
69 182 70
235 334 68
99 436 89
313 426 13
123 469 72
242 311 2
74 109 85
394 460 71
308 339 11
102 284 35
56 103 92
50 243 91
202 467 76
379 387 41
235 326 17
27 492 12
357 406 31
107 259 99
28 45 50
312 422 71
2 24 2
217 261 25
3 336 41
206 472 58
159 168 63
343 381 33
173 296 55
110 383 57
270 311 69
280 332 96
400 476 45
54 379 94
15 246 28
324 357 56
21 241 66
137 159 88
262 322 64
392 438 72
347 354 2
226 263 100
170 281 79
176 177 11
158 218 86
103 398 14
23 215 86
40 51 41
51 185 4
67 165 55
160 284 14
190 342 5
167 350 17
117 408 79
126 263 79
185 253 84
36 365 12
374 395 84
48 325 80
355 363 57
112 477 67
269 288 96
134 454 92
52 345 20
252 378 23
442 471 3
108 461 93
204 226 33
76 196 64
251 329 83
177 270 87
16 198 78
94 361 35
159 206 81
265 388 24
140 247 78
184 482 75
142 247 57
8 241 96
250 430 61
148 278 59
101 477 60
64 241 69
319 410 92
163 238 38
262 400 94
320 498 24
141 301 85
17 84 47
228 321 13
152 428 18
4 255 21
188 334 61
1 422 86
257 438 62
433 447 93
28 246 1
344 450 44
129 341 86
135 347 28
136 492 94
232 442 66
14 149 50
82 333 46
336 339 81
7 270 24
109 470 74
9 244 100
40 61 24
252 332 43
60 380 91
31 57 67
321 421 28
310 458 82
266 396 69
300 442 99
2 342 26
126 157 89
324 352 53
167 255 50
134 361 50
118 492 76
78 165 58
383 385 33
16 332 28
8 436 84
402 418 29
108 227 57
67 98 62
322 456 94
257 281 69
40 93 97
467 468 64
28 47 97
247 272 56
128 306 40
26 51 8
368 495 58
17 427 39
42 490 24
80 157 73
388 445 78
29 186 27
177 237 7
1 333 4
135 243 42
27 243 5
197 441 96
261 349 6
345 425 49
268 430 63
69 212 19
40 346 61
297 352 3
117 452 57
72 350 95
185 393 61
330 435 83
129 166 23
165 307 44
360 374 92
100 395 49
237 465 95
169 470 20
20 274 42
226 327 97
437 460 16
13 16 74
118 404 88
88 171 73
164 229 9
28 335 98
390 463 4
196 240 33
83 441 83
96 458 64
156 292 93
106 431 5
102 190 53
496 497 10
385 445 82
216 371 47
151 299 35
244 277 52
212 308 74
212 439 53
109 215 45
3 419 38
116 197 34
71 74 95
121 228 10
28 327 21
33 385 32
353 373 6
18 346 78
114 136 83
324 403 78
139 353 30
195 217 36
91 266 26
221 223 3
373 375 89
82 156 21
16 27 69
317 425 89
174 369 78
341 453 84
16 407 66
162 301 8
55 217 31
368 420 1
174 295 46
29 378 95
175 446 48
98 104 11
69 276 83
97 186 36
111 292 100
481 483 31
329 386 57
405 436 34
121 248 36
269 370 89
131 370 42
110 255 11
339 398 66
109 134 97
231 425 8
121 128 33
363 421 10
196 325 64
307 322 99
162 249 80
41 359 87
328 432 76
193 358 18
5 424 94
248 260 55
14 255 15
115 346 70
463 483 43
386 446 94
72 499 3
183 417 44
379 444 27
88 468 64
412 453 98
147 388 34
110 177 62
82 448 82
287 374 82
229 380 55
78 268 31
9 378 29
119 497 5
13 117 74
139 283 18
143 270 20
172 238 17
83 440 61
89 448 58
373 402 15
298 381 53
111 159 92
423 462 24
160 423 51
121 491 32
218 275 82
246 403 48
37 68 24
129 370 11
132 363 22
21 209 3
175 323 23
477 493 74
261 461 69
232 485 22
249 442 38
320 323 24
64 317 47
229 254 32
336 446 47
103 411 35
91 240 86
63 155 20
353 476 71
80 98 41
151 264 82
85 337 19
316 317 11
167 455 73
40 105 42
41 437 65
317 421 87
353 457 74
284 286 90
370 492 60
288 483 54
256 324 24
330 353 58
127 194 86
33 359 42
104 256 91
393 416 5
404 420 80
32 403 72
116 187 20
51 345 33
183 392 52
184 302 70
13 316 85
21 414 19
18 172 15
96 195 14
259 429 46
464 475 97
122 228 1
67 254 43
80 151 87
193 340 18
233 398 22
173 339 30
169 207 72
215 296 42
69 185 29
295 443 70
328 456 46
72 370 39
100 424 70
100 229 95
6 394 59
74 495 30
75 246 81
313 397 73
109 307 46
276 281 90
70 225 11
16 57 38
105 464 11
135 469 19
116 453 50
265 460 44
80 395 64
79 215 67
399 438 92
285 308 81
307 416 26
61 366 6
100 335 48
308 421 43
231 396 60
463 470 82
389 487 13
300 419 53
104 188 87
24 411 68
82 376 95
322 434 59
57 278 74
329 489 40
82 367 50
331 341 88
145 337 66
298 346 94
13 80 51
142 205 57
243 402 40
311 462 59
0 21 70
15 77 49
179 265 35
8 420 50
121 140 65
453 479 22
162 210 72
206 251 2
147 432 37
303 440 65
5 234 79
333 479 8
234 405 28
490 499 33
220 280 5
186 427 30
345 357 7
19 409 42
9 218 28
117 410 15
312 429 81
289 418 55
376 447 61
353 419 22
75 245 36
62 247 55
357 363 27
412 429 50
34 477 74
100 368 67
40 73 27
49 168 57
140 262 49
147 215 15
220 456 56
215 335 36
35 260 84
145 258 26
45 364 72
157 236 36
156 490 90
394 472 1
402 446 35
66 467 83
168 306 31
373 384 74
100 248 92
80 285 70
259 453 21
185 215 28
272 466 47
261 429 86
311 415 85
266 314 2
26 309 91
14 191 13
102 246 41
4 332 39
458 481 78
38 340 99
257 465 37
6 238 35
140 392 76
24 370 97
171 444 40
317 465 33
393 394 15
64 341 55
74 165 80
54 339 42
4 352 99
25 468 47
95 195 39
118 229 73
136 287 66
18 403 80
8 235 67
198 213 22
185 282 60
60 124 2
340 426 30
109 165 87
221 374 37
325 466 69
60 237 26
33 249 69
257 391 37
112 234 39
12 396 39
132 460 92
44 282 27
46 484 39
153 158 98
35 466 55
4 271 1
178 337 87
269 492 4
341 355 38
148 330 84
126 402 92
65 124 45
70 71 4
167 275 37
202 309 41
157 274 86
377 471 22
154 214 10
134 487 82
5 225 20
261 444 32
269 360 8
39 62 74
99 242 1
182 234 29
185 191 86
270 427 11
60 156 25
103 352 31
186 217 65
7 27 41
312 371 96
287 389 81
56 443 5
35 388 80
148 272 16
205 291 30
210 348 14
122 489 95
330 477 24
19 366 91
309 461 90
154 246 78
118 275 54
262 280 9
239 289 64
50 282 5
29 258 42
301 343 97
271 491 51
23 164 71
248 436 26
179 449 28
6 256 45
295 402 5
26 195 3
474 488 13
55 436 45
111 249 88
107 222 89
50 394 24
190 333 86
2 3 93
207 479 48
163 473 71
4 366 31
362 442 42
61 448 24
150 467 23
52 431 57
24 365 84
142 339 66
119 391 61
155 414 54
224 280 52
72 79 56
263 414 66
13 252 65
108 412 43
119 189 6
113 313 4
269 484 21
112 344 65
148 355 85
118 392 30
414 448 93
45 386 100
238 417 3
187 476 78
391 489 18
402 482 5
385 421 48
320 485 38
138 279 92
121 267 63
283 469 99
36 419 54
23 342 83
42 344 56
126 203 99
299 450 24
1 224 53
432 476 85
281 287 26
374 420 62
24 54 90
18 36 46
412 421 10
318 461 89
85 429 48
24 396 76
334 445 81
201 491 10
9 336 76
87 181 45
22 405 28
76 350 80
201 346 34
193 240 22
60 277 77
182 405 96
267 307 64
230 336 24
5 319 14
65 295 51
258 439 75
18 43 5
65 87 46
113 499 62
30 286 76
10 283 15
18 94 70
79 447 81
18 345 70
78 246 19
317 432 1
135 373 32
123 243 92
65 447 72
61 251 25
4 15 42
98 341 72
386 479 78
352 354 75
122 157 61
427 435 21
28 340 34
57 272 100
183 185 58
355 497 35
95 415 19
234 492 56
224 370 16
88 473 81
115 496 51
250 467 59
207 477 8
284 372 93
166 458 97
346 386 83
108 145 64
249 422 91
318 474 85
63 143 63
395 486 62
215 479 96
0 494 56
322 350 81
11 487 11
68 293 83
181 353 27
57 174 7
117 386 22
271 355 63
287 494 37
220 464 50
321 415 72
387 485 72
145 287 50
147 248 12
199 422 76
106 181 80
129 312 45
178 493 40
105 151 91
277 488 75
154 496 87
120 381 61
389 499 57
245 498 47
314 426 71
346 379 94
33 230 41
26 378 1
190 407 100
117 122 79
66 136 5
134 216 56
174 195 40
155 454 28
250 358 91
229 312 44
211 409 2
224 432 73
334 491 63
91 325 30
478 479 60
211 353 69
436 478 90
237 307 30
67 104 80
198 310 100
10 157 76
85 94 94
106 453 36
66 373 46
314 476 65
99 329 11
255 392 50
192 232 25
149 258 23
214 441 95
115 186 38
40 113 19
134 489 36
382 391 1
312 489 58
133 345 92
273 382 40
156 429 81
35 192 98
164 338 42
223 288 71
322 402 16
195 265 57
143 176 10
418 486 39
56 262 23
81 392 35
398 471 2
372 423 6
246 275 13
165 405 62
33 41 11
62 451 48
89 185 21
342 469 15
135 426 83
312 440 1
355 365 18
335 367 60
36 335 97
54 492 72
26 151 54
159 172 72
127 434 30
204 465 90
50 202 16
101 270 3
391 496 31
123 164 34
250 352 70
178 260 4
146 467 72
155 333 63
327 418 45
104 331 61
186 406 25
199 303 42
30 206 25
287 382 41
48 58 16
203 285 18
238 483 91
335 384 17
349 394 64
120 323 99
117 490 15
217 410 65
127 184 25
329 437 30
45 422 89
332 340 66
187 491 86
171 387 72
227 478 15
36 437 79
192 428 2
433 478 61
93 428 64
261 330 4
32 468 6
302 413 98
309 427 42
26 185 76
255 339 59
8 98 48
251 262 46
152 372 29
131 417 30
80 380 70
9 428 46
144 266 32
290 294 72
313 347 74
206 456 83
333 361 70
272 432 65
169 202 5
176 356 29
36 172 4
6 133 25
107 340 48
273 459 48
193 241 34
21 409 6
243 484 78
45 375 38
375 464 57
19 479 69
128 309 14
275 364 90
75 385 49
23 330 92
12 78 31
309 417 35
212 323 27
270 354 41
22 263 45
270 424 35
17 365 12
72 168 4
213 399 7
330 439 78
160 371 11
349 478 24
73 129 32
353 364 6
304 332 87
125 471 59
36 206 86
246 336 49
405 474 83
116 406 45
48 164 42
77 159 6
203 472 78
271 482 26
212 391 84
142 410 33
305 324 28
137 485 76
298 482 33
16 213 69
306 332 72
136 437 58
194 204 82
99 464 100
215 223 56
309 401 64
56 57 38
86 98 49
357 451 81
231 354 99
39 494 28
143 483 17
190 325 79
190 495 9
68 199 35
446 471 80
5 461 4
195 288 66
227 411 95
125 499 82
282 288 37
19 407 60
144 269 58
188 440 29
30 250 15
308 359 31
120 124 27
193 210 29
104 476 87
49 178 50
416 445 75
172 448 59
344 351 54
249 416 30
143 174 73
216 335 8
44 79 29
249 328 22
111 445 94
170 224 67
471 492 74
293 494 45
270 466 9
45 204 87
177 266 14
181 374 10
125 399 97
359 484 19
162 309 82
422 449 37
302 417 37
39 113 41
138 427 77
252 457 71
141 252 67
185 226 35
42 473 99
192 217 17
435 474 63
78 399 92
85 105 25
12 149 66
7 438 46
292 460 41
286 300 3
32 123 38
14 286 9
420 427 26
67 356 37
156 237 33
320 425 90
118 377 2
280 408 61
9 423 81
279 302 68
181 405 39
167 360 82
108 231 59
398 466 65
272 347 76
430 439 34
49 444 11
372 449 30
440 462 36
351 490 3
127 275 12
219 367 11
125 273 50
276 430 76
182 224 90
129 282 30
277 489 62
293 473 40
276 486 85
131 176 16
297 359 17
108 326 49
110 434 78
298 426 83
472 481 24
10 425 41
396 482 20
58 147 86
299 384 25
105 486 8
131 398 6
352 440 59
112 236 77
60 366 47
158 197 27
177 188 75
70 97 80
176 373 2
325 498 75
313 332 78
324 394 57
177 234 69
254 380 64
305 345 65
249 430 40
131 185 24
193 479 72
109 483 67
187 261 37
425 491 77
56 116 73
211 366 64
78 93 21
219 246 41
253 476 29
8 246 4
140 454 78
6 495 3
68 345 4
1 324 62
313 442 25
374 479 90
150 278 51
144 270 12
104 249 14
179 208 22
163 334 87
102 381 1
58 105 27
257 384 72
197 355 19
252 283 43
158 374 69
277 421 1
133 245 77
271 385 93
31 284 37
165 310 46
292 424 73
25 308 13
295 473 97
146 415 18
55 149 96
100 141 37
198 423 70
94 339 77
133 141 7
89 457 2
128 482 71
0 45 18
403 433 79
79 477 44
169 172 83
54 483 67
221 399 17
78 309 54
156 272 62
278 445 40
158 489 77
1 488 64
173 496 7
42 313 86
129 256 20
135 233 92
15 466 44
121 155 82
93 427 61
229 480 40
172 240 88
120 220 55
45 162 59
249 321 41
186 379 12
86 115 62
253 268 4
171 445 13
62 160 58
251 355 69
16 460 35
203 356 37
224 398 22
459 490 13
333 488 30
38 145 27
30 74 12
75 343 13
398 476 94
278 447 46
229 459 82
142 371 22
167 317 77
296 397 90
222 479 40
198 461 33
253 380 70
112 184 69
216 442 18
132 451 91
366 430 76
52 299 72
30 116 37
3 22 90
33 163 34
3 482 39
280 436 29
110 271 73
195 289 10
338 440 34
42 464 12
127 240 14
388 411 3
168 262 66
125 462 24
314 389 99
111 136 86
335 465 42
178 425 54
117 338 26
3 146 24
4 463 54
9 165 57
135 447 12
2 107 83
5 128 41
260 403 7
385 480 54
274 433 38
241 384 30
446 463 68
321 495 21
439 474 62
239 459 34
20 409 41
184 470 30
222 375 30
112 176 2
163 436 74
318 477 67
143 192 22
302 405 55
48 316 5
114 261 18
93 146 40
257 262 91
268 390 23
23 453 50
121 326 5
376 425 32
50 91 11
283 476 3
256 499 70
240 334 88
114 277 82
36 349 3
133 484 23
202 254 57
119 231 78
253 364 81
128 234 6
111 182 85
279 312 6
42 285 61
146 357 72
100 256 30
18 113 96
268 484 95
49 114 14
202 339 97
178 232 71
35 400 1
257 436 89
212 325 89
34 450 22
442 494 2
236 342 99
115 392 89
102 146 79
70 91 35
22 253 41
78 170 57
360 491 67
46 247 42
283 498 33
141 189 35
68 298 78
285 375 76
81 150 44
139 141 44
49 69 12
91 190 47
186 304 26
328 463 31
43 284 99
275 309 91
26 78 48
129 417 16
103 199 28
269 282 68
279 339 89
0 234 43
309 466 3
158 246 76
364 481 91
270 469 39
206 359 4
119 439 51
161 344 7
97 359 89
9 420 74
19 136 22
23 120 79
58 107 49
240 250 96
85 247 81
364 391 12
29 414 56
236 256 45
79 317 84
104 350 47
54 128 24
101 122 41
357 465 52
186 453 68
263 355 75
422 453 66
25 284 11
452 488 57
21 114 49
173 422 99
57 179 51
29 342 69
48 491 88
20 168 34
0 342 80
90 187 48
282 294 73
12 160 21
22 309 32
153 443 49
117 409 8
72 446 52
229 395 70
162 430 36
387 439 96
440 453 22
172 283 8
20 77 31
146 231 78
147 223 5
113 463 66
286 385 91
22 39 76
157 193 46
49 79 37
283 284 54
50 447 83
49 84 51
6 381 26
161 476 35
25 379 40
230 310 56
216 480 22
267 417 36
67 167 70
276 291 87
40 400 19
47 339 42
308 350 86
179 206 68
202 402 67
2 410 49
26 140 42
189 195 30
287 343 85
69 208 22
51 353 34
303 353 14
123 299 42
123 270 56
271 346 28
217 331 94
45 459 75
102 358 6
54 281 38
129 208 88
223 424 24
178 233 21
70 341 8
58 326 58
310 435 28
132 359 39
169 295 36
15 82 51
227 268 14
23 58 60
156 159 34
97 246 66
105 206 18
275 491 70
117 329 91
356 468 47
106 166 31
61 430 58
113 385 48
54 200 73
244 455 35
445 481 41
118 304 56
5 369 49
300 348 43
128 379 62
178 440 66
239 461 98
363 380 35
139 374 80
144 323 12
112 185 41
136 477 65
236 321 40
144 407 89
220 258 62
306 448 51
90 493 84
52 187 43
25 77 34
19 103 43
135 191 16
29 369 52
173 421 41
94 461 97
382 482 41
249 454 20
58 341 38
214 463 34
5 429 22
12 367 44
91 197 70
186 203 5
205 300 71
59 250 63
146 430 62
329 480 70
298 415 27
218 344 43
51 242 46
201 202 39
347 440 75
257 395 20
95 191 76
260 328 1
30 334 92
236 466 83
256 432 28
349 488 16
231 461 22
105 416 78
109 329 43
11 497 23
113 482 49
195 457 15
9 136 90
248 364 43
196 437 94
45 122 32
97 419 45
16 318 82
146 432 89
86 459 21
112 356 32
3 258 8
161 387 91
219 472 5
89 113 38
272 311 23
219 381 49
108 210 17
32 152 71
104 444 90
164 467 56
57 298 100
39 308 42
113 371 47
23 77 84
183 414 69
96 312 49
164 367 70
276 447 82
195 347 75
121 286 67
93 129 70
126 481 92
156 315 97
80 392 83
206 442 70
143 469 23
226 329 67
122 265 22
33 295 86
201 329 36
19 231 47
333 422 44
15 356 77
169 326 44
231 467 54
172 421 33
365 422 63
66 190 87
192 236 18
76 210 44
53 102 74
346 446 42
17 366 59
311 315 48
100 348 84
264 403 18
188 247 86
155 360 100
28 265 82
29 278 97
46 202 37
91 158 43
146 461 6
78 496 22
306 377 14
244 347 18
55 198 29
8 484 94
253 394 17
250 443 94
205 409 80
173 473 15
127 303 89
14 63 49
54 122 14
133 198 96
117 195 50
178 393 2
8 199 10
83 261 92
31 488 72
244 331 43
73 319 95
20 92 57
7 426 25
63 130 74
84 203 14
281 470 81
158 242 30
356 371 7
0 298 80
108 453 93
85 457 86
296 482 50
22 317 31
28 149 43
100 191 75
63 350 98
268 492 21
249 327 29
286 412 85
150 483 7
187 331 40
397 434 67
399 412 56
152 197 47
2 374 14
418 459 46
199 339 41
93 357 51
34 196 55
292 401 7
70 214 48
290 297 58
108 257 66
130 200 80
47 68 83
330 483 70
292 414 50
309 423 33
68 213 63
29 94 61
246 472 38
317 482 5
371 427 18
224 438 88
98 154 97
148 333 92
252 394 71
236 373 94
208 285 54
144 492 59
262 363 70
97 367 17
200 455 62
312 436 29
100 199 21
131 468 74
117 471 69
121 203 60
69 189 89
66 481 46
124 406 79
196 299 39
100 231 13
246 272 21
39 123 3
28 278 15
247 395 92
63 430 26
319 325 75
4 73 2
174 247 99
53 202 97
36 289 46
74 155 78
474 491 58
45 390 5
64 170 62
339 399 49
184 253 28
240 390 100
280 338 75
411 495 46
361 425 16
101 357 28
248 497 46
317 412 12
428 489 41
197 270 84
80 111 78
343 425 32
302 340 1
183 223 4
217 493 30
7 9 96
42 127 59
257 406 18
243 297 64
211 352 78
104 129 76
162 322 25
2 165 38
460 493 20
418 435 35
311 443 75
56 182 1
236 325 64
483 485 53
446 476 64
227 496 17
364 426 78
78 329 51
194 360 86
77 323 73
98 403 77
63 187 78
61 482 10
95 469 82
320 481 35
291 419 58
6 445 96
16 264 1
189 260 97
22 26 44
423 427 55
47 163 37
59 395 8
57 233 89
181 499 99
339 473 70
173 320 61
313 314 9
382 490 25
12 322 58
18 84 87
134 141 6
169 176 9
198 378 54
175 296 14
0 220 12
452 474 66
177 246 19
1 199 42
124 260 36
347 479 68
14 109 27
141 168 71
239 464 4
190 192 75
44 351 59
144 445 75
120 191 69
117 179 44
360 407 20
212 320 100
215 278 39
24 462 58
48 469 70
276 316 91
301 331 33
59 276 15
97 162 32
1 252 68
255 353 5
137 429 18
352 372 59
302 324 3
335 387 80
179 410 99
100 176 42
75 367 76
58 84 32
85 395 3
229 422 94
41 282 29
208 421 75
42 415 53
149 483 27
98 358 40
109 462 26
193 319 85
158 183 23
95 225 47
147 353 68
446 488 58
130 362 79
192 374 44
283 404 90
15 244 8
258 485 77
156 398 36
29 429 71
65 424 39
143 265 43
175 431 55
30 105 7
19 429 30
70 177 22
170 434 56
189 190 41
3 361 23
8 145 2
223 474 34
306 325 97
95 105 36
318 432 36
189 290 69
456 473 25
33 146 20
84 257 41
185 274 95
39 141 48
299 453 13
121 480 7
12 218 53
214 492 24
7 204 46
9 286 63
53 108 97
344 434 54
168 246 32
217 373 35
71 257 3
197 354 56
100 121 41
6 437 56
154 175 31
102 442 31
141 276 9
241 299 95
20 375 65
7 33 32
85 343 47
217 234 98
60 186 26
27 48 29
158 253 26
113 246 56
225 236 36
194 341 77
104 286 99
181 240 48
261 284 80
455 461 44
110 119 1
107 143 67
206 241 61
78 240 63
305 444 28
220 473 68
469 477 41
59 316 64
93 412 76
13 452 38
83 233 43
258 324 75
324 404 68
227 262 6
41 230 87
71 170 51
133 157 19
298 436 1
71 493 37
239 246 56
3 319 88
61 381 42
159 408 69
62 273 89
55 186 48
57 182 98
93 403 95
172 428 10
158 228 29
453 495 69
178 416 45
210 333 30
7 95 46
127 345 31
143 338 10
7 313 51
282 327 42
218 316 90
402 472 69
28 237 60
86 230 20
135 244 65
425 439 4
148 401 15
126 474 23
35 391 64
226 471 13
319 494 9
393 400 27
236 282 39
205 283 47
93 243 20
93 417 38
36 272 20
261 437 88
11 419 17
222 332 58
140 341 58
143 152 95
112 478 84
357 378 12
76 240 21
100 312 82
186 235 55
129 193 89
48 414 12
173 177 64
229 444 73
124 217 68
271 494 50
172 469 66
23 284 2
165 207 1
111 486 89
149 268 34
60 466 30
274 449 1
226 406 7
180 432 39
258 463 73
405 414 15
191 192 37
250 405 24
164 187 67
35 277 83
193 379 92
282 359 49
151 279 100
105 302 44
14 381 30
59 68 16
13 435 93
87 393 68
201 355 3
252 299 86
227 369 46
39 448 89
49 130 1
112 221 74
201 460 46
13 463 72
79 275 67
18 162 15
57 434 93
35 325 82
358 414 31
5 278 39
37 424 36
103 296 62
65 346 59
141 202 93
21 400 22
284 337 63
47 272 3
183 450 70
71 150 49
292 464 26
288 440 67
66 298 85
313 386 94
75 120 62
56 151 69
401 440 4
140 488 6
24 217 4
422 484 85
29 360 14
179 397 75
226 260 74
205 259 19
96 403 84
21 53 95
153 221 45
244 463 29
127 453 42
303 483 62
162 425 92
204 346 31
299 342 39
171 215 8
67 190 97
252 357 97
225 391 30
193 360 50
183 294 74
20 440 23
95 100 57
280 407 95
327 336 88
139 433 18
173 420 39
48 436 92
358 456 100
130 300 9
172 193 48
19 158 45
37 463 97
220 463 75
415 458 39
215 499 37
122 185 7
375 392 71
265 497 38
14 83 73
389 407 68
22 302 77
342 417 47
51 58 35
92 211 10
329 367 37
75 415 70
120 181 43
109 314 67
87 397 25
248 460 45
100 378 93
205 438 50
257 299 55
315 403 95
245 288 12
81 213 14
87 232 43
62 434 69
157 314 37
325 468 41
52 303 64
140 359 41
396 490 96
235 309 42
342 359 65
119 361 55
279 497 95
353 357 31
173 286 68
230 486 89
287 411 4
10 247 75
26 337 3
177 206 77
30 389 88
121 170 33
118 210 62
186 477 58
370 494 37
437 461 97
489 499 92
274 418 32
387 492 8
212 257 93
129 294 20
394 448 62
193 411 44
336 480 27
274 373 94
11 39 28
297 469 85
299 388 55
88 284 72
136 497 95
70 186 4
396 432 90
141 143 91
338 483 46
44 349 91
113 479 32
395 469 89
207 360 4
46 312 65
440 497 84
413 430 19
248 274 2
66 293 73
331 469 19
212 302 9
167 428 51
252 279 39
170 368 25
401 469 95
83 241 23
274 316 35
90 481 68
144 214 8
121 131 66
374 464 3
198 246 4
397 442 36
37 165 57
289 322 15
155 182 38
311 402 64
136 337 36
137 248 59
79 305 79
138 460 44
207 372 14
304 412 64
105 330 31
210 484 38
60 179 48
261 463 37
53 355 74
35 131 64
92 456 54
43 181 81
129 151 49
51 340 60
115 432 79
4 152 45
17 327 34
238 424 15
48 71 67
303 471 65
240 405 66
283 492 69
140 174 32
325 397 77
264 329 48
18 325 96
225 343 13
224 421 36
228 261 89
100 286 86
45 402 3
205 311 13
212 416 19
82 155 72
71 100 87
34 300 23
181 251 46
66 303 39
64 237 71
223 367 61
12 407 7
51 496 51
187 299 69
30 242 80
160 175 51
357 388 38
269 373 17
148 407 67
237 399 23
409 423 100
74 158 39
173 181 35
129 437 94
154 460 69
196 297 15
61 339 1
286 479 40
150 255 56
90 345 59
22 75 94
216 368 28
203 385 56
216 367 34
72 392 72
285 405 38
239 309 73
6 178 52
80 174 65
313 320 61
410 439 64
0 414 89
80 138 36
0 306 81
259 369 83
30 280 55
250 300 55
51 378 92
124 137 55
415 489 93
144 435 65
119 216 55
223 236 68
334 339 67
57 104 94
224 394 2
78 205 28
357 427 95
169 290 90
190 393 63
43 81 65
220 356 8
138 339 45
48 219 97
329 398 98
16 356 15
205 472 49
143 366 72
55 96 26
217 326 33
201 454 72
404 481 43
123 191 73
145 333 69
33 220 34
132 464 21
260 462 23
165 293 94
8 70 71
2 152 65
427 474 86
9 96 40
246 313 97
235 474 69
273 311 94
138 298 7
131 351 70
224 363 6
153 156 64
184 473 73
128 397 38
22 380 54
118 427 36
129 143 45
210 422 30
167 451 60
100 246 83
25 254 75
100 151 59
295 328 30
95 230 30
182 191 63
138 345 69
185 345 40
206 252 86
389 415 70
23 54 93
2 214 70
1 323 85
58 440 50
404 473 41
213 350 100
195 336 58
167 236 50
200 201 60
100 333 54
107 483 11
376 445 10
30 89 3
129 308 77
7 166 9
36 451 39
221 448 16
3 394 88
132 426 1
29 138 94
243 293 42
142 162 12
381 465 28
55 239 1
27 306 10
186 409 14
378 479 28
90 253 20
52 200 8
175 428 21
96 170 44
159 273 30
128 425 52
15 282 78
58 198 77
218 321 33
240 459 65
61 288 67
7 319 31
145 443 49
208 351 99
114 437 89
216 287 49
111 165 62
6 346 5
25 211 52
23 197 99
225 496 25
233 306 41
366 370 26
159 328 29
286 425 52
103 348 93
477 494 60
45 52 95
146 149 43
22 58 12
199 325 1
131 276 32
326 480 76
35 275 56
256 323 36
347 362 75
82 147 97
31 88 48
111 463 85
17 397 47
67 360 55
200 228 42
167 372 6
70 222 6
291 469 1
94 349 98
139 414 39
36 288 33
64 124 74
153 281 61
253 349 64
312 390 21
26 361 4
188 220 18
253 437 17
200 452 49
111 145 86
34 138 97
200 298 17
287 479 82
64 325 26
221 431 23
447 476 9
64 225 97
108 148 93
78 120 3
324 350 40
24 175 28
158 471 54
235 240 45
223 243 49
9 425 42
42 64 24
164 401 69
8 242 57
16 179 80
406 478 94
227 258 49
276 463 65
9 212 23
348 430 73
22 112 52
198 401 7
330 430 67
368 447 2
300 391 82
5 8 42
39 327 78
235 383 99
22 411 100
127 156 88
100 171 7
221 482 83
449 497 15
203 467 23
35 140 92
30 325 1
293 478 8
183 248 90
145 194 35
226 361 31
51 258 46
124 212 78
14 307 31
217 365 78
50 375 78
146 301 35
245 495 61
89 236 6
41 157 47
3 374 89
343 350 8
161 385 43
149 457 50
315 457 91
452 475 57
70 171 61
255 319 21
178 292 31
299 363 16
174 453 64
52 381 92
217 347 11
201 299 1
129 225 87
278 474 43
77 445 84
89 177 71
193 337 45
211 462 75
337 341 64
76 366 8
419 444 54
46 417 11
65 169 30
177 447 73
71 462 5
208 485 20
64 351 45
229 256 37
218 330 51
422 426 19
475 495 26
69 210 73
16 293 92
20 429 21
18 404 68
334 435 21
37 196 98
34 268 24
273 357 18
307 347 2
385 495 75
258 315 63
46 441 95
119 233 19
126 370 41
176 233 51
276 372 13
18 307 56
148 397 98
422 425 49
186 214 42
46 173 73
141 454 45
260 374 23
3 231 34
373 467 90
34 217 30
142 276 99
68 319 87
96 435 81
129 494 84
64 122 10
265 387 86
197 243 10
329 331 67
30 256 24
235 321 99
77 496 48
10 311 81
313 462 78
16 316 74
142 431 12
273 293 27
65 210 100
340 489 4
119 279 32
349 498 67
375 436 82
5 206 95
110 321 33
27 445 51
176 190 84
126 443 91
40 210 54
310 468 62
6 136 76
284 290 2
177 392 29
199 345 94
11 58 54
415 446 23
76 455 44
67 83 92
426 463 65
135 190 59
219 490 24
98 442 77
304 369 29
112 408 5
365 414 21
135 288 43
21 85 42
295 301 17
32 297 48
111 460 8
318 451 46
202 476 44
318 332 46
258 438 5
242 329 10
238 312 22
17 192 7
136 366 86
267 466 89
17 108 37
143 173 80
58 95 62
15 164 50
160 473 84
60 214 44
14 431 53
392 475 76
303 355 92
472 474 28
154 389 30
14 370 84
66 398 16
146 427 38
73 102 100
27 361 86
350 464 80
139 489 24
390 450 24
141 469 74
63 493 17
28 300 7
98 112 66
117 401 41
80 391 21
219 340 32
1 139 73
391 410 72
84 234 14
163 332 20
138 220 79
129 298 87
41 338 48
292 300 52
23 305 82
60 199 96
90 311 39
77 472 85
323 430 29
199 390 70
72 89 88
260 337 52
343 384 92
69 191 90
73 477 91
201 434 2
149 291 34
159 339 22
333 412 47
113 261 40
38 385 18
372 424 91
156 179 38
306 497 44
105 447 51
32 317 31
248 413 50
94 186 41
316 383 53
98 419 92
161 210 43
215 244 67
18 177 63
113 432 13
286 340 43
326 440 71
155 251 30
193 239 50
33 181 81
182 209 78
125 378 51
276 336 49
309 376 46
291 455 5
278 408 7
242 336 41
312 419 48
44 114 15
161 246 77
182 258 66
196 256 19
37 385 98
80 458 52
172 282 46
91 458 20
145 329 43
20 205 68
264 288 39
278 466 34
223 453 54
175 184 11
430 452 49
344 455 66
118 358 14
103 274 94
224 403 82
80 220 73
159 490 54
139 322 29
11 156 44
92 335 27
285 289 86
226 490 74
219 225 79
268 454 58
2 422 39
30 485 76
270 312 6
53 223 1
38 326 5
23 142 17
93 377 78
60 442 95
109 418 13
155 491 86
4 368 72
167 354 31
351 390 97
10 223 99
74 197 86
297 327 79
44 323 11
66 483 57
434 463 31
101 373 94
96 130 31
179 396 21
154 429 72
281 297 56
131 451 31
47 54 51
16 84 90
84 421 76
372 462 64
203 339 33
144 153 35
43 199 82
235 292 73
193 338 82
90 467 14
81 497 79
117 242 31
195 319 10
19 62 6
61 301 90
264 496 91
23 468 73
70 252 49
0 470 23
14 100 96
342 481 47
146 486 22
372 388 75
357 374 41
150 235 20
109 176 29
29 479 54
258 390 74
10 20 43
56 317 77
76 145 91
96 339 6
38 84 78
12 436 33
24 221 14
29 305 16
176 232 22
160 180 38
26 70 76
279 347 28
115 461 58
230 493 81
223 238 53
88 483 74
239 321 28
112 340 7
287 433 39
135 480 56
115 456 22
79 453 91
394 498 100
273 360 57
275 472 36
44 328 7
247 260 83
8 454 38
290 423 96
70 115 42
28 409 64
79 373 97
55 131 81
93 163 71
131 216 93
195 419 58
83 232 27
320 372 89
121 304 10
408 475 50
326 433 97
129 445 5
77 476 77
112 382 84
287 453 39
72 213 95
271 399 30
198 235 26
335 471 68
213 278 87
299 354 16
172 294 57
89 399 74
115 324 50
154 458 27
333 438 48
2 83 8
84 438 70
379 467 10
289 306 21
189 345 84
46 341 43
143 318 29
314 462 48
93 303 57
7 167 44
358 478 97
48 113 88
81 418 92
221 360 37
1 81 75
125 137 46
260 295 73
213 236 54
145 465 67
241 294 60
18 277 47
51 133 65
303 457 21
108 309 10
35 296 79
139 481 55
16 184 25
264 430 75
48 126 27
169 338 48
223 372 34
191 401 57
102 409 38
7 252 31
63 454 91
103 343 68
135 439 27
0 123 79
77 402 80
347 455 65
342 346 97
7 459 58
184 484 35
164 213 23
67 201 35
112 328 74
273 412 48
450 477 74
373 481 11
155 338 97
56 477 21
51 309 60
50 383 91
134 435 91
187 332 30
135 202 99
123 289 84
44 413 73
344 487 36
80 486 3
35 343 76
205 269 87
12 427 94
94 365 52
53 71 92
330 371 2
174 413 6
241 408 41
181 468 97
29 289 59
78 450 49
138 325 27
265 370 46
130 447 42
76 398 7
363 399 96
287 418 40
188 381 95
363 395 98
87 278 25
146 163 18
396 481 7
72 463 12
191 272 89
333 372 30
213 464 6
237 484 99
130 356 43
281 317 99
224 497 79
343 355 95
148 458 10
116 419 88
306 486 16
203 222 95
122 184 49
195 384 73
238 371 46
414 419 19
124 157 79
116 225 61
158 298 94
32 486 25
149 418 36
188 311 81
265 475 36
127 138 13
251 295 28
275 394 54
126 240 77
259 318 3
195 237 82
29 438 21
4 372 73
61 382 6
129 238 15
233 352 47
122 298 61
244 280 52
112 381 19
322 461 65
182 412 93
312 471 93
29 285 49
34 498 4
137 459 7
112 187 38
189 437 9
93 466 16
453 456 44
142 265 29
199 278 94
349 486 83
132 385 8
230 318 91
56 198 79
252 395 44
4 198 98
86 356 55
410 426 79
233 278 84
92 458 82
14 120 100
240 404 50
51 282 85
368 441 21
234 436 69
146 279 95
1 305 89
82 245 38
9 132 1
110 147 18
192 447 53
288 466 35
11 391 1
286 454 53
236 402 63
124 458 47
121 380 32
287 499 85
219 362 92
214 350 75
13 87 7
245 426 8
5 477 65
185 381 95
120 162 83
74 333 4
398 427 10
334 438 80
48 458 13
166 329 8
0 369 66
388 409 33
322 378 82
263 451 28
57 471 76
20 164 71
44 52 40
164 393 55
152 216 40
339 400 42
255 417 18
118 311 75
22 325 78
342 369 40
113 287 40
45 103 31
156 428 69
147 456 52
284 376 99
70 201 72
286 386 25
47 229 66
332 403 50
184 421 6
152 194 16
31 43 91
190 396 15
307 467 88
209 220 99
114 165 26
191 249 22
10 371 67
269 459 85
46 268 38
8 206 33
123 491 14
477 486 58
214 439 51
180 447 13
41 385 80
289 445 22
255 482 83
92 93 61
284 487 29
429 486 89
130 164 68
131 288 58
206 407 87
295 407 95
91 130 19
82 320 83
0 334 32
386 466 42
280 481 13
393 403 59
380 405 95
16 147 91
86 106 92
39 274 94
219 336 3
108 361 71
164 364 81
241 325 98
189 495 37
257 434 69
15 460 58
109 171 97
79 265 6
154 424 42
9 211 11
167 374 6
296 410 14
88 316 72
22 350 63
191 420 6
129 487 81
124 315 97
31 322 38
239 284 31
170 455 35
121 219 18
260 409 22
292 304 39
101 344 15
247 466 90
315 456 6
407 464 88
253 362 37
93 487 25
353 398 12
240 443 63
9 317 7
144 147 78
212 284 48
408 451 98
327 375 21
94 389 26
21 63 53
54 366 29
178 381 69
20 251 8
342 457 24
141 483 65
129 239 8
193 303 94
467 492 97
222 353 90
149 368 60
257 326 91
159 343 29
78 310 84
118 167 16
287 420 8
385 493 66
52 214 22
35 396 25
53 457 95
233 445 44
251 462 58
259 399 1
455 497 27
255 493 60
60 460 23
380 432 56
3 44 43
131 385 80
70 486 51
189 469 67
163 383 45
54 105 15
180 401 48
118 214 25
5 242 23
226 387 2
132 188 85
57 457 18
30 360 28
256 336 38
12 21 78
330 381 5
133 459 53
304 348 4
28 438 80
260 385 5
1 78 98
62 213 53
371 414 80
315 345 52
84 159 69
316 495 34
405 417 54
11 407 67
49 335 77
392 437 6
394 497 31
3 389 32
71 378 36
228 363 28
284 421 91
345 376 73
173 337 57
413 460 4
308 423 27
175 331 3
157 203 87
46 52 34
4 490 7
111 327 2
32 354 11
382 466 11
76 293 19
95 395 54
155 240 99
26 243 51
0 237 45
380 440 82
91 228 10
232 457 62
210 262 19
43 291 92
211 391 80
331 465 85
98 366 1
325 449 11
269 397 76
469 495 100
294 361 84
236 348 23
341 429 79
143 148 68
255 362 76
229 309 80
246 496 66
159 265 12
456 486 76
11 429 41
366 458 74
39 84 100
421 494 2
78 208 54
116 171 87
278 289 58
167 239 84
80 310 97
221 478 9
236 420 44
247 399 45
212 424 15
108 499 35
111 352 21
349 362 67
153 237 95
215 409 26
182 466 18
2 405 37
448 457 70
345 403 82
104 448 76
24 212 4
130 423 7
148 470 19
233 448 89
247 497 28
315 321 68
188 392 13
163 432 26
304 491 74
90 152 76
2 120 94
281 496 68
39 80 95
395 466 35
171 275 32
72 484 46
250 425 83
48 410 6
260 347 41
12 473 81
200 426 42
191 386 46
19 357 17
186 367 53
41 399 57
201 402 84
205 346 1
24 201 29
46 115 8
90 299 60
9 215 64
107 393 12
74 174 88
267 324 39
262 449 38
197 391 64
449 467 32
298 345 96
32 212 43
111 187 8
46 154 62
338 418 57
369 370 57
168 367 48
256 293 7
108 347 52
403 451 23
7 201 67
1 285 29
237 329 52
290 378 25
239 436 7
244 335 89
132 342 27
153 160 11
296 372 71
294 351 65
137 354 93
324 471 1
26 112 46
19 45 2
158 416 64
110 400 87
310 360 65
302 498 33
223 420 43
266 271 52
267 439 88
188 219 64
126 153 2
141 348 82
24 129 99
219 457 58
242 350 8
85 157 62
352 450 37
5 414 46
219 358 79
33 187 7
209 472 29
99 113 41
104 400 52
134 142 99
40 468 45
92 263 91
183 447 68
133 322 77
128 172 41
381 491 15
406 464 7
63 126 41
4 340 100
185 305 8
197 220 6
397 445 77
74 273 93
236 434 49
42 334 54
177 325 74
27 413 59
119 356 17
105 407 82
272 496 11
125 282 100
104 133 7
174 452 22
88 321 55
233 271 98
156 225 42
313 341 89
112 464 78
122 273 1
0 56 71
358 399 27
40 62 17
284 360 86
25 233 36
3 350 23
12 435 89
58 200 84
74 248 84
196 271 77
283 484 92
153 405 21
117 284 67
439 483 49
299 301 79
245 275 78
167 381 89
140 438 34
25 58 31
275 487 3
114 351 77
71 155 64
11 435 23
265 465 65
316 325 68
406 410 22
183 431 95
69 130 76
27 356 36
48 430 82
18 243 38
229 281 87
324 434 15
61 135 33
298 493 58
10 77 3
10 363 84
276 358 39
277 458 66
112 298 45
11 432 56
116 217 67
329 362 36
360 442 63
37 178 93
174 207 70
265 424 71
12 267 11
2 493 2
101 290 69
356 412 21
111 390 77
104 284 48
60 406 69
239 320 87
92 387 99
41 323 100
258 360 64
377 416 76
277 299 51
154 462 93
253 478 2
9 50 10
110 151 73
256 330 54
177 475 63
33 357 37
98 107 83
315 498 99
22 128 8
285 447 100
296 401 99
126 365 31
223 439 83
249 281 78
109 419 78
191 331 58
228 413 94
50 439 61
94 240 21
72 245 6
48 447 26
39 447 22
5 365 24
5 6 32
355 423 13
29 437 62
227 498 90
69 456 26
122 352 90
2 411 42
286 403 42
431 469 100
121 454 41
132 402 18
168 421 42
252 414 99
18 52 45
166 402 18
102 321 80
399 497 42
140 361 60
8 317 43
239 397 49
18 303 2
202 257 2
1 320 50
124 211 96
207 298 86
187 381 45
83 419 100
421 468 87
226 336 61
383 406 100
319 498 56
209 389 96
186 280 59
146 221 38
26 121 66
298 420 78
24 296 69
132 250 53
313 499 97
64 188 40
28 81 87
107 481 98
356 476 12
258 392 17
179 353 30
98 232 58
220 353 7
48 334 92
202 306 41
363 447 29
151 446 67
63 311 82
97 308 92
178 377 61
46 271 24
16 51 6
72 424 4
123 341 41
449 461 99
257 407 15
272 319 80
222 482 10
151 219 73
53 56 40
117 145 56
171 486 31
22 78 41
328 468 94
155 279 62
133 134 92
212 421 31
144 244 43
93 192 72
107 320 79
359 403 29
196 220 82
106 153 35
159 299 38
140 241 83
47 111 39
0 357 28
31 460 29
103 136 33
279 424 32
138 210 28
271 444 50
245 370 23
167 264 90
83 178 85
58 199 88
173 386 90
103 144 88
181 477 9
89 417 13
223 315 88
18 333 41
77 83 30
55 402 41
404 487 94
86 126 55
140 484 30
91 391 26
316 323 91
68 330 57
188 336 87
147 222 25
96 401 55
180 186 10
150 489 63
301 452 5
98 495 40
6 320 55
171 293 83
185 277 73
119 465 99
152 481 75
363 367 19
198 474 48
175 386 23
26 100 66
125 147 52
103 497 78
423 458 97
345 497 75
46 211 39
89 294 34
373 387 24
229 375 12
145 490 27
77 168 53
25 151 50
158 488 2
14 45 8
357 456 24
18 292 52
111 258 13
165 197 61
85 462 35
447 493 19
201 473 65
286 390 28
87 364 44
43 72 28
299 386 27
85 177 11
175 241 26
14 365 22
109 301 1
188 223 45
78 445 88
95 368 63
32 86 32
92 470 59
25 79 91
338 355 55
302 398 41
150 487 12
241 265 1
192 297 42
308 463 24
1 136 31
326 497 22
98 185 13
399 487 16
13 462 60
47 311 54
58 401 62
285 288 90
309 312 68
191 345 83
18 189 52
288 334 45
100 380 11
25 333 92
151 229 18
79 218 93
33 251 49
164 423 91
34 422 19
18 141 76
274 394 22
126 338 37
184 323 38
208 268 3
188 319 35
320 364 28
192 443 80
138 149 37
33 85 65
56 254 71
98 128 53
185 497 83
133 181 31
39 243 64
21 475 98
88 498 95
309 441 19
216 421 42
98 439 80
26 114 82
257 301 47
408 472 70
313 352 84
153 468 1
163 326 20
42 90 13
91 308 79
140 486 29
264 407 56
242 359 4
158 188 43
128 328 56
113 253 59
420 474 89
367 448 97
381 440 67
384 493 41
162 405 99
123 283 38
399 401 72
230 418 19
197 421 11
130 238 69
22 281 77
81 479 83
198 433 79
361 488 32
74 467 68
177 275 54
79 365 64
52 364 90
63 423 55
269 400 54
70 74 6
95 201 64
6 304 63
105 363 26
65 319 10
297 488 13
392 395 92
291 295 73
153 234 84
163 194 49
223 376 62
200 475 87
439 490 35
1 53 31
348 471 82
189 226 24
136 447 92
421 472 52
41 459 42
293 449 17
152 361 90
176 374 89
388 461 33
16 54 84
132 450 33
187 291 92
137 226 78
19 312 74
299 498 34
133 250 30
187 238 89
60 393 71
14 462 35
238 288 59
238 374 47
396 459 97
7 271 53
70 488 98
176 338 40
234 241 28
413 485 6
151 292 43
88 197 52
364 486 100
38 233 30
297 365 87
31 87 78
34 371 25
361 496 63
209 461 28
185 217 42
66 112 96
22 443 39
146 348 21
291 336 85
138 406 51
29 275 73
260 436 89
47 439 62
18 471 69
195 450 63
80 469 64
110 273 17
267 306 22
337 400 17
78 471 25
242 465 74
340 373 63
159 222 63
444 492 36
17 363 6
91 306 85
30 65 49
260 496 36
223 370 1
343 416 3
369 486 41
381 434 28
106 490 92
180 297 24
355 476 39
156 345 27
17 411 26
115 330 17
286 341 82
3 493 50
1 241 93
108 393 89
88 169 62
129 353 16
309 411 70
136 282 90
79 440 74
398 498 35
355 411 27
277 446 40
186 208 11
355 471 17
148 385 55
194 216 11
305 331 82
275 426 89
55 486 25
212 227 72
213 493 36
53 488 78
191 441 74
193 285 90
153 316 50
28 394 87
287 380 53
27 104 31
219 379 41
212 432 42
313 428 31
127 264 98
327 464 15
94 282 82
163 450 99
259 277 2
241 324 70
18 251 90
229 332 31
87 424 71
11 300 75
268 348 46
20 385 7
279 466 57
31 59 77
229 331 46
136 151 20
324 410 72
33 203 31
310 364 84
291 464 9
74 148 94
168 263 46
33 435 74
184 240 4
137 140 43
89 242 66
17 72 68
255 318 77
240 291 89
18 452 7
34 123 53
232 298 68
166 478 50
321 374 79
52 188 28
177 295 57
72 297 90
73 138 56
142 373 35
109 421 19
93 106 9
426 458 92
92 444 99
23 171 83
108 303 45
31 378 80
287 306 79
56 473 41
328 353 68
206 418 83
303 410 90
186 475 44
151 321 77
62 315 84
21 39 46
33 62 24
457 480 78
59 91 3
293 486 96
46 476 100
15 184 8
1 154 25
12 338 74
58 366 39
108 391 50
43 427 74
58 70 59
307 335 72
126 342 58
70 319 21
85 162 22
31 185 34
76 226 31
11 105 35
314 435 90
296 369 98
215 350 53
104 154 64
74 287 82
135 383 95
371 451 57
80 85 12
102 401 71
113 343 38
160 437 43
462 482 42
288 427 37
449 480 86
132 485 34
77 352 84
307 349 85
200 213 43
198 396 73
44 484 91
55 387 68
171 429 47
86 477 45
350 378 60
17 486 18
58 64 25
43 351 56
308 371 22
35 233 45
75 165 70
43 121 62
50 432 96
267 298 22
152 450 1
112 456 71
251 399 99
317 442 68
243 325 29
254 327 59
16 122 14
314 434 86
198 255 5
98 470 8
45 120 90
62 367 98
310 467 25
406 456 29
27 453 41
388 434 2
328 423 92
144 278 88
175 269 47
345 402 51
55 125 98
356 428 66
40 58 37
94 214 32
195 348 11
124 445 18
122 331 42
97 357 98
24 134 91
231 313 42
15 321 34
72 202 85
128 355 3
182 328 94
257 370 96
97 236 11
76 416 40
113 296 19
283 393 5
275 289 41
150 312 65
164 193 63
144 335 38
130 136 13
406 433 60
326 337 55
232 368 62
35 476 46
159 253 36
203 496 56
133 219 95
7 430 18
285 358 38
31 169 33
391 478 30
404 469 2
56 442 100
308 420 26
268 439 91
116 229 7
9 354 84
16 394 81
46 111 51
37 370 32
72 490 10
220 316 87
53 396 85
38 436 33
95 111 11
43 243 28
45 87 26
58 402 39
119 251 95
264 458 83
175 416 59
211 402 37
188 344 8
263 448 63
90 343 54
141 177 48
23 387 48
3 434 17
292 480 58
146 253 68
452 491 12
97 248 73
191 221 84
97 319 31
73 300 64
313 337 42
346 375 40
227 293 77
348 421 42
187 347 44
151 271 53
101 448 8
69 347 43
55 294 76
64 436 17
333 472 48
186 250 83
347 423 10
18 119 66
29 263 50
369 415 56
51 126 87
18 265 3
113 348 49
48 402 24
6 472 71
331 393 100
203 239 56
5 131 73
112 406 74
61 226 26
23 75 48
390 456 47
315 395 42
175 180 53
115 284 51
166 264 71
22 322 70
147 407 51
407 458 61
30 448 40
153 217 24
25 341 46
158 496 5
270 387 46
19 361 10
125 169 42
329 465 33
316 464 39
30 112 56
44 61 34
58 370 8
175 435 47
24 34 1
265 395 38
66 249 22
37 228 80
71 383 7
57 93 86
325 480 91
274 459 76
193 343 97
145 151 79
57 203 37
193 448 53
46 413 50
36 130 70
134 348 55
157 461 3
51 352 57
60 470 48
109 493 95
54 321 72
69 154 4
152 412 63
173 178 78
49 200 73
16 466 26
86 317 100
334 447 20
269 332 60
339 377 88
205 374 1
103 214 55
446 494 86
187 494 35
312 352 70
217 359 65
334 455 12
412 420 44
54 65 45
215 381 90
223 330 31
66 232 7
85 406 49
239 410 10
68 329 40
455 463 77
160 376 46
327 392 95
92 342 92
115 305 79
195 448 62
320 444 24
380 470 60
25 143 49
351 426 17
129 152 82
28 437 28
273 473 100
103 196 52
486 498 30
137 497 30
316 410 53
0 204 93
15 330 62
393 483 27
224 329 79
45 380 36
408 447 77
275 343 6
35 442 21
173 491 68
356 483 56
114 288 43
5 217 78
0 27 9
69 447 71
51 433 84
181 426 45
220 377 62
106 382 31
410 418 25
157 379 77
188 483 8
127 342 91
10 212 77
327 384 40
84 224 42
13 159 74
131 486 64
465 491 100
50 462 6
296 353 84
130 214 47
36 460 45
35 347 19
326 434 30
231 278 18
69 417 42
138 418 94
127 294 8
15 258 7
148 263 79
75 431 33
277 288 14
157 356 74
187 256 30
364 479 95
136 155 94
87 313 63
359 493 39
134 401 37
6 262 21
157 285 51
202 414 41
74 161 81
13 446 49
300 344 75
287 477 33
52 239 17
4 93 64
27 422 64
224 314 6
355 356 73
81 157 70
225 436 2
302 390 100
45 181 27
106 362 23
120 478 95
5 21 79
67 393 33
56 240 14
249 345 87
402 412 27
205 457 37
28 122 68
5 329 67
259 300 39
76 173 91
248 305 10
116 132 54
4 68 60
138 163 60
4 146 30
273 299 11
413 443 14
280 284 6
130 264 82
4 426 67
79 131 4
93 477 43
32 360 92
92 170 29
241 428 73
275 387 93
76 276 74
177 304 1
262 266 90
134 426 27
38 45 16
273 409 44
220 224 90
122 377 11
228 231 44
110 425 70
190 436 30
60 388 68
129 219 66
1 115 13
353 461 72
245 456 23
139 359 6
349 366 25
254 408 97
216 354 18
89 250 3
318 395 48
141 227 73
372 399 22
32 478 81
118 374 74
239 265 96
306 347 49
30 139 76
182 410 22
67 256 87
129 291 69
240 312 27
199 344 32
197 246 4
155 436 26
70 190 32
32 118 4
83 491 11
135 241 62
258 449 58
163 244 17
195 433 44
182 457 21
387 402 72
15 35 100
39 422 6
222 404 94
205 273 18
4 245 39
261 347 1
114 395 52
254 360 96
5 328 79
37 330 62
115 443 95
139 207 30
54 139 6
393 411 60
286 308 1
85 227 81
388 402 81
351 486 17
0 359 65
181 224 29
83 193 9
243 456 60
67 176 30
39 429 8
40 341 66
182 268 80
175 229 14
188 232 41
232 294 31
279 465 75
71 321 31
89 248 36
163 174 20
55 229 49
133 341 18
370 375 50
43 206 75
27 33 29
130 132 29
176 181 80
288 411 63
190 368 49
150 161 96
235 363 58
70 253 63
9 210 64
101 218 47
246 487 75
436 474 83
277 384 66
314 450 18
114 481 41
198 332 69
42 280 14
335 487 34
203 434 13
272 498 12
297 347 2
358 457 82
197 295 76
211 383 84
306 396 97
183 468 25
309 495 62
248 306 93
253 455 41
80 226 60
127 262 47
13 26 53
76 128 51
67 314 67
284 300 83
10 232 74
105 214 85
199 466 77
158 206 74
106 192 84
301 383 28
376 419 63
268 305 79
17 101 17
274 466 51
175 429 21
224 490 58
455 466 79
219 320 59
332 346 73
97 291 31
113 375 99
69 438 25
15 453 62
186 205 3
200 361 67
66 275 51
141 497 83
213 355 28
21 141 94
313 324 52
251 317 30
29 387 73
238 269 20
90 306 18
52 152 2
183 190 43
84 443 61
58 180 85
24 235 53
180 229 88
71 429 6
94 163 55
201 481 60
131 168 2
177 378 23
299 359 5
223 355 21
435 442 9
263 381 19
64 363 45
194 392 36
293 429 51
241 459 3
476 485 8
201 257 93
25 366 31
134 474 62
56 126 78
164 418 96
375 489 9
189 241 51
158 460 18
341 497 67
97 278 99
90 192 21
298 379 12
408 458 87
156 234 34
76 135 82
381 499 22
316 477 52
62 152 88
98 312 46
216 291 35
109 198 47
82 353 2
204 433 78
171 402 42
384 410 49
258 289 74
43 76 51
41 318 64
191 238 95
131 250 94
191 358 41
123 438 23
156 431 8
237 351 13
208 465 100
148 312 64
366 435 47
301 437 37
157 308 10
8 371 63
138 259 35
288 358 22
360 482 100
226 333 91
148 332 16
83 112 35
405 489 21
105 391 56
94 169 86
88 314 85
39 420 37
312 327 100
387 459 92
364 418 77
74 296 30
114 461 28
22 388 99
5 146 12
38 442 39
282 464 82
163 416 79
86 100 79
320 348 2
64 262 63
143 154 38
57 328 86
20 236 26
175 254 84
182 249 61
224 291 5
41 476 93
406 492 84
1 76 32
97 207 74
66 497 96
78 210 47
254 467 82
319 470 75
273 416 94
250 357 38
29 335 48
385 439 42
151 203 72
76 110 32
157 351 89
72 112 88
62 361 58
214 322 72
314 371 58
52 297 33
259 363 3
19 36 88
183 363 86
370 473 68
159 346 70
173 280 10
81 250 13
159 429 15
130 484 96
205 444 91
48 346 5
39 97 26
240 402 39
155 181 12
114 227 59
46 402 94
154 241 43
13 473 62
246 371 91
268 355 46
37 57 15
25 88 82
308 309 64
2 258 64
110 325 97
79 448 20
63 172 18
339 422 33
70 111 86
17 189 56
321 399 60
163 498 19
81 219 13
91 300 91
126 251 5
267 421 67
128 476 32
118 376 4
400 447 14
155 190 54
180 462 1
413 437 98
166 408 40
269 380 14
318 339 87
26 319 20
249 366 37
8 193 69
353 380 37
63 386 4
121 249 61
122 474 55
52 380 34
259 284 74
125 261 12
94 190 92
327 466 52
54 150 65
339 388 43
316 395 45
27 82 92
60 328 69
92 498 8
24 202 74
91 305 43
188 433 57
208 213 90
282 295 37
54 434 86
40 122 65
85 136 78
64 423 74
197 381 23
312 402 81
166 414 72
73 144 18
18 443 72
82 392 27
181 366 78
166 350 60
219 253 23
78 87 29
363 475 91
87 463 60
272 298 46
36 236 45
130 233 79
140 292 87
83 452 13
56 304 27
0 289 72
286 303 66
317 427 92
154 473 76
288 313 2
182 261 66
276 301 86
63 211 9
5 362 74
19 201 80
124 379 75
43 492 90
11 323 90
23 294 70
77 80 93
92 282 93
63 152 73
202 259 23
177 419 68
273 458 76
81 348 79
42 149 50
34 312 10
28 288 75
48 380 3
78 111 33
76 162 37
269 410 30
275 336 61
224 430 76
252 315 89
277 464 99
19 350 24
180 250 17
337 345 87
138 247 26
135 470 58
173 208 38
11 205 91
355 483 82
24 101 95
47 279 70
327 359 31
39 163 27
196 245 50
210 265 49
383 471 29
16 286 100
16 224 60
14 440 35
71 107 3
189 391 55
147 255 99
156 282 77
36 251 35
279 329 87
443 467 66
166 201 81
75 383 12
20 96 95
60 384 32
143 275 3
116 320 80
198 388 82
46 165 8
191 372 26
204 301 10
66 327 45
218 399 56
272 413 55
448 449 6
127 309 85
276 279 92
52 173 13
201 372 74
106 279 56
214 360 18
354 370 53
245 246 73
204 342 84
267 374 72
149 277 38
185 257 51
125 135 96
206 256 18
166 261 10
424 486 95
200 245 83
257 365 69
147 225 42
297 401 1
306 488 58
111 484 21
18 438 84
178 289 27
198 482 23
218 453 85
184 493 17
109 412 24
231 433 68
166 283 51
454 459 98
245 248 50
202 296 81
234 431 33
74 441 88
38 102 90
389 473 17
273 337 31
202 299 55
352 492 82
255 349 39
165 266 98
62 158 7
51 74 13
108 274 79
190 451 63
281 289 82
7 316 21
105 308 88
306 411 68
74 327 36
360 383 87
54 384 1
150 469 61
154 497 85
180 330 52
114 291 26
60 205 22
1 312 10
87 207 35
22 84 100
11 412 52
308 383 31
357 497 1
43 307 27
373 462 67
15 253 33
315 452 91
91 416 78
173 257 82
261 443 19
144 195 67
58 384 10
261 315 79
348 489 75
76 429 23
12 179 93
199 476 60
69 391 55
163 265 14
85 260 55
123 313 72
189 483 95
404 477 7
155 488 88
120 196 71
19 61 35
8 348 81
122 421 21
179 352 65
258 383 6
316 351 11
398 461 73
56 231 20
496 499 33
348 404 66
255 402 48
169 390 88
55 93 65
273 466 64
201 462 89
114 399 47
8 301 12
168 294 31
88 413 31
164 359 47
70 113 97
35 75 5
338 353 70
156 350 21
368 414 96
29 420 59
424 487 8
37 319 62
224 468 57
43 230 21
124 351 23
261 365 25
58 119 86
58 476 56
245 309 8
317 378 53
214 422 99
72 438 100
286 343 85
296 330 70
53 156 30
248 458 74
81 193 24
216 352 57
74 166 43
20 372 97
44 480 80
166 461 77
233 295 33
64 92 16
305 366 12
2 317 92
235 475 60
142 257 87
336 486 64
333 334 96
82 312 86
70 425 31
95 399 62
37 129 79
74 286 64
67 459 21
131 267 87
4 18 14
283 339 68
370 449 82
183 444 32
125 237 11
341 402 96
177 427 27
226 368 36
151 338 88
68 71 47
224 235 90
81 428 55
206 451 8
18 98 50
243 427 15
53 278 89
305 309 28
268 347 34
22 99 13
220 413 79
196 283 21
122 214 48
0 307 100
82 149 94
7 172 93
0 135 35
116 264 29
38 103 55
261 341 43
397 465 41
47 57 44
62 105 96
133 499 54
154 356 66
34 452 23
151 414 85
324 425 17
198 259 6
110 472 26
154 321 55
301 492 5
361 467 27
11 457 75
50 274 73
257 270 86
0 92 21
8 305 23
342 421 62
355 453 78
9 272 94
41 104 67
27 382 42
321 395 73
76 290 5
292 355 28
164 181 65
269 302 19
267 277 31
348 464 7
200 212 32
219 342 55
102 458 8
115 166 92
87 298 18
324 391 89
227 350 45
253 465 84
99 187 7
28 74 40
257 277 84
42 107 76
77 381 100
197 360 94
39 453 66
234 323 36
179 312 10
191 218 73
148 273 36
295 375 75
166 339 57
25 376 8
200 262 50
330 349 72
73 349 27
29 321 27
36 101 69
247 350 96
161 268 82
85 140 64
84 248 89
310 355 31
90 248 1
277 290 63
338 456 41
51 351 45
29 157 97
48 419 68
39 107 66
385 486 42
107 282 36
121 254 36
304 483 80
97 183 59
202 253 15
118 302 21
397 471 64
69 315 72
4 281 37
128 265 84
117 274 42
256 405 96
358 482 27
309 472 80
193 321 51
270 454 87
0 376 50
263 336 85
39 366 38
162 398 84
45 463 61
93 194 17
405 425 41
113 176 29
203 293 53
151 166 8
202 425 95
131 175 27
294 453 100
98 344 79
195 373 30
414 480 30
12 420 33
159 491 50
65 118 95
174 385 22
107 174 16
323 447 9
12 119 87
212 293 21
146 319 86
191 240 35
400 442 31
338 472 90
41 133 37
336 469 1
129 290 85
263 328 80
78 168 3
27 175 88
154 226 46
52 461 56
202 220 72
74 410 15
177 345 89
59 463 83
23 457 80
401 443 87
93 465 83
208 287 87
99 246 39
83 199 38
124 428 92
231 424 11
81 116 91
315 356 27
42 164 87
155 404 17
141 322 61
204 379 82
156 474 78
21 138 53
190 312 81
270 276 64
133 476 22
219 236 78
307 378 66
230 428 16
333 458 16
40 67 23
150 282 95
9 49 12
26 207 22
90 218 67
77 202 42
326 465 38
36 402 67
112 339 10
0 310 11
368 443 29
236 294 95
24 92 56
374 431 40
263 366 52
86 304 67
117 223 59
387 489 86
257 320 38
368 417 64
33 321 90
26 400 50
289 390 10
124 242 60
12 69 34
187 422 19
284 318 11
109 471 92
194 449 36
134 393 64
43 353 60
226 366 4
130 399 24
139 214 39
13 14 99
253 436 42
170 285 59
43 107 43
390 484 96
140 145 52
233 327 19
141 394 10
238 430 49
159 301 96
59 145 46
100 289 45
295 458 4
164 281 46
280 480 25
75 421 75
1 180 69
112 201 73
146 269 71
44 280 66
215 292 95
200 468 55
58 253 66
219 248 31
82 164 62
385 482 71
320 414 12
186 190 12
78 295 93
49 404 5
222 239 11
322 482 6
1 196 43
340 442 70
50 219 12
166 170 11
232 387 28
130 371 67
368 432 38
363 493 7
248 369 55
75 105 56
77 122 28
61 372 84
31 240 63
1 436 22
101 345 51
237 281 46
46 254 22
86 384 76
9 216 3
144 171 66
335 412 99
194 361 40
149 351 12
153 480 26
80 350 39
110 153 95
131 410 64
253 452 19
108 258 71
199 306 42
98 211 85
72 442 5
77 438 41
74 160 84
217 395 96
61 63 31
428 439 48
213 305 1
183 329 6
53 173 55
346 480 47
151 262 78
3 81 7
129 467 67
234 266 29
240 445 54
186 320 1
178 224 96
170 276 33
106 253 28
76 265 19
384 452 30
344 477 44
208 311 84
332 352 43
41 451 84
180 309 32
71 486 47
144 258 27
318 446 95
82 288 47
414 417 42
107 343 2
281 322 1
38 155 13
158 274 1
193 384 27
109 390 12
369 475 61
144 148 9
480 487 16
92 252 17
329 353 72
464 486 85
31 330 44
5 295 9
24 179 93
198 472 40
184 244 37
62 257 3
194 278 42
274 393 82
54 75 10
89 413 93
132 356 45
192 272 59
25 98 40
120 377 51
123 153 99
86 218 20
408 431 80
188 292 47
14 150 95
133 418 5
116 203 76
79 174 67
46 448 66
150 170 37
34 493 94
255 327 38
340 458 53
67 260 48
196 203 26
151 496 100
42 114 72
50 228 5
399 439 35
208 244 35
156 249 28
162 491 80
95 212 21
229 478 18
207 499 73
5 482 11
198 468 65
8 403 88
341 464 51
102 364 67
18 421 40
122 486 50
33 400 53
432 451 84
205 278 92
103 370 49
211 269 89
317 324 30
170 217 33
88 427 73
44 489 1
113 475 32
123 228 56
13 334 11
170 257 32
373 403 55
215 411 65
70 308 71
194 465 54
247 457 43
257 271 85
337 350 54
338 372 1
249 318 65
104 185 76
176 424 63
225 288 87
291 396 79
405 464 5
7 126 27
44 276 54
