2880 1000
0 556 98
556 809 62
809 913 38
913 1026 55
1026 1635 45
1635 1747 18
1747 1933 45
1933 2382 90
2382 2385 66
2385 2625 7
2625 2676 27
2676 2879 84
1704 1894 26
586 815 48
1125 2160 14
1016 1728 12
301 1930 16
70 987 67
761 2615 89
383 2446 57
1780 1783 40
697 1768 18
1937 2506 14
1574 2112 35
975 1543 98
490 728 88
2230 2379 20
676 1114 2
1374 1916 70
302 2429 12
553 2109 27
843 2612 39
1612 2064 79
1217 1642 67
757 1720 86
1168 2200 92
1022 2135 90
1507 1921 48
817 2713 71
735 2626 100
109 1594 20
78 802 89
380 2542 15
428 2692 68
1293 2484 56
773 2264 33
345 1027 73
540 1965 84
81 1415 97
735 1288 8
647 1823 3
1213 1738 55
955 2474 99
1931 2603 74
1353 1854 25
1147 1172 36
266 1184 65
743 2424 13
748 2614 64
2287 2584 100
742 1165 25
685 1869 2
596 1423 2
1157 2039 50
827 2696 96
870 2310 23
2791 2811 33
693 1950 38
1834 2587 9
1148 2261 10
793 1574 4
257 2548 70
2172 2293 44
332 1675 5
1268 2362 58
1734 1833 52
641 815 42
1191 2755 11
1281 1299 28
327 346 47
1101 1353 83
753 905 95
1030 1831 49
260 2283 93
160 1580 30
2104 2413 92
983 2271 5
1260 1854 67
1596 2665 8
275 2514 32
1457 1999 34
736 1658 37
588 1084 93
346 1911 99
1984 2107 19
331 2770 13
1292 1925 26
610 2041 65
1180 2791 30
595 1237 43
858 1897 70
795 2616 66
565 941 95
1832 2599 17
1433 1925 22
174 1983 49
1313 1759 44
212 2097 55
9 2446 79
1144 1351 3
701 2012 78
784 1469 48
909 1919 11
1356 2697 81
2021 2879 4
33 58 60
388 1943 45
558 2412 41
1196 2158 32
492 2725 44
1555 2494 53
524 2849 4
31 743 62
33 345 79
539 1290 85
1189 2104 52
882 1764 93
868 2406 52
341 666 48
2724 2781 59
628 1400 44
204 1995 33
394 398 90
1506 2562 34
136 2655 90
768 882 51
1398 2879 93
2809 2830 35
1907 2784 18
784 906 23
549 959 52
138 1933 40
1501 1954 62
58 1201 80
365 860 93
245 1555 23
1348 2845 63
1137 2792 82
527 2678 5
1401 2567 57
560 635 75
983 2469 8
196 441 92
509 859 17
1082 1109 4
1805 2246 80
147 449 6
589 1594 61
1695 2352 65
2692 2844 58
227 871 69
2057 2669 88
28 362 97
617 1664 63
694 1402 4
2214 2635 79
1900 2683 21
2136 2472 68
1361 1558 37
425 2039 98
1524 1648 46
1610 1860 21
767 2840 68
865 2087 69
97 2436 41
715 961 36
772 2507 61
2138 2284 45
209 2283 18
1602 2691 34
781 1653 39
2005 2255 97
1279 1966 1
415 861 34
706 2292 79
2327 2631 41
1225 2121 67
379 1597 22
814 1993 67
1091 1472 97
1226 2820 2
2117 2296 92
2503 2847 69
262 1236 63
320 2776 50
958 1913 47
1447 1642 56
1149 2859 7
806 2287 44
872 2420 23
84 2870 10
466 1749 6
817 1848 45
999 1264 65
162 292 6
1179 2795 74
349 2818 95
856 2753 15
1683 1709 68
811 1949 75
1808 2683 57
2149 2478 25
1210 1601 63
623 2577 10
458 1344 37
365 2413 43
230 2600 64
484 972 93
625 1765 34
108 128 21
222 370 71
1008 1184 43
166 1784 1
660 1413 51
2474 2649 69
765 2063 76
1489 2085 73
1052 2506 59
118 2816 34
877 1266 93
161 424 32
1425 2765 89
2054 2471 8
2215 2329 54
869 935 72
1428 1902 21
1068 1856 73
407 2105 93
339 2866 99
408 2718 61
1019 1771 100
1076 1767 66
1528 2525 40
217 1521 60
2072 2827 55
1034 1112 3
1868 2026 33
1078 1266 63
171 626 94
2239 2484 5
1171 1486 45
433 1138 83
1426 1764 33
1107 1196 40
813 1935 66
1966 2307 94
815 2648 57
1826 1891 45
999 2838 72
224 1620 38
593 2811 78
1192 2825 5
2326 2690 41
1727 1904 33
551 1677 47
881 2774 21
2345 2644 89
1041 1081 74
907 1062 77
1410 2351 28
1836 2100 34
2022 2836 17
1606 2722 62
1857 2455 89
1163 1985 7
321 2851 81
297 333 56
307 621 78
1026 2016 56
1400 1744 38
322 1089 97
492 522 18
1687 2583 76
25 1635 54
119 2233 1
362 516 72
425 987 84
1768 2269 16
1255 1318 86
179 912 75
1935 2156 48
186 492 99
1181 2047 31
671 1372 38
308 2041 50
2248 2567 47
1717 1925 66
1070 1140 93
260 1749 23
774 1896 96
146 1987 48
1947 2512 17
422 751 52
1553 1918 67
872 2062 72
2010 2016 17
1199 2578 7
530 894 82
193 1241 49
335 2088 28
414 2840 67
925 2393 90
303 2056 63
1064 2761 79
1941 2728 17
172 611 65
394 1381 52
135 654 26
251 839 83
1722 2843 63
74 87 47
399 2285 25
1084 1211 87
1902 1965 23
484 1781 61
1003 1844 64
1174 1477 45
1527 2508 44
573 802 34
1938 2590 61
704 720 78
597 2681 97
2352 2475 10
905 913 28
147 658 23
41 2421 43
1277 1652 36
374 2070 64
1437 1623 97
1067 1102 54
325 2614 56
2121 2475 32
245 1983 39
2011 2856 25
510 2214 76
613 1685 97
905 1542 2
347 1544 100
1008 1042 13
1781 2090 21
52 1996 68
943 1584 90
1252 1318 25
2178 2206 10
165 1020 10
504 2139 70
892 2141 66
248 1978 69
922 1280 90
385 904 37
1953 2627 44
1101 1405 15
511 1348 6
2183 2583 84
126 1586 8
1217 1534 49
1444 2629 35
1790 1835 20
1809 2061 29
15 1269 66
1784 2091 96
833 2178 69
307 2249 60
2546 2752 41
570 1546 92
1299 1756 86
231 1974 61
1670 2063 30
1486 2355 82
238 1419 45
307 772 92
1097 2813 49
2138 2434 49
1664 2741 32
375 2627 32
405 2843 64
560 1672 77
1007 2125 82
667 824 46
938 1826 54
1 2107 25
345 2490 34
541 2803 86
901 1617 100
1831 1838 94
895 2715 79
763 1352 25
1469 2517 84
214 1289 34
1838 2464 84
202 717 85
528 1108 44
2151 2374 71
1398 2685 21
89 2841 6
1492 2574 48
360 927 57
823 1486 33
772 775 41
374 2424 77
1032 2830 13
418 2629 20
296 1913 54
837 1110 58
1505 2580 91
844 1949 34
2412 2835 73
2149 2818 99
16 1857 41
724 1509 17
2268 2841 40
337 1003 48
48 1597 16
1932 2284 66
2053 2675 94
465 1557 28
775 1957 48
185 1446 88
2336 2726 45
1289 2497 1
293 2071 68
2550 2553 78
1127 1873 51
95 471 56
136 2600 28
680 2827 75
1100 1859 36
1422 1455 44
2112 2649 23
1656 1750 26
2191 2283 37
167 803 49
1922 2248 60
514 2460 91
451 2592 32
2682 2785 7
1791 2037 1
1527 1795 56
1 1752 76
301 1869 64
1320 1704 23
1374 1909 86
119 1250 93
1372 2085 47
611 2488 74
1779 2524 25
1254 1601 58
728 1399 28
1091 1744 45
1458 1669 78
380 653 64
302 661 69
1926 2006 78
212 1197 86
1416 2048 67
1693 2823 80
1659 2680 63
1101 1649 23
57 1132 62
1553 1618 81
2208 2375 79
1326 2011 75
190 362 73
1471 1983 25
402 777 54
1548 2535 62
1399 2123 31
313 2743 83
2317 2692 80
2250 2598 30
485 1777 9
1994 2238 53
1783 2571 91
162 1142 53
88 476 89
822 2326 86
677 2645 47
1569 1822 43
28 1300 50
891 2502 73
444 2604 51
189 2234 85
1925 2675 60
1356 1453 4
2296 2585 18
247 1970 30
132 2597 49
163 2047 25
1270 1918 70
881 1276 89
2141 2308 53
210 2440 19
192 1073 72
404 2033 11
136 2310 63
1693 2618 78
1615 1889 77
2052 2732 57
84 974 12
1785 2046 56
605 1895 89
603 2565 49
1224 1594 74
1305 1483 76
620 2478 51
115 1208 53
611 980 31
652 1578 71
213 2547 30
896 1676 79
554 2016 55
15 1795 40
1865 2545 81
591 1456 11
421 576 78
52 2490 55
715 777 99
486 879 80
1056 2773 47
877 1653 50
2038 2041 62
147 1849 97
14 1730 61
953 1180 41
1051 1267 65
725 1418 19
502 1426 45
1491 2705 69
1397 1829 68
126 526 34
1323 1890 11
2778 2779 42
1650 2503 79
1009 1991 41
1218 2285 84
1420 2819 10
481 1412 65
992 1142 10
1165 1258 43
1124 1219 21
46 1177 58
567 1394 29
2 1864 57
1623 2312 78
2177 2191 69
1373 2812 39
1077 1417 80
1234 1921 99
1645 2863 72
1496 2120 99
821 2383 78
746 1845 76
1761 2757 57
1597 1867 48
2435 2799 99
512 1506 51
1647 2640 18
49 246 20
1901 2240 64
608 1810 96
509 2351 49
493 732 16
1263 1657 93
1425 1692 75
1599 1887 77
2526 2751 43
1634 2063 98
1153 2312 90
755 951 82
1303 2819 71
26 1636 40
325 1531 20
916 1332 51
1812 2390 38
1798 2225 14
1220 2552 5
125 2210 78
784 2591 45
1506 2545 24
577 1003 56
961 1084 99
1310 2745 74
429 730 40
1107 2550 70
2237 2879 63
1702 2549 96
64 2504 19
1085 1522 59
838 1763 86
1072 1078 37
44 2701 40
1075 1547 11
1639 1844 82
1856 2260 17
639 2246 80
1893 2564 62
42 2704 15
206 464 29
1441 2763 23
1930 2838 81
1218 2525 77
1236 2320 70
522 1115 42
2194 2479 36
601 937 13
525 2666 33
1679 2225 13
722 2558 45
349 849 81
1286 2418 67
2115 2796 73
1285 2446 11
504 758 97
15 1846 84
153 2071 49
1498 1767 56
744 1680 75
621 2566 44
481 2013 13
1251 1677 64
496 2116 18
341 2249 5
1060 1572 48
1226 2460 8
1167 1871 3
2016 2125 17
1825 2733 97
134 2826 29
1951 1957 9
638 684 86
850 2424 65
285 1467 55
656 2338 60
1425 2660 25
90 221 92
793 2244 72
1048 2550 52
1603 2156 3
2226 2749 34
488 2448 98
920 2070 70
1326 2406 65
1280 2616 20
643 1756 3
167 1940 46
2813 2869 70
1889 2251 7
280 882 31
1603 2369 46
505 2212 100
702 2363 28
2211 2264 99
2544 2790 88
96 2190 2
1283 1955 48
1980 2069 10
1550 2801 30
251 543 50
2251 2542 2
401 821 63
678 749 41
412 2002 10
1656 2865 59
102 885 37
318 351 35
2138 2639 30
1829 2583 51
1015 1441 20
334 2327 58
685 2042 48
503 1263 53
725 2756 88
686 1669 3
496 1152 78
717 2596 44
525 2052 12
314 2071 89
1965 2819 72
1424 2201 32
92 1345 39
355 884 81
1257 2579 43
521 1027 63
350 1438 62
1292 1848 94
1533 1750 3
1841 1941 47
467 2810 27
72 1288 59
1376 2679 26
1832 1946 54
260 298 72
211 1502 36
993 2698 10
2339 2677 41
156 2101 60
1059 1598 94
454 1979 65
374 1696 37
784 1721 4
215 1165 11
39 2809 37
261 1032 41
1637 2866 11
515 1938 61
514 2001 100
497 1785 21
836 2253 20
381 2730 93
715 911 27
760 2470 46
601 1273 93
1887 2145 17
2246 2614 30
281 388 66
323 663 68
2507 2532 84
1081 1242 6
131 2438 4
803 1931 22
733 1112 2
1693 2638 6
158 2560 38
129 1103 48
1738 1752 17
52 2572 55
1638 1897 26
2309 2366 48
407 2060 58
586 2074 87
1013 1400 93
1309 2809 59
610 2802 95
1572 2011 34
1387 2707 97
43 825 31
890 2261 99
2056 2540 29
107 960 33
1231 1578 2
1846 2039 83
6 2058 5
84 1387 14
1589 1743 28
2085 2506 57
895 2096 22
786 2550 30
2501 2774 32
1028 2410 53
610 1755 66
351 2004 88
1477 2541 40
1776 2101 76
239 1983 89
490 757 70
1470 2598 85
3 1540 16
22 490 68
1758 1894 7
487 1312 23
1752 2829 97
333 1062 77
1071 2515 8
1761 2211 2
330 2165 38
750 1084 52
1336 1578 46
83 2619 53
651 1795 15
1279 1767 84
335 2284 30
196 2620 79
9 146 63
73 720 66
349 1803 26
378 1325 30
1359 1980 12
2001 2648 64
1906 2240 24
901 1251 27
366 2053 89
352 374 25
680 746 84
1813 2136 16
553 862 31
1490 2483 7
1358 2071 42
798 2053 58
340 2756 51
464 1054 57
1567 1822 10
1217 2086 47
868 2419 12
480 991 95
726 1277 22
1570 2724 3
52 592 28
208 2783 28
77 1973 76
378 1289 94
277 2177 71
792 834 9
1632 2573 17
1157 2247 32
1074 1402 10
1883 2833 88
563 880 25
1711 2474 15
324 1031 80
368 2847 22
416 417 24
527 590 14
2223 2598 59
2336 2374 65
1600 2177 69
114 1135 94
995 1321 40
136 665 50
738 2465 71
273 471 28
1223 2429 79
925 998 53
2397 2851 64
1501 2363 41
162 1595 56
958 1923 46
430 778 88
944 2480 96
91 1633 11
383 425 74
2217 2483 21
776 1286 21
231 2317 64
868 941 20
1221 2745 54
1695 2137 93
772 2613 20
120 1749 95
823 1462 38
1381 2419 75
1677 2315 58
1196 1374 26
305 2101 33
167 2164 93
322 2270 5
1313 1468 79
943 2695 67
1439 1566 45
353 915 46
179 1012 60
134 1475 85
342 2693 97
1035 1630 45
2432 2462 64
529 2126 73
1429 2290 54
1684 2324 61
2366 2563 56
1851 2660 60
1310 1753 49
862 2056 14
657 2724 97
1896 2247 25
1030 1146 49
2440 2687 63
1206 1616 18
1515 2629 16
1232 1660 75
309 2745 67
624 1952 77
642 1628 85
648 1696 22
998 2670 20
73 2639 27
584 2075 20
1424 2534 56
1665 2358 56
2189 2728 63
182 1224 60
1747 1849 13
2341 2581 62
349 440 61
434 648 74
907 1652 91
1805 2697 69
1152 2039 59
1211 2483 62
1414 2435 66
1329 1612 26
395 1296 48
1800 2181 18
2102 2368 8
813 1473 14
257 2465 59
91 2675 71
1045 1312 87
2529 2814 11
2097 2606 85
1291 2164 75
1174 1752 17
241 861 57
494 2620 10
1081 1267 10
2249 2348 19
599 2162 80
10 2753 60
924 1252 43
203 2862 35
205 2824 8
1870 1906 26
1397 2646 27
122 641 95
1353 1924 37
1928 2517 77
934 1668 72
990 1600 83
201 2674 37
154 860 54
956 964 35
1178 2621 85
458 2132 32
155 1881 77
32 1996 54
556 2314 35
2530 2633 91
238 1927 50
1976 1989 96
157 2186 40
1159 2155 34
740 2673 5
2094 2372 35
405 1245 36
2471 2704 61
1082 1473 27
2052 2453 60
1933 1954 13
337 1371 75
2593 2871 74
2206 2435 25
1861 2538 48
258 1169 65
1383 1774 1
435 2330 16
736 2832 1
150 1882 18
1043 2099 37
1331 2437 9
1027 1147 72
1019 1467 65
736 1430 94
327 2824 65
1993 2341 49
2571 2806 36
1228 1636 10
1944 2203 52
951 1085 53
275 2043 24
532 533 21
780 903 46
102 1780 77
2100 2767 38
2164 2270 83
173 2359 6
765 1433 32
619 1651 61
1592 2468 66
502 1383 16
232 334 100
250 848 31
1334 2248 46
363 481 100
586 2825 94
2668 2849 64
194 644 5
1289 2000 26
1604 2266 97
1650 2704 79
216 2269 21
371 2126 4
440 1372 68
370 1447 94
439 2841 50
43 1752 59
83 2549 35
606 1198 21
1792 1846 45
226 1259 37
1219 2235 72
1308 1512 21
1989 2556 7
