500 4900
0 3 72
3 6 44
6 7 51
7 14 25
14 44 16
44 47 80
47 51 35
51 52 99
52 57 9
57 64 22
64 67 62
67 110 59
110 111 85
111 121 18
121 136 40
136 143 46
143 154 39
154 157 9
157 193 24
193 197 84
197 216 87
216 223 22
223 234 40
234 244 81
244 247 43
247 250 3
250 262 88
262 267 30
267 272 97
272 274 100
274 279 17
279 292 88
292 299 7
299 300 13
300 305 47
305 337 12
337 358 67
358 360 69
360 365 32
365 367 89
367 377 71
377 390 31
390 392 14
392 402 50
402 408 52
408 429 66
429 430 85
430 432 13
432 435 41
435 443 56
443 451 3
451 457 47
457 464 14
464 467 63
467 471 14
471 473 47
473 475 18
475 476 53
476 483 63
483 487 80
487 490 19
490 496 97
496 499 44
16 313 15
68 260 35
340 398 88
331 360 72
287 413 3
113 213 26
142 309 53
73 164 30
185 198 95
26 288 89
208 477 21
330 409 33
160 247 11
101 298 55
239 460 100
38 152 23
19 448 77
147 283 2
61 140 18
246 296 65
248 431 21
172 377 94
127 132 65
407 436 54
19 406 51
193 390 12
122 285 13
112 207 70
86 347 55
153 394 43
228 482 93
99 138 80
204 379 5
189 459 76
149 184 87
79 352 64
6 27 10
341 466 47
95 324 14
0 131 48
238 475 46
427 472 2
411 454 1
0 19 87
95 378 61
187 279 6
165 196 55
122 270 91
34 66 46
220 424 1
292 361 51
56 284 74
32 111 67
10 173 90
15 247 70
257 485 20
39 338 51
137 139 82
110 206 62
249 391 50
209 495 35
291 421 85
281 408 94
31 48 69
7 359 60
138 305 50
99 479 65
278 426 3
361 427 80
376 397 12
9 419 84
91 443 19
73 480 32
119 300 29
18 438 87
270 363 53
70 361 89
366 430 71
141 320 22
318 408 47
224 369 28
192 445 48
22 113 22
251 407 37
308 430 42
4 421 82
143 497 42
31 376 38
137 371 62
128 392 88
50 471 80
67 233 69
238 486 10
50 276 24
14 119 74
257 305 50
159 238 3
25 134 66
350 453 5
250 392 70
182 317 80
241 427 57
317 461 26
123 400 49
2 430 51
74 407 51
77 399 18
385 401 46
234 345 61
184 298 60
5 424 43
245 276 9
227 405 48
10 423 21
102 163 11
196 345 8
37 480 33
40 353 13
143 321 72
72 290 90
68 363 2
41 321 78
104 463 82
268 458 41
66 115 6
248 289 79
136 462 72
305 474 19
239 435 9
45 94 42
125 361 75
171 174 36
270 335 74
137 421 60
4 188 18
86 204 90
116 275 41
98 154 68
289 333 50
234 410 92
394 422 41
6 40 92
138 205 33
97 361 14
217 302 26
12 341 24
294 301 19
294 415 92
127 141 20
189 256 39
314 452 84
270 348 35
297 304 41
223 258 73
153 171 53
241 469 31
3 330 48
141 331 39
118 188 65
37 103 74
354 376 37
278 490 57
277 486 91
27 316 32
121 160 58
130 394 89
242 447 86
167 183 12
100 414 20
83 435 65
70 257 41
6 436 32
114 246 46
76 263 80
23 448 10
210 401 30
0 449 8
88 249 39
412 446 47
114 210 44
146 436 89
111 245 26
65 480 85
385 441 86
238 384 95
248 395 93
296 327 44
112 297 95
156 438 84
267 399 45
201 296 68
83 118 78
295 347 12
52 197 32
14 451 50
305 332 52
274 498 60
51 265 86
160 479 9
453 484 59
290 332 31
237 244 58
8 437 49
398 476 25
274 324 90
281 377 5
341 417 6
3 378 80
156 482 42
102 150 87
418 435 39
295 496 81
0 391 54
21 249 27
333 452 12
250 489 43
16 38 34
169 368 73
291 310 20
74 473 8
40 333 61
75 235 10
115 210 37
92 317 54
18 299 49
217 293 44
272 410 96
114 430 83
235 262 51
13 100 80
70 317 94
176 477 95
200 364 88
69 98 16
13 412 37
151 479 37
49 269 63
365 412 67
149 366 35
41 464 20
202 488 19
65 125 89
178 444 24
100 418 99
80 215 52
336 359 75
50 192 19
312 370 74
24 245 63
134 370 62
5 228 29
132 475 47
118 397 35
15 81 97
27 213 83
6 470 27
422 447 70
399 442 43
59 96 16
118 222 53
252 428 76
74 455 62
41 498 40
62 262 17
52 198 56
87 216 9
181 452 43
232 310 72
14 58 75
380 412 43
105 181 98
136 408 86
195 199 72
174 411 99
227 447 41
234 350 85
215 362 66
165 309 89
55 399 44
182 444 4
134 246 96
8 490 34
303 321 12
50 438 35
28 194 60
107 393 47
492 498 41
354 438 32
114 490 12
39 44 8
40 496 82
85 94 77
191 203 81
59 61 75
83 292 35
161 276 4
28 439 28
30 397 3
191 286 99
25 82 76
82 200 30
24 53 15
239 263 68
225 464 10
17 74 20
282 382 28
225 462 63
94 274 99
132 191 1
20 420 11
432 472 36
77 147 69
82 411 19
330 336 92
198 469 20
1 51 72
77 155 55
232 433 4
242 485 49
48 309 43
36 251 38
61 189 49
225 368 7
272 314 34
224 368 59
278 396 50
130 434 14
277 465 36
337 426 89
286 391 46
227 287 68
163 211 22
288 426 71
189 254 9
73 451 83
179 341 76
76 182 90
172 234 71
204 306 3
276 347 66
289 409 89
226 329 3
457 481 7
146 198 60
226 412 38
257 271 5
56 188 57
389 463 21
88 440 70
384 422 91
195 350 4
445 462 42
1 251 57
124 361 38
225 417 29
193 434 69
244 283 32
263 477 70
7 291 80
384 395 54
16 24 99
225 453 5
74 236 60
153 426 19
210 460 29
294 295 81
6 110 31
147 198 19
22 246 74
53 195 88
43 327 8
5 83 43
144 146 53
262 429 79
342 456 36
247 277 49
109 149 80
122 167 93
141 311 33
93 176 19
119 453 88
240 496 78
311 366 53
228 474 87
354 363 72
12 144 84
195 207 47
112 423 8
31 398 94
19 286 65
263 417 85
369 487 34
2 445 64
6 222 50
131 218 38
198 295 22
94 406 96
192 347 82
144 351 31
191 414 26
349 355 68
207 454 41
120 280 22
45 455 52
235 370 33
82 118 46
339 383 96
263 363 90
388 487 54
294 361 44
73 84 12
351 437 59
177 303 35
37 297 16
3 129 100
388 466 31
47 194 2
398 491 86
197 492 17
14 46 56
271 378 18
298 429 11
40 110 55
275 486 19
85 223 71
74 253 70
51 487 49
250 470 15
12 242 46
326 489 39
100 192 20
6 331 34
208 359 28
271 419 75
83 177 19
270 369 82
90 100 1
42 347 57
43 66 51
151 291 73
380 468 77
151 420 58
257 446 50
111 304 30
285 303 11
167 374 9
120 463 45
127 128 41
33 411 76
147 419 45
187 312 19
258 348 87
51 346 9
145 252 27
100 308 80
186 242 2
75 422 91
26 119 61
71 186 35
399 498 58
39 489 6
120 151 37
179 361 12
91 146 59
74 465 67
346 475 63
305 468 18
231 380 49
200 279 87
211 345 4
20 236 80
297 430 71
263 264 1
149 341 37
432 489 65
382 422 85
54 479 26
85 333 79
106 192 8
289 321 4
111 448 48
402 422 22
9 341 51
61 65 38
73 400 17
385 405 91
279 427 30
265 331 93
224 360 85
236 463 7
171 234 2
243 439 93
338 409 64
447 475 66
249 398 15
339 482 95
74 290 43
69 306 77
88 482 42
298 312 68
80 122 55
98 282 25
296 319 9
4 231 48
272 471 16
25 294 97
86 264 15
59 279 53
296 333 47
22 227 96
349 352 15
76 114 37
3 218 11
50 452 2
248 456 32
55 426 59
96 317 41
75 478 40
100 115 66
240 418 24
142 350 19
2 299 94
102 140 80
27 91 31
79 158 51
395 441 45
66 113 67
95 322 11
187 271 59
416 450 60
173 329 12
282 463 87
155 232 46
267 467 33
70 297 26
254 418 44
171 357 70
201 452 25
118 135 71
36 235 98
199 440 12
32 303 42
107 392 27
2 247 51
69 208 88
258 475 12
95 383 8
179 401 25
132 486 87
437 479 2
222 478 33
291 486 81
25 74 82
9 367 42
142 498 79
346 488 7
129 429 31
29 499 39
411 413 51
368 461 32
439 459 60
62 492 43
33 389 80
197 257 5
466 468 73
236 303 94
347 462 88
102 389 5
40 328 84
181 373 84
10 435 81
118 278 58
143 245 43
185 412 46
386 495 16
34 405 42
311 477 39
71 492 80
135 417 53
35 212 29
400 465 5
157 315 73
81 153 56
264 279 85
204 491 45
228 426 71
226 251 63
196 330 74
63 273 4
39 93 67
301 326 53
213 397 41
58 79 96
23 31 82
161 462 10
246 364 22
145 270 28
230 413 49
218 310 30
10 318 17
17 189 61
128 214 25
138 286 13
0 342 39
26 325 1
21 333 60
170 281 67
399 491 28
303 354 46
123 233 48
187 259 92
8 284 79
195 419 5
65 447 76
396 457 61
134 299 12
203 359 45
197 444 69
248 423 64
111 458 34
182 376 60
86 394 18
44 75 97
9 46 37
328 488 43
89 392 27
302 310 98
15 197 25
244 325 27
76 361 67
280 292 22
60 337 6
326 434 57
48 120 98
136 353 93
41 188 9
1 114 79
59 270 91
72 185 24
139 189 51
161 431 82
20 308 91
85 135 96
84 442 94
23 375 15
131 480 26
46 128 19
64 68 97
95 215 25
13 328 61
6 432 67
179 450 79
28 472 46
193 494 48
169 223 64
97 308 12
45 359 24
44 60 84
62 411 85
49 209 1
218 327 30
107 320 21
80 325 87
212 234 52
290 426 10
21 64 91
382 440 99
13 316 55
76 181 33
91 294 27
209 264 35
244 305 81
294 379 15
147 356 97
383 479 54
55 338 8
78 383 55
324 484 24
353 491 95
111 468 53
84 346 15
252 433 9
40 161 65
162 389 18
36 254 49
316 348 48
74 393 33
338 388 100
20 461 85
190 406 89
159 305 54
51 275 35
84 443 51
39 442 69
86 267 58
174 471 7
24 164 95
62 466 49
380 392 28
12 307 2
336 419 89
258 276 66
402 489 73
319 479 29
45 235 60
143 353 42
43 251 69
356 413 12
159 192 90
37 332 19
353 470 9
437 498 36
195 363 62
9 246 87
257 468 60
322 330 39
4 309 36
255 304 54
204 263 42
30 130 54
150 428 27
166 414 39
219 316 26
222 486 57
290 483 48
66 197 57
198 228 84
225 425 2
41 323 5
158 354 36
199 473 11
55 65 79
154 324 50
2 460 8
376 382 54
116 422 39
53 475 10
144 298 38
392 476 60
43 156 13
291 440 82
245 461 9
78 331 90
39 147 16
17 460 60
282 388 30
375 492 3
95 217 4
6 134 38
61 150 27
61 281 35
86 91 38
113 482 38
55 422 37
228 442 26
65 147 55
184 419 83
178 448 99
75 293 49
418 490 79
109 266 68
416 492 57
3 271 38
223 270 71
217 349 68
295 369 93
360 385 73
79 238 86
166 385 94
185 402 18
170 499 11
364 379 89
203 250 14
209 423 4
66 462 84
79 380 67
103 348 64
193 479 67
228 451 61
346 360 80
275 411 74
162 393 64
157 173 9
405 445 100
76 476 23
70 447 58
409 474 17
70 98 100
246 247 58
148 427 68
269 359 76
39 405 90
112 350 1
138 335 74
221 303 67
95 177 61
325 482 28
178 316 2
61 432 12
303 407 49
258 351 89
56 469 14
380 458 73
183 448 21
331 471 43
178 248 70
27 202 99
414 451 38
281 434 43
392 417 42
0 366 42
109 489 67
42 449 30
52 93 21
410 420 95
32 100 66
42 314 5
102 464 96
293 302 91
248 341 15
124 398 25
86 222 4
51 132 29
28 359 68
287 366 44
341 432 35
97 230 39
52 247 6
270 391 79
41 336 52
442 460 2
350 363 72
55 118 58
23 38 13
367 376 39
275 367 96
180 333 51
320 329 14
126 432 52
352 420 87
9 19 80
12 93 47
371 374 64
77 296 79
73 387 96
305 459 44
29 39 93
150 341 32
171 406 78
18 120 54
145 319 91
70 350 5
232 272 65
321 424 99
87 308 50
106 405 58
316 486 11
91 386 88
127 330 60
53 400 87
201 281 50
128 290 41
275 329 23
217 356 96
128 187 71
183 363 68
26 197 74
17 434 75
257 264 16
83 161 87
25 315 89
371 399 4
145 333 23
136 452 53
409 449 9
124 473 14
200 315 56
461 465 82
65 358 49
220 430 85
364 381 66
258 288 30
294 329 85
398 463 31
99 421 64
166 408 61
289 446 45
149 270 16
367 389 82
55 197 5
126 238 31
3 332 84
337 420 79
238 286 2
401 438 90
220 473 52
147 187 13
135 143 87
182 449 51
105 426 55
107 204 58
305 416 22
414 427 98
185 367 20
119 206 81
427 439 86
292 380 14
6 42 63
404 480 8
11 392 31
111 427 53
1 65 56
1 150 48
167 323 48
51 353 19
270 305 25
117 282 30
241 438 3
406 488 45
2 208 32
46 247 81
111 300 27
146 220 76
38 473 86
267 377 16
281 418 95
146 299 78
66 87 16
115 267 93
103 175 85
34 99 66
0 277 54
84 319 44
303 361 59
13 366 100
426 478 78
221 421 30
107 336 47
119 306 10
90 267 48
266 386 41
371 475 78
36 411 17
81 462 75
79 314 60
196 260 75
252 481 69
171 370 71
27 99 6
367 410 4
128 435 15
177 483 41
376 402 51
31 44 67
244 260 41
43 101 58
293 360 44
317 475 60
337 485 95
311 409 99
31 323 3
185 232 42
33 269 44
191 355 29
20 340 20
228 238 9
142 405 70
272 467 63
222 491 50
12 28 2
57 281 56
86 220 66
36 182 81
363 396 75
102 104 43
39 254 59
34 210 29
101 186 63
328 429 72
13 399 90
182 484 90
44 450 14
147 312 8
8 134 23
4 113 99
96 214 78
35 441 15
198 282 17
454 487 4
255 410 91
44 480 58
11 381 58
91 380 33
134 403 54
3 287 51
270 317 12
195 406 65
165 389 24
338 493 42
161 333 77
134 303 79
135 273 44
248 391 27
336 413 86
91 411 97
239 284 47
230 467 10
92 382 74
49 471 30
158 180 50
122 341 1
250 408 5
20 107 28
225 226 97
71 102 95
27 451 23
27 300 14
50 330 57
15 350 39
83 454 97
28 486 51
211 410 37
116 299 12
337 381 27
21 129 43
240 479 3
91 174 50
234 496 57
8 377 66
299 395 32
82 100 79
7 434 79
105 454 94
59 172 50
193 258 1
11 341 37
237 462 72
328 397 59
201 297 47
285 483 77
132 186 62
173 323 1
253 438 96
290 377 11
114 418 59
179 306 36
40 356 46
13 225 84
165 248 63
68 325 45
102 401 74
66 264 5
90 473 74
108 273 37
208 422 1
279 485 90
384 412 1
158 477 13
227 262 27
375 387 27
80 252 74
18 344 79
239 418 64
121 477 66
123 299 19
123 157 39
35 301 36
284 376 45
84 492 100
448 478 18
57 208 98
236 261 2
17 437 90
53 168 7
426 450 27
42 261 94
0 182 91
273 333 80
143 183 62
236 329 86
253 265 46
244 483 24
210 472 84
336 384 61
202 222 43
11 100 42
38 198 15
219 299 82
93 221 38
417 431 29
102 250 35
202 229 99
56 147 73
120 495 78
204 220 72
412 499 77
326 437 8
107 344 96
322 342 18
184 412 90
102 198 52
194 230 59
379 444 60
106 382 51
310 386 95
212 381 29
38 346 22
16 480 11
271 461 81
43 416 1
121 351 83
10 260 23
319 376 10
215 460 93
31 432 76
12 261 94
248 254 82
424 451 100
162 414 53
2 415 80
206 342 3
254 323 81
292 319 41
150 196 63
145 470 59
402 464 29
215 323 8
113 162 21
148 333 32
220 482 92
88 426 2
155 252 20
290 484 28
265 412 72
100 357 47
362 414 92
162 477 49
44 274 59
237 407 90
125 253 50
157 235 63
397 433 31
177 412 49
13 226 73
106 140 80
218 336 26
297 337 90
234 420 36
49 142 5
132 262 12
90 434 33
53 244 36
226 288 24
169 397 73
457 474 53
82 365 6
227 291 17
4 69 29
369 425 70
61 264 22
245 329 92
313 372 79
118 361 94
280 385 3
193 237 38
35 248 22
405 422 65
25 64 23
168 190 52
197 289 54
307 388 75
253 344 20
15 203 53
29 153 38
246 370 49
223 431 24
251 489 31
102 497 15
55 290 79
102 194 25
362 424 60
343 471 29
5 131 16
138 434 39
145 406 24
140 253 42
123 393 66
78 187 2
197 271 53
15 21 40
108 339 29
76 164 73
2 325 66
8 267 69
194 492 87
8 252 91
53 476 68
220 245 2
72 366 53
306 439 15
185 319 81
163 430 1
42 417 8
313 460 28
53 438 99
235 316 94
60 232 90
41 198 63
151 282 99
22 218 79
89 112 20
213 310 39
230 406 29
174 485 15
225 234 6
50 172 34
179 301 43
0 25 42
345 460 98
8 496 23
482 494 47
303 356 46
75 470 58
68 471 53
307 420 87
96 322 40
377 487 86
305 465 89
200 406 90
178 353 80
423 482 72
472 480 47
244 493 63
39 132 80
140 441 39
206 315 97
346 352 10
123 167 1
79 292 54
204 384 44
128 408 33
258 433 10
257 431 70
324 438 15
217 455 48
217 304 57
105 354 40
79 332 56
114 308 99
25 361 46
338 378 36
213 411 73
276 333 90
228 495 5
219 327 69
169 342 34
72 177 78
242 315 74
392 415 97
211 249 74
29 126 6
270 342 58
221 340 53
0 433 77
245 426 5
30 346 95
399 430 88
265 325 17
9 55 89
375 410 92
326 362 29
309 444 94
329 409 82
61 360 100
148 349 28
45 286 62
31 495 56
259 433 58
127 188 20
4 75 58
21 284 77
232 281 17
203 411 66
309 442 95
113 218 26
248 355 89
121 398 53
239 326 43
123 419 10
420 447 63
337 384 91
43 111 95
128 327 74
84 480 55
61 143 24
130 286 61
283 351 84
109 425 52
251 461 93
89 388 20
9 114 48
171 225 84
116 272 38
113 262 1
123 178 41
148 430 62
47 491 81
6 372 67
6 210 25
147 248 53
90 384 89
75 416 89
66 225 26
267 362 70
318 359 5
136 254 27
33 99 13
129 479 44
155 462 58
19 317 69
184 390 22
31 387 34
220 432 8
20 54 87
45 197 67
7 92 95
24 57 18
170 315 41
196 420 15
43 175 3
1 389 15
334 434 25
39 443 72
162 385 77
370 402 36
124 417 38
325 483 90
264 384 31
363 465 95
240 251 17
107 179 69
176 390 94
39 415 70
247 386 14
170 182 83
1 42 39
21 79 25
290 327 49
381 430 48
62 72 15
441 467 12
7 129 71
121 133 29
178 290 42
25 479 90
0 378 76
182 398 5
149 491 10
121 147 65
309 439 73
225 434 61
341 442 95
166 331 17
448 492 30
45 397 94
237 461 70
329 473 18
100 441 44
4 455 72
359 390 35
262 409 39
99 199 96
298 370 47
271 413 17
233 380 18
2 340 42
28 350 96
121 165 32
71 409 20
76 322 96
268 471 48
268 289 30
167 225 76
68 377 39
67 213 51
35 370 66
143 464 2
42 49 57
46 422 32
52 156 82
111 307 80
246 476 23
93 345 97
243 436 24
10 339 72
150 391 80
393 444 54
271 390 57
181 418 74
247 327 79
238 397 76
170 300 16
17 469 16
89 298 92
206 361 2
83 425 41
129 277 49
154 168 24
328 475 93
188 498 73
98 378 16
132 306 47
69 366 37
262 275 17
377 394 22
448 484 15
75 138 71
45 384 52
95 163 39
252 432 79
103 282 39
221 251 70
186 230 72
430 448 88
281 387 64
118 303 16
263 296 94
273 456 50
42 56 56
23 299 100
238 444 59
3 105 76
76 424 72
111 494 5
32 121 28
94 220 27
116 119 51
79 349 70
11 244 15
282 469 3
355 402 41
88 357 92
15 459 15
223 354 11
97 405 97
294 319 90
324 443 97
14 49 4
133 428 53
459 488 54
14 183 6
1 286 53
103 494 47
75 353 59
17 116 41
261 355 26
222 287 31
1 449 4
67 324 52
22 416 3
51 453 85
12 135 88
181 284 72
234 392 43
181 352 94
144 208 96
254 420 12
414 494 65
221 394 14
108 255 2
169 464 25
207 426 59
149 460 16
97 319 56
76 142 8
142 332 6
19 232 83
32 287 32
30 75 46
55 410 47
95 343 14
107 125 92
181 240 87
122 158 78
77 390 22
275 484 52
423 478 4
132 362 34
197 252 66
110 420 69
77 443 51
265 294 88
31 454 64
11 14 31
245 429 88
111 336 7
34 467 37
42 276 63
117 150 28
134 300 49
278 291 75
326 340 43
104 205 3
66 320 75
319 418 15
61 219 27
3 123 51
75 475 13
183 385 34
19 411 89
333 365 85
181 395 44
119 331 80
150 281 63
39 472 83
169 451 21
251 374 45
22 394 70
13 132 58
88 332 27
155 469 63
30 67 86
97 124 56
364 453 17
415 429 87
29 286 25
23 58 79
230 389 31
92 434 5
79 168 46
114 166 48
258 373 78
135 278 70
85 168 18
281 480 50
74 474 1
4 168 5
273 493 22
32 184 37
175 239 78
81 147 18
104 323 33
250 459 26
369 498 85
323 457 73
49 109 85
128 349 80
67 101 64
28 208 44
50 265 11
93 142 78
132 225 88
256 461 87
49 52 4
2 489 90
172 469 35
89 156 85
55 492 63
102 499 67
174 285 71
101 121 33
31 298 16
141 428 91
104 301 80
194 202 83
289 442 73
129 338 82
209 478 45
341 424 34
241 358 34
158 400 62
16 499 24
121 266 89
73 261 94
123 328 94
178 205 27
68 74 13
73 441 31
119 142 12
124 255 73
33 93 68
86 328 39
331 464 12
103 262 81
122 149 38
190 307 51
265 414 52
139 192 11
360 425 55
175 433 29
85 401 2
89 90 54
26 112 85
210 452 83
303 343 62
288 461 80
83 336 43
244 395 62
195 216 42
320 430 19
480 499 51
32 62 71
302 376 58
16 413 39
89 401 80
2 110 40
258 298 34
177 358 16
21 380 45
304 411 3
382 439 63
112 177 72
106 428 19
114 175 75
155 439 73
74 175 98
46 490 34
221 365 59
124 451 27
87 415 55
376 462 88
142 161 21
20 402 88
265 415 12
160 410 89
150 297 63
213 491 42
35 260 45
201 320 57
210 324 77
11 91 31
229 337 58
232 318 65
124 354 45
51 160 22
153 326 53
17 177 27
15 22 65
441 489 24
453 464 53
378 473 7
136 160 8
130 332 57
134 474 90
48 451 82
179 181 85
178 262 45
90 209 88
171 335 76
35 177 35
20 432 16
76 192 86
61 287 7
59 474 51
199 498 68
241 474 67
31 120 6
181 342 93
16 200 95
265 469 54
360 371 94
473 495 20
38 423 99
90 154 90
78 363 8
265 300 32
120 393 67
266 444 4
76 313 70
47 498 33
74 106 30
71 337 62
111 289 3
236 245 72
296 318 57
269 413 23
140 461 79
357 359 2
313 356 61
24 230 97
49 438 47
14 66 63
47 275 78
85 115 71
63 457 65
224 403 66
216 388 57
63 484 98
44 232 27
132 379 81
53 353 63
23 316 83
164 391 99
91 442 54
52 357 95
100 433 5
160 486 38
96 146 72
226 438 59
43 248 28
10 130 35
487 495 79
247 350 12
74 400 27
174 383 49
4 254 38
105 221 97
124 431 60
22 420 85
126 209 83
179 473 65
248 333 39
272 499 61
172 186 25
147 177 4
142 461 95
93 347 89
163 267 29
377 489 48
431 471 90
43 125 18
132 348 50
212 278 69
230 397 49
412 482 53
224 320 68
126 425 83
5 280 80
270 358 94
157 279 50
98 387 52
287 443 53
211 337 55
19 179 66
92 471 52
61 338 29
124 322 100
229 232 26
312 366 22
46 144 25
1 269 11
44 189 76
89 371 2
78 427 59
188 315 68
440 488 76
314 414 5
64 456 1
172 198 44
65 177 49
334 362 11
129 168 35
187 376 9
55 182 98
82 277 23
109 377 95
288 425 34
16 263 83
249 469 16
28 249 66
115 347 89
69 424 48
302 364 17
208 256 44
167 495 70
324 429 36
22 337 7
371 471 54
322 351 24
1 323 81
299 465 84
13 185 6
344 347 39
242 389 37
105 217 36
365 369 86
110 269 27
157 420 98
218 276 59
17 130 93
432 457 90
240 433 40
79 86 74
284 344 8
127 235 96
297 381 34
192 343 17
56 303 40
460 474 66
28 133 40
112 488 98
316 482 32
104 450 51
125 347 89
335 337 41
198 218 84
121 311 61
310 446 24
167 268 24
210 440 21
414 429 20
37 256 23
128 391 17
309 422 81
266 349 42
156 475 50
353 498 13
21 391 49
143 198 35
168 489 55
167 318 21
132 427 55
101 212 38
224 371 11
201 273 60
12 488 58
456 475 32
187 191 1
129 428 80
205 485 37
93 387 72
315 343 9
52 54 94
229 331 39
166 202 58
80 446 37
235 367 24
127 282 50
192 454 4
323 469 37
62 477 72
159 493 24
94 289 67
135 437 19
34 332 4
27 328 96
427 471 40
222 280 2
199 375 50
159 286 72
250 428 74
103 402 81
322 430 11
86 101 54
102 301 87
84 159 70
38 447 71
187 492 45
95 428 48
214 356 65
11 226 59
94 472 11
133 450 46
55 199 63
244 482 79
404 486 52
336 431 43
287 378 28
248 325 88
115 189 86
111 164 20
335 419 7
73 333 20
230 424 76
369 459 67
286 420 32
117 329 77
201 478 61
169 178 58
84 423 57
37 51 84
153 217 43
236 274 59
101 173 18
88 137 15
44 55 25
104 231 60
114 375 99
195 415 43
61 105 16
27 244 55
195 233 22
95 475 43
382 408 81
259 318 13
140 389 72
178 217 44
112 307 72
231 233 6
452 484 47
440 442 56
302 385 5
85 496 4
37 488 55
49 376 52
1 390 20
122 378 40
56 246 49
6 352 20
134 243 13
104 147 55
152 473 91
311 349 48
90 244 23
166 363 7
1 87 78
253 343 86
481 483 22
91 126 45
446 476 27
17 312 67
71 222 64
4 290 48
203 404 78
262 340 86
35 164 10
348 402 66
397 407 21
266 429 8
228 398 26
74 93 25
24 409 15
147 482 5
172 379 93
139 247 4
112 200 70
245 457 95
251 369 86
135 419 59
8 113 63
9 427 65
126 324 96
87 324 48
38 375 30
36 476 75
235 327 91
115 332 69
212 418 33
262 466 45
358 467 6
218 428 47
132 269 58
80 318 40
212 455 24
28 292 25
177 230 96
163 172 11
262 394 98
194 450 15
494 496 71
127 319 67
54 290 53
48 73 3
321 387 91
18 34 20
25 63 41
304 318 89
252 357 9
20 436 43
165 373 38
154 340 16
162 173 22
236 426 94
82 131 87
191 257 47
148 409 82
200 421 10
44 258 96
311 499 20
133 411 8
17 382 10
165 299 62
118 302 39
24 49 97
159 363 14
359 382 79
155 283 97
174 456 46
374 451 1
136 367 23
87 221 45
36 495 89
299 381 77
259 276 46
28 42 75
42 185 18
204 406 50
205 399 60
81 487 4
239 454 42
129 332 71
93 357 45
178 419 10
315 483 22
182 332 70
96 271 76
306 342 25
47 251 68
152 184 72
372 462 79
54 324 85
51 264 100
77 183 71
89 346 65
271 405 6
143 238 99
223 299 30
3 69 40
130 166 95
26 488 60
122 294 88
256 360 43
127 274 10
129 469 40
36 328 38
306 455 4
419 448 98
185 392 39
39 152 74
276 402 97
175 199 99
65 366 45
141 468 91
137 233 50
32 159 3
126 376 69
160 394 18
14 383 52
361 458 6
324 401 82
44 495 85
145 151 18
188 322 52
206 228 61
84 307 32
206 453 69
252 369 72
21 92 3
301 372 70
26 261 62
245 410 33
50 317 85
86 464 100
62 320 66
148 223 19
239 245 85
23 435 1
310 408 57
70 255 15
20 428 28
98 473 80
23 370 94
286 472 75
288 488 26
287 375 59
159 429 40
55 81 57
298 371 7
94 143 75
55 315 74
102 421 85
249 409 91
57 133 81
115 309 64
251 406 100
281 303 90
384 394 12
224 408 6
119 297 39
99 236 28
131 165 51
258 429 73
114 470 57
197 260 97
35 102 53
163 174 49
236 382 14
334 450 75
124 458 59
5 326 31
293 328 5
119 134 38
59 333 12
89 383 87
222 461 33
9 77 31
214 227 29
86 334 39
386 444 98
27 53 2
71 189 84
361 430 68
55 262 18
15 31 45
76 434 47
318 394 79
167 172 5
86 257 86
240 386 60
328 459 15
91 158 12
394 424 68
355 422 81
152 397 68
51 106 8
249 456 62
155 182 25
273 420 5
249 331 93
5 305 84
88 312 74
241 495 18
57 194 10
316 358 95
51 337 95
76 197 72
180 374 50
117 389 38
17 404 85
56 403 52
337 474 64
153 448 70
443 470 58
108 116 96
160 419 35
67 208 29
91 283 70
46 78 5
190 367 31
28 162 46
114 237 59
150 306 29
19 69 47
114 283 52
169 364 81
220 476 17
353 460 81
341 356 5
4 187 33
47 128 89
80 258 69
73 253 10
96 104 51
80 362 25
200 351 7
265 409 22
150 326 1
244 475 18
42 219 71
355 444 16
365 437 5
131 220 49
121 445 30
161 208 51
295 457 78
431 490 62
240 272 64
414 437 81
211 294 3
278 357 93
73 382 23
67 160 54
332 485 68
156 259 87
6 143 98
75 111 16
114 289 95
186 397 84
243 293 34
236 374 58
38 210 68
197 302 17
101 281 10
311 405 37
10 453 65
285 398 90
109 286 98
291 425 61
95 156 67
234 347 100
456 474 8
49 252 56
0 260 61
167 230 96
129 456 11
336 338 9
155 364 48
234 472 56
162 428 66
185 313 56
394 466 36
59 221 77
44 257 33
342 404 70
28 115 96
43 176 25
204 266 6
280 339 14
226 448 80
92 224 8
306 385 21
216 385 91
66 159 60
2 322 92
314 459 45
34 100 93
122 157 9
88 491 69
362 418 30
179 496 37
275 310 69
66 92 89
228 308 100
40 280 64
67 486 44
114 382 89
130 482 76
213 334 60
366 402 89
445 447 36
231 457 38
438 467 32
54 129 94
8 438 72
87 92 10
86 460 74
180 456 61
110 203 55
56 238 58
78 490 66
241 316 69
96 297 9
16 50 45
179 404 25
127 159 42
153 355 60
257 478 5
121 335 54
329 433 48
161 410 22
67 391 8
65 302 88
13 453 8
130 213 59
125 274 67
133 418 48
81 362 74
171 327 82
132 147 68
121 213 31
88 417 6
8 192 30
422 461 8
289 351 19
211 309 7
5 146 80
226 368 11
23 390 41
71 115 18
113 222 76
263 327 78
261 292 32
227 413 77
292 386 78
219 352 30
307 419 52
47 329 37
126 190 21
64 103 48
125 486 100
102 197 22
115 487 97
173 331 66
120 199 3
229 479 86
91 292 61
15 378 41
192 430 84
78 119 49
153 182 98
48 131 35
17 91 78
32 183 21
160 366 5
86 119 18
252 283 46
339 476 88
84 497 8
262 283 36
47 235 9
42 380 68
159 328 76
88 149 88
103 157 25
229 303 41
263 445 9
110 440 25
111 394 38
280 490 24
294 481 95
140 175 96
301 448 87
323 404 97
268 298 64
443 446 57
370 490 93
80 399 32
210 453 26
127 154 31
101 386 46
105 186 79
359 462 38
135 277 27
18 272 3
63 73 52
45 134 14
172 354 93
184 300 88
8 448 32
336 441 26
42 298 52
21 471 36
303 357 89
471 492 21
4 346 7
135 317 100
120 231 34
114 450 70
73 129 59
140 324 45
188 400 78
295 349 6
177 493 78
237 331 76
279 364 54
242 264 93
158 162 50
154 285 92
0 144 78
7 320 57
41 54 53
184 380 34
71 480 22
181 278 87
85 142 3
262 389 88
152 456 33
238 339 69
46 453 86
175 453 48
6 339 43
183 499 38
149 242 60
383 418 66
49 428 81
0 299 86
50 289 73
108 400 28
27 146 71
68 81 93
33 410 70
219 230 89
159 482 10
205 301 93
98 186 93
41 51 97
246 395 53
229 294 16
123 128 41
140 409 65
114 123 33
122 234 78
365 490 22
303 457 39
106 300 95
232 491 95
98 484 55
38 179 73
342 366 9
362 458 84
40 428 82
107 435 76
159 251 13
291 318 45
337 344 94
416 497 60
123 391 77
96 472 80
58 254 52
166 171 78
309 349 88
161 205 38
269 465 38
115 323 5
293 454 92
276 474 95
193 476 48
253 350 82
42 331 58
327 385 53
106 459 98
458 461 16
91 426 42
203 234 34
58 74 45
24 48 76
455 456 81
372 496 100
316 426 59
31 149 32
148 297 13
136 332 17
100 385 97
8 158 22
62 337 93
223 322 1
357 370 28
148 209 31
85 98 82
337 469 95
65 75 23
364 450 90
93 402 20
354 391 47
5 45 44
127 391 24
251 299 57
40 435 100
147 237 100
313 394 65
398 432 66
46 388 18
6 410 18
217 326 26
139 230 25
187 289 6
66 487 94
172 349 93
172 245 65
296 358 54
164 254 98
85 378 31
78 151 45
133 492 69
124 487 27
256 261 16
141 290 86
219 360 48
174 271 63
19 361 67
255 289 72
376 477 99
30 402 89
154 487 65
390 413 73
217 383 62
106 461 72
91 499 98
268 469 50
382 393 79
116 443 1
131 284 15
178 434 46
188 224 34
255 433 27
320 491 97
119 410 67
100 337 89
227 310 92
319 334 61
148 494 68
271 332 74
244 255 86
29 451 53
22 434 73
29 487 44
282 327 71
93 498 4
12 88 15
180 278 27
247 334 25
230 398 89
294 381 44
5 374 57
6 326 63
142 478 55
125 131 38
29 466 43
38 265 48
35 83 11
70 402 43
91 333 3
256 388 19
95 493 14
52 147 54
161 167 79
13 174 60
6 491 3
440 453 14
257 364 23
43 295 32
312 499 12
39 336 64
15 475 8
366 385 20
30 234 28
139 322 21
70 79 9
96 434 67
423 486 11
275 469 70
4 426 25
193 339 99
67 319 91
231 395 19
173 431 36
298 320 26
303 437 69
17 453 47
339 367 13
228 350 41
232 294 21
329 430 28
451 485 32
210 264 96
106 148 51
31 446 36
361 408 37
411 494 31
149 209 52
50 409 36
153 235 22
114 320 21
147 464 53
151 175 60
74 275 52
48 450 87
165 287 18
202 324 63
97 327 14
97 281 97
345 480 19
44 466 39
367 481 73
133 328 20
1 423 15
242 417 28
251 309 72
145 209 8
201 318 33
33 402 8
152 403 49
461 496 40
137 269 91
194 197 55
415 416 63
175 365 59
185 488 4
20 434 3
488 492 4
49 87 76
116 426 83
63 261 11
16 470 29
43 255 75
336 423 19
200 346 95
51 131 35
2 361 2
85 290 18
435 461 92
102 438 21
10 120 9
278 367 18
471 498 49
203 396 60
290 318 21
355 495 52
262 492 99
316 338 48
140 376 15
255 377 77
180 498 99
88 361 64
4 329 31
168 397 24
323 388 56
191 240 86
214 309 63
199 243 59
44 340 57
247 372 28
131 293 35
210 461 62
83 224 2
347 384 30
46 419 57
39 53 85
82 482 41
2 216 26
202 220 38
139 159 84
92 293 69
58 109 8
268 407 33
160 266 1
97 144 29
267 318 41
389 401 96
252 434 93
432 484 78
223 492 86
16 22 23
128 457 8
29 69 66
310 360 14
101 495 65
151 204 38
38 73 46
128 240 8
166 452 62
16 425 44
262 373 16
48 280 97
341 451 10
121 496 1
19 339 75
139 328 86
71 141 19
393 445 95
245 423 75
47 166 96
8 247 79
19 104 79
261 334 51
174 236 54
239 464 86
41 482 75
365 435 14
208 368 47
324 472 27
336 433 34
277 396 26
2 442 79
256 495 41
339 384 72
87 465 83
7 166 61
258 380 21
178 460 84
27 209 1
57 251 6
255 402 69
131 387 48
88 437 73
61 494 81
113 431 82
24 441 80
111 347 40
28 264 2
292 412 74
147 258 33
221 232 81
49 326 34
365 386 92
329 471 3
276 409 56
67 296 62
378 406 50
44 134 37
266 297 4
2 177 54
272 311 10
54 470 92
38 291 59
272 424 2
309 418 100
197 349 25
58 264 29
153 385 26
47 136 61
90 496 51
81 376 4
78 103 77
10 138 5
209 425 3
2 172 2
47 294 43
213 461 48
321 369 82
367 414 55
143 265 64
3 183 88
131 496 7
149 174 27
195 347 44
87 292 28
300 366 86
153 190 73
363 444 29
320 420 59
232 425 50
159 425 61
263 453 6
287 436 32
128 286 100
460 482 39
9 330 71
393 403 23
27 85 34
271 287 42
122 396 37
329 440 45
83 261 23
68 296 49
130 223 93
120 156 16
283 355 46
12 397 69
200 262 62
130 439 89
145 289 45
172 404 82
161 284 64
136 272 77
121 471 99
212 317 67
112 453 81
271 420 50
182 462 78
71 304 72
281 484 10
219 338 7
135 378 70
101 261 82
340 433 72
365 463 16
332 449 60
115 303 13
65 148 70
42 175 46
348 377 6
25 301 34
276 316 14
36 49 42
101 453 40
296 413 44
327 364 87
231 458 48
298 373 54
333 416 72
259 481 36
164 211 7
24 242 32
132 288 50
370 394 2
294 337 43
110 278 8
146 481 100
92 178 69
6 346 23
171 227 6
66 430 65
301 499 21
315 495 22
11 216 1
107 290 6
25 491 25
321 390 76
143 374 89
130 257 34
16 281 80
57 169 65
317 333 79
47 224 97
373 477 82
140 304 19
130 346 37
333 493 32
205 263 59
281 445 72
114 325 68
87 360 57
185 310 82
111 332 93
349 373 32
74 298 28
66 405 49
30 226 44
96 377 99
209 284 54
242 375 34
28 268 23
223 382 100
89 432 13
62 314 32
37 351 25
149 159 77
146 458 58
155 459 25
227 348 74
30 361 27
25 375 7
56 324 66
137 441 68
26 441 94
256 454 22
357 368 51
65 462 23
248 302 74
55 164 27
181 483 4
182 470 75
438 486 43
37 79 94
59 457 50
86 137 92
272 444 23
323 409 91
289 447 78
430 441 57
165 284 40
330 337 25
353 471 1
152 343 64
107 481 42
122 313 57
167 485 75
264 292 93
226 364 75
181 285 65
129 228 12
14 54 21
52 258 4
100 215 76
8 147 99
43 405 33
312 382 34
190 366 64
51 350 10
12 396 47
44 200 4
79 414 8
300 463 65
9 374 84
151 283 28
50 350 56
49 201 92
9 275 93
91 171 85
94 158 6
462 464 33
80 456 86
95 399 35
224 317 66
53 450 78
85 317 61
309 481 88
252 273 29
134 401 82
191 498 13
121 389 67
29 242 69
1 175 12
59 497 67
21 332 13
20 345 100
195 369 26
402 414 89
80 197 79
40 474 3
269 394 63
125 437 50
151 304 69
34 432 76
265 479 26
307 380 20
96 303 91
53 240 73
296 475 14
187 490 81
126 338 75
82 452 74
117 403 34
455 474 41
46 451 20
70 404 82
61 193 91
115 180 76
74 287 66
38 460 14
10 57 1
104 442 48
92 273 72
42 323 95
174 242 15
347 468 52
23 132 29
77 256 27
319 473 75
24 140 3
393 446 41
250 334 25
46 332 22
57 206 79
327 358 13
404 495 34
123 356 78
263 404 64
61 400 78
1 185 88
65 365 19
34 112 46
144 323 50
21 405 90
42 408 44
9 332 46
37 439 69
174 334 34
250 344 68
302 491 88
94 390 22
349 491 90
53 221 64
213 218 47
72 454 13
3 493 80
160 234 35
208 220 39
91 431 23
109 238 89
109 407 72
224 275 36
12 131 76
49 175 67
391 430 96
349 438 58
380 420 91
425 490 96
235 283 27
22 180 80
149 354 5
46 382 83
134 225 43
189 488 44
70 460 53
316 412 26
176 284 28
340 383 54
169 436 79
39 440 21
73 239 67
282 411 68
68 313 45
258 374 17
107 301 60
25 260 94
312 395 85
137 205 49
199 387 3
127 479 65
64 414 51
211 298 10
151 152 25
171 461 54
262 498 9
17 159 20
214 399 53
114 379 32
161 446 52
103 499 42
90 301 88
61 318 71
105 481 56
316 477 8
58 395 18
88 379 94
86 134 24
72 95 64
133 448 93
38 257 50
55 391 71
38 270 73
280 449 16
425 430 46
417 463 31
39 364 59
18 20 92
118 441 99
346 374 11
189 312 34
239 357 50
73 390 50
194 386 27
173 493 10
18 47 45
318 390 54
428 464 1
203 235 25
320 391 64
240 326 50
6 41 32
260 447 2
302 426 54
383 463 50
55 289 41
113 190 44
128 325 56
22 458 67
240 280 71
270 367 66
94 137 51
331 444 28
279 351 95
199 362 39
176 498 54
142 322 62
147 446 38
51 330 29
130 217 59
37 483 89
298 309 11
36 60 84
215 380 90
131 492 58
182 469 85
281 411 4
357 491 7
221 317 53
291 487 19
189 451 14
133 196 8
88 258 58
329 490 29
369 444 72
85 332 62
117 499 44
51 378 60
346 375 68
126 363 74
90 480 32
24 412 93
256 284 25
38 303 40
46 378 60
304 461 24
58 102 13
58 120 39
167 202 90
15 77 83
3 107 24
255 381 49
328 467 38
414 465 38
1 447 49
92 93 77
210 414 90
35 241 33
147 413 58
203 368 41
273 279 82
205 258 54
432 485 25
3 182 26
410 460 39
51 72 25
39 206 9
189 287 72
24 356 68
30 238 51
71 353 2
51 361 1
323 434 48
261 336 96
297 341 72
190 300 27
282 464 1
118 414 81
129 136 38
18 321 94
140 264 8
249 452 68
292 451 17
296 449 6
283 431 97
181 331 2
100 311 70
267 454 8
130 368 14
127 409 23
282 478 30
4 192 81
163 479 5
433 460 1
57 290 30
122 322 43
413 453 52
169 335 15
0 60 32
177 471 49
170 386 27
143 421 99
191 481 96
323 391 91
242 307 90
21 78 6
49 212 88
209 448 42
56 262 71
411 434 52
220 372 22
259 463 15
63 209 72
79 436 77
371 496 46
210 484 92
30 366 58
202 440 4
285 444 87
164 302 70
29 142 100
373 485 98
73 169 46
122 447 44
30 323 43
33 307 54
91 321 85
233 389 39
61 467 4
3 472 33
101 258 22
67 261 37
171 338 94
150 490 17
259 287 69
69 251 64
35 380 3
61 220 54
103 488 84
155 190 62
135 380 58
32 194 87
57 180 79
249 336 61
19 455 27
303 365 55
186 464 18
17 487 38
215 306 80
192 346 24
196 246 83
72 226 26
229 433 5
306 469 22
88 154 84
156 471 21
48 191 68
366 397 91
69 393 60
171 482 57
119 455 48
124 428 91
22 207 9
294 307 22
455 488 23
272 359 88
2 79 33
199 407 90
199 491 73
344 359 52
288 315 66
152 452 84
297 474 23
54 394 27
93 100 27
104 232 36
114 240 89
379 470 66
2 105 93
42 453 8
49 463 91
198 406 19
144 255 34
349 362 3
330 395 35
119 159 3
209 421 42
15 102 36
5 346 4
75 122 88
246 475 39
13 440 98
19 176 17
377 473 26
206 460 68
209 482 40
193 380 81
365 415 6
57 250 70
62 251 100
347 377 31
125 464 100
197 434 3
157 368 79
244 298 19
182 441 14
43 138 22
189 478 62
177 476 44
330 473 68
79 381 62
69 151 25
251 454 77
359 379 30
392 413 61
280 410 85
18 400 42
23 246 44
172 438 13
198 322 82
81 186 20
434 488 41
464 491 83
21 343 46
393 499 66
23 228 57
473 486 32
45 354 20
192 274 41
174 314 77
267 438 78
13 462 18
419 497 9
316 462 37
378 458 5
464 484 53
8 115 38
96 155 55
69 317 100
4 275 78
112 249 72
60 131 94
32 491 62
15 104 4
271 382 59
30 98 24
259 473 54
113 481 95
84 85 94
106 136 10
295 426 75
9 11 10
295 428 85
108 320 38
125 251 58
58 67 27
55 229 19
278 445 23
274 292 46
35 210 17
233 360 32
22 259 92
56 182 5
115 474 81
85 206 62
201 328 70
205 438 98
21 488 99
6 111 61
79 372 19
316 353 56
397 408 79
120 200 43
33 251 37
327 489 2
4 23 81
337 411 94
31 457 4
207 453 12
467 483 77
55 330 56
26 418 70
201 272 36
318 404 23
189 268 62
163 283 96
262 462 95
252 397 1
78 148 73
130 321 67
74 421 92
192 404 49
289 319 49
148 194 79
151 200 77
159 366 33
124 419 58
47 230 44
144 226 57
133 301 33
59 420 15
246 437 46
245 295 87
180 343 31
59 244 41
308 333 6
38 202 33
136 398 14
109 391 99
93 236 9
328 470 16
177 246 5
40 387 79
34 98 5
58 234 30
301 428 11
220 345 61
121 333 26
28 124 8
121 292 6
40 459 43
4 134 8
16 458 51
150 215 22
34 398 85
239 457 75
50 437 22
135 356 93
187 323 82
94 273 49
92 367 50
71 174 75
52 115 41
108 276 98
83 138 79
2 294 24
86 428 52
43 190 58
326 445 56
20 188 98
50 372 88
22 57 63
301 383 68
185 239 52
200 436 100
249 459 52
159 367 54
252 320 25
105 495 5
446 488 77
183 319 70
356 360 93
457 477 80
93 459 48
192 368 44
217 314 16
7 466 69
173 451 45
26 390 39
16 450 70
327 483 91
253 478 64
301 496 46
2 68 59
54 377 17
222 285 59
84 98 98
300 486 8
327 404 4
27 440 64
318 444 92
27 94 74
40 48 16
123 477 19
74 334 98
303 470 11
14 24 87
33 92 19
183 407 56
250 455 2
86 407 16
147 270 77
189 282 89
14 34 57
263 497 41
226 261 76
287 327 7
183 320 16
2 479 94
342 473 41
293 416 44
236 428 54
237 316 63
74 174 29
109 249 40
210 225 71
124 168 4
118 485 82
196 213 78
176 456 90
13 424 81
23 426 57
370 431 47
268 484 13
102 147 81
79 253 93
344 383 24
284 467 65
414 448 25
235 362 33
103 173 52
32 60 70
10 142 22
106 368 88
66 357 43
363 429 12
17 147 80
160 240 49
262 457 2
37 469 23
149 406 84
185 471 22
276 300 46
408 477 10
46 220 48
274 372 53
244 339 37
45 494 58
34 160 36
193 482 36
66 288 28
85 404 48
9 109 95
11 276 45
14 29 68
26 260 58
19 85 80
277 397 57
18 182 29
158 422 40
346 493 5
337 475 29
114 226 42
360 436 74
268 486 87
97 321 20
175 256 76
371 444 30
437 457 5
76 413 92
153 321 24
260 460 27
295 493 13
246 480 47
314 316 24
135 448 18
116 400 35
57 363 34
18 473 48
141 154 48
74 485 98
312 397 95
174 491 100
266 308 36
35 458 84
36 88 38
130 342 2
169 463 96
44 426 99
23 419 35
314 400 80
35 439 31
30 311 38
355 459 56
139 366 84
54 150 5
334 498 75
239 322 90
10 302 89
279 403 36
300 350 20
97 279 88
25 280 4
83 473 74
299 394 57
396 470 85
212 276 84
67 416 15
407 455 26
39 208 16
93 162 27
97 437 45
62 336 67
185 414 7
393 482 89
239 496 37
103 267 63
43 328 24
155 297 89
90 314 51
176 354 68
230 481 9
154 167 39
376 444 71
180 365 48
315 372 76
62 330 92
89 185 63
118 447 84
246 485 75
52 186 15
225 387 50
20 398 79
200 348 55
151 244 74
84 279 68
142 284 64
172 304 87
140 435 55
169 314 63
11 77 36
128 160 93
342 374 61
105 201 4
406 481 1
250 370 80
111 440 63
223 365 39
342 442 3
207 305 99
109 351 83
193 268 73
172 253 27
219 396 52
162 305 2
94 208 87
99 211 37
35 121 40
228 330 28
415 471 67
174 306 88
171 273 70
6 465 24
174 203 78
202 247 67
112 178 47
83 361 47
222 446 24
164 298 50
36 444 4
245 468 12
206 368 54
314 418 55
429 432 84
110 224 53
155 192 45
187 424 95
200 283 45
71 449 66
66 90 24
16 195 53
247 337 96
36 297 86
105 164 65
164 226 79
344 459 19
396 464 18
80 341 92
52 282 92
300 369 72
25 128 77
471 474 80
254 311 19
77 423 82
166 313 21
230 422 30
117 447 64
63 414 89
175 202 78
205 261 92
165 170 73
116 467 12
105 316 10
36 218 85
116 180 75
298 326 84
15 421 87
11 88 76
79 342 47
130 133 38
31 268 44
156 236 34
15 317 45
47 295 69
336 483 5
161 251 12
15 486 23
105 291 92
311 472 33
110 125 33
324 474 72
182 309 91
121 342 61
88 290 86
92 136 69
5 439 31
134 477 53
119 391 43
130 228 10
195 466 12
117 336 55
101 214 69
212 410 71
76 169 89
110 324 44
223 280 89
126 318 31
7 59 92
36 263 33
150 214 67
300 420 70
482 493 58
231 275 30
151 292 91
83 158 75
251 373 3
104 464 64
47 463 52
129 259 55
188 314 69
365 381 1
239 244 45
217 310 11
126 156 77
0 333 79
32 458 59
117 145 66
367 374 48
138 304 37
40 463 44
139 394 61
72 483 11
213 427 43
174 414 43
468 476 82
258 422 8
88 286 100
267 292 21
68 478 86
238 449 74
165 313 30
367 450 55
14 421 51
239 429 65
7 290 48
155 366 52
130 335 42
314 423 75
35 405 75
7 216 46
233 390 47
192 413 46
222 246 54
64 124 80
44 69 13
44 45 92
161 432 50
1 282 1
70 278 68
12 418 67
252 457 24
193 321 86
76 124 75
372 386 20
100 110 35
275 373 6
103 338 42
133 413 8
99 129 51
286 345 64
121 465 44
267 300 28
58 399 60
204 462 22
438 449 8
46 169 76
44 339 60
266 348 30
208 386 1
75 217 8
43 364 88
146 427 16
318 429 35
297 417 18
136 478 72
182 473 96
99 333 30
294 477 25
137 232 1
319 342 6
37 148 19
164 490 10
326 457 2
132 232 29
321 325 37
196 346 73
380 395 13
134 214 43
77 247 5
300 383 70
85 87 38
283 432 34
199 428 36
163 373 61
54 390 26
106 264 96
85 359 85
200 372 35
194 267 61
72 486 65
77 93 32
107 416 85
120 348 93
122 175 5
192 363 28
197 296 32
99 283 60
54 372 57
122 357 63
33 62 69
51 381 5
330 478 50
103 493 50
73 315 45
84 183 34
110 475 29
332 355 57
393 443 72
188 425 33
217 493 22
223 429 50
337 414 80
215 250 37
41 94 40
61 111 64
243 250 50
159 180 77
284 404 86
51 206 76
73 107 98
0 43 39
161 185 36
72 359 10
7 213 9
87 445 74
1 415 53
69 237 46
384 497 12
15 143 60
333 463 11
225 259 49
304 406 27
35 273 84
247 300 69
6 187 56
332 451 44
432 445 33
280 464 92
7 329 63
82 466 32
28 157 31
27 471 68
196 441 46
80 442 51
84 264 89
318 455 60
143 496 16
360 429 96
299 302 12
91 105 6
194 252 81
404 468 2
45 194 88
32 442 36
178 302 61
323 383 46
28 313 54
29 32 63
452 480 59
15 413 35
299 476 62
256 475 92
139 268 65
423 484 26
303 495 16
146 191 66
444 457 55
410 432 2
244 262 42
53 329 57
340 347 51
93 322 69
444 471 63
211 263 9
240 249 87
56 325 14
190 306 75
229 472 32
388 398 52
26 50 64
8 262 65
110 253 36
49 332 58
54 349 76
202 405 23
46 452 22
28 147 93
79 185 79
325 464 21
44 210 15
76 414 36
149 450 60
5 390 53
107 214 98
79 367 15
81 261 10
227 411 67
31 362 8
68 80 64
116 475 87
198 358 4
203 470 73
90 114 95
58 180 89
20 58 39
445 450 16
40 461 82
118 225 22
177 281 66
277 459 94
116 164 22
44 318 20
131 247 46
68 386 10
147 184 52
0 293 43
462 467 36
41 462 26
158 458 85
186 370 18
207 291 46
242 497 43
342 407 82
5 324 10
3 94 68
193 275 84
198 342 87
137 440 93
381 455 11
205 322 83
290 429 82
199 454 52
12 76 45
194 465 85
123 320 77
345 457 40
21 108 17
49 350 68
47 396 65
20 293 61
376 463 51
447 454 97
358 384 85
42 352 59
3 379 65
40 99 71
233 419 3
285 440 62
91 452 56
198 465 68
104 208 20
126 483 75
102 384 98
129 420 70
147 256 100
263 416 61
97 205 85
230 239 60
99 360 88
332 394 35
150 418 1
68 70 7
35 226 68
26 292 31
225 293 54
240 306 70
3 228 39
142 169 53
250 282 93
36 157 43
362 440 50
295 339 78
37 312 69
66 101 96
317 425 48
70 487 79
79 258 36
270 334 76
190 245 46
393 453 93
141 160 59
36 59 95
159 272 27
23 36 79
82 314 86
105 110 18
112 167 4
229 338 59
57 97 93
185 283 60
256 489 7
186 488 73
85 111 83
321 339 96
18 266 8
173 319 72
135 442 20
72 409 53
252 360 40
28 252 23
114 290 2
87 453 81
310 399 87
190 420 4
312 384 63
136 278 14
125 286 91
215 321 25
299 353 53
183 324 29
331 355 53
108 164 76
98 379 64
3 476 33
29 199 14
162 306 78
72 492 31
33 399 67
195 335 86
74 323 24
85 497 32
117 346 25
129 268 12
440 473 20
64 219 80
161 283 15
151 261 93
186 421 33
189 380 97
343 399 78
117 388 49
22 352 50
163 478 76
58 435 3
53 145 72
120 186 61
45 205 21
163 203 49
238 387 96
115 279 62
9 230 61
339 445 76
212 275 36
134 393 94
115 299 58
373 459 76
205 401 60
56 272 24
239 308 71
136 291 97
76 331 6
35 107 93
184 290 17
441 455 53
194 244 62
348 470 3
115 341 42
321 366 52
35 336 67
303 352 10
209 318 51
77 442 29
25 244 28
42 332 24
349 460 48
329 497 48
202 480 21
166 271 75
109 338 76
183 388 45
8 299 30
299 441 53
86 365 71
22 61 62
41 443 76
267 285 33
387 392 67
127 240 100
139 164 4
346 426 71
336 460 11
26 319 47
278 428 29
79 194 72
1 318 27
350 393 66
327 435 74
129 492 86
206 411 47
91 475 4
147 378 48
89 133 99
159 161 78
154 351 69
7 205 55
137 403 28
78 360 100
127 357 79
270 275 99
9 91 3
213 489 11
121 159 66
289 439 50
189 251 58
155 179 34
5 11 26
47 381 32
197 479 89
418 462 37
299 458 43
89 92 18
192 348 60
99 379 88
13 243 23
93 123 85
27 445 6
130 459 69
165 431 64
248 403 90
14 315 88
324 411 93
147 426 38
78 329 12
328 388 100
53 147 45
24 99 51
117 325 21
118 312 93
14 429 38
239 274 20
251 283 84
303 312 19
54 73 29
243 382 47
358 436 16
169 229 97
142 470 28
215 397 15
145 421 64
403 495 83
78 90 6
73 462 26
98 335 87
57 384 31
97 166 9
406 487 35
11 194 64
89 333 90
254 320 4
50 415 59
308 454 29
61 175 28
96 306 85
250 409 83
56 259 4
64 385 80
427 462 38
33 346 67
279 296 66
364 431 11
103 236 81
116 126 67
335 407 49
179 367 11
10 188 62
22 55 22
116 372 43
298 380 13
103 420 49
337 462 59
140 399 60
208 474 87
70 249 64
133 134 94
214 336 59
24 236 93
18 434 51
375 493 6
305 307 61
84 304 26
141 438 35
85 427 9
188 491 43
17 443 10
232 282 25
308 453 5
112 292 68
232 475 43
74 453 26
80 297 52
248 375 24
129 354 99
137 394 64
93 105 23
106 181 15
197 233 83
121 442 85
143 170 6
238 416 15
65 208 49
5 123 98
5 230 10
298 364 46
146 300 42
183 477 57
92 180 86
104 385 57
134 200 40
102 430 97
269 448 39
81 360 32
96 446 75
39 148 46
64 444 45
45 438 2
131 133 10
117 486 72
214 429 72
255 422 3
67 427 89
229 266 19
187 324 29
281 466 47
130 135 94
48 406 8
132 158 13
166 209 3
174 257 100
27 292 24
47 131 55
100 303 52
321 324 83
304 417 82
192 278 91
264 468 6
93 409 29
152 412 70
74 248 43
295 391 31
28 353 28
55 402 49
147 410 78
304 448 79
21 487 2
225 230 71
46 399 68
163 298 72
316 425 15
122 377 45
207 281 39
3 446 85
48 461 48
128 170 11
26 287 18
297 406 19
381 491 82
56 378 30
70 482 55
216 406 52
85 431 44
252 288 84
54 307 8
34 241 33
63 177 5
225 343 49
453 496 17
341 371 85
349 468 93
349 448 64
187 399 25
138 320 15
85 221 49
222 449 20
21 336 11
214 490 14
1 242 49
67 126 20
113 462 14
150 223 94
152 266 40
48 262 45
237 238 57
169 412 1
277 360 53
249 266 64
188 497 36
86 413 32
94 258 83
22 382 65
93 108 54
169 421 1
389 413 23
21 36 19
142 337 73
163 277 52
31 188 56
39 460 54
44 195 43
67 75 48
33 392 67
9 308 6
361 404 49
192 327 46
222 410 99
62 325 36
87 459 75
397 442 67
201 285 83
272 481 77
0 103 60
428 456 82
212 449 2
101 195 89
256 270 43
43 437 75
136 296 7
99 145 42
67 496 61
264 472 58
45 127 22
24 254 76
122 345 99
110 205 79
115 375 39
152 320 100
78 214 39
78 474 25
63 164 71
306 324 95
83 427 36
95 230 37
108 341 49
5 105 85
112 481 89
162 404 20
363 456 7
135 162 32
117 183 99
31 133 70
63 162 91
53 326 87
108 363 17
63 446 9
209 316 10
217 262 99
383 427 53
66 351 96
310 493 34
59 320 63
158 176 1
16 95 100
376 442 34
25 123 28
284 327 44
92 143 27
148 289 65
70 386 84
293 370 95
297 446 30
339 420 81
33 322 41
67 199 93
91 121 84
13 334 26
316 487 94
107 348 12
268 462 31
60 64 9
84 407 20
122 193 49
204 349 61
129 483 79
364 377 81
117 367 57
267 376 1
74 380 72
388 410 98
175 187 42
97 266 47
421 448 75
216 361 3
336 400 90
238 373 100
10 76 98
7 16 32
273 325 81
58 352 24
190 341 67
44 404 73
48 214 88
337 404 91
260 294 15
262 468 66
283 420 49
141 277 54
85 254 55
57 440 70
75 147 55
268 374 67
315 436 7
403 496 2
99 437 95
175 334 48
165 324 47
141 380 64
55 170 59
177 465 30
39 209 90
392 457 77
237 421 93
208 494 95
80 346 24
179 359 11
341 481 40
105 192 87
92 127 40
39 371 41
196 361 26
156 216 72
10 449 27
267 465 93
158 281 87
239 363 86
208 406 20
84 365 85
66 404 37
23 382 96
5 492 45
283 428 96
248 429 29
142 417 6
32 286 97
145 170 18
320 412 3
3 199 73
30 395 22
310 355 9
156 191 30
10 117 19
188 449 41
364 492 21
3 412 49
148 440 31
111 199 25
393 478 3
200 280 71
100 302 16
248 381 78
395 419 95
60 307 50
102 135 83
242 249 71
231 323 98
107 465 40
339 418 22
170 389 96
200 217 68
99 268 37
161 413 58
244 454 39
26 94 23
13 292 30
80 147 77
39 400 79
424 478 38
97 431 51
16 326 87
137 410 49
158 230 12
73 452 13
281 312 55
105 160 62
183 343 44
215 489 73
161 294 67
87 495 80
301 417 56
31 330 59
84 263 82
23 455 75
194 323 7
3 408 27
462 486 55
293 352 81
299 306 62
21 91 55
228 303 81
116 264 25
176 445 18
319 338 50
132 335 46
155 202 91
165 235 60
101 301 56
127 440 44
177 260 1
441 461 44
403 481 22
124 421 11
89 303 34
21 241 66
63 303 55
93 250 14
221 438 79
181 454 35
108 391 92
374 381 96
240 317 4
139 208 81
482 487 79
129 283 62
373 400 19
248 479 82
305 445 100
111 415 22
170 403 15
274 310 1
121 205 4
80 388 54
102 455 22
41 228 96
112 396 59
349 439 63
111 450 88
153 459 7
41 227 83
359 438 37
352 485 32
111 153 14
152 166 6
244 462 66
432 482 52
173 441 83
119 280 50
272 373 85
454 458 10
68 331 28
344 365 3
92 101 98
185 369 77
76 210 16
258 428 66
486 496 27
112 370 46
448 469 93
412 471 1
226 241 85
207 314 11
77 289 54
65 173 2
0 275 73
112 391 5
198 493 68
226 386 40
120 464 55
52 314 23
17 473 97
58 438 72
329 411 33
12 411 54
32 483 96
294 468 46
54 153 33
377 398 34
23 250 66
86 351 50
65 380 28
464 477 63
46 472 22
133 479 95
56 164 21
108 138 22
229 450 5
105 240 64
92 411 98
133 497 62
143 339 26
290 338 18
378 379 44
10 389 100
255 428 14
84 89 65
102 316 48
118 168 100
146 294 70
277 371 9
128 365 31
3 246 6
150 173 82
118 409 94
69 232 50
104 214 90
293 323 56
167 328 60
10 359 4
60 267 28
177 398 51
123 342 70
73 183 29
78 394 1
71 381 79
163 491 33
31 464 83
11 266 11
152 155 76
296 343 39
410 433 56
225 494 89
167 315 61
87 187 20
191 348 24
360 437 10
144 294 13
126 139 4
375 424 29
90 118 49
202 456 95
301 393 44
41 313 24
2 275 48
411 485 8
300 422 79
234 458 25
191 496 11
349 408 14
40 247 21
176 305 71
21 303 17
380 470 25
200 234 9
27 262 57
79 248 54
134 433 62
129 171 63
195 375 33
25 283 15
315 410 57
134 420 9
6 475 82
381 482 53
185 314 53
189 411 11
43 209 54
122 305 79
176 215 54
121 298 33
38 78 49
72 303 71
41 396 14
340 466 75
71 251 100
192 325 65
299 430 7
212 287 55
147 496 48
71 297 71
64 363 24
188 381 11
94 135 52
104 181 7
338 364 33
164 232 8
59 158 44
103 249 17
285 452 14
191 297 53
144 315 96
446 485 62
251 348 29
376 457 76
195 274 31
126 337 76
57 124 16
22 108 19
399 416 73
242 343 51
22 308 18
161 182 14
283 417 60
28 158 68
167 246 16
11 146 36
151 191 72
50 434 73
53 375 72
362 464 22
333 378 43
184 477 81
232 428 56
249 400 87
350 499 37
47 89 18
38 307 22
34 347 61
36 50 86
88 416 17
151 153 72
263 392 50
117 469 92
356 382 28
213 318 49
242 408 98
334 409 80
217 330 4
26 128 2
97 324 39
269 270 59
112 291 51
333 414 92
102 237 58
43 453 96
42 154 59
133 379 90
35 47 41
70 431 69
29 221 3
117 232 5
295 401 12
70 160 63
128 278 72
11 135 86
191 433 8
459 492 13
48 206 95
102 307 92
110 258 86
24 346 73
58 134 31
354 484 35
208 475 85
235 255 72
214 333 39
156 499 45
206 435 24
5 113 23
38 356 86
339 474 91
26 188 4
39 451 80
81 493 70
298 487 5
56 452 33
152 493 31
36 389 12
352 443 78
68 280 48
400 492 1
25 125 26
115 476 7
51 333 68
35 52 49
9 260 11
103 362 23
274 370 15
86 396 63
78 85 44
117 400 67
14 117 16
387 412 100
225 337 100
64 299 34
59 102 79
201 446 42
171 184 78
53 257 1
366 445 31
22 93 21
352 375 80
112 155 82
118 274 72
131 333 84
112 199 58
147 489 53
365 404 99
14 367 15
172 337 66
37 199 77
227 441 93
343 427 42
106 187 86
133 399 81
209 292 3
325 352 42
27 156 90
290 320 95
10 499 82
452 458 36
112 301 28
2 19 73
36 294 56
78 469 29
261 403 48
139 444 85
95 437 82
92 227 37
173 421 4
87 496 21
157 454 95
96 280 9
357 393 77
118 313 92
74 464 45
96 133 34
121 172 60
122 235 59
304 391 78
108 210 52
49 387 96
217 269 92
89 266 34
36 298 33
116 468 22
182 369 69
107 271 62
82 279 73
68 393 79
32 261 53
188 481 41
165 417 33
31 275 3
202 445 44
144 470 69
400 474 28
257 429 9
272 475 39
35 194 59
240 359 89
164 425 5
119 203 39
169 208 78
209 463 17
20 158 43
95 194 46
167 241 32
82 126 15
194 277 68
39 165 87
61 408 9
176 217 90
91 496 49
476 488 93
352 358 94
399 409 39
2 108 24
32 301 22
338 371 55
136 487 50
304 416 96
103 322 75
224 243 41
144 460 70
314 398 35
462 491 32
210 394 90
240 307 76
286 360 46
442 456 10
225 391 81
227 306 78
129 470 39
71 404 8
197 329 22
209 496 23
100 182 46
17 420 9
350 408 66
56 200 17
344 447 55
4 224 5
54 460 67
87 353 83
192 292 52
180 234 32
35 422 77
160 309 11
53 258 63
9 470 26
144 386 66
366 489 39
425 461 93
81 143 15
326 490 27
79 182 44
35 208 43
3 293 72
2 140 46
143 452 15
39 211 4
220 387 79
173 195 66
144 305 51
427 447 39
261 480 98
103 295 12
300 433 47
227 350 68
123 140 60
269 322 83
4 190 85
170 266 95
294 349 43
22 243 25
194 485 63
27 375 84
157 192 5
10 211 49
178 455 86
