500 5100
0 1 10
1 22 24
22 61 80
61 63 95
63 69 90
69 87 54
87 100 66
100 119 48
119 122 21
122 124 59
124 125 45
125 138 2
138 140 80
140 141 79
141 156 71
156 163 34
163 174 68
174 181 33
181 191 60
191 195 1
195 205 72
205 226 97
226 227 11
227 233 15
233 239 86
239 240 99
240 246 46
246 252 90
252 256 54
256 259 95
259 266 88
266 285 90
285 295 46
295 296 33
296 307 47
307 320 14
320 322 43
322 327 81
327 328 93
328 340 87
340 349 60
349 352 71
352 364 55
364 371 77
371 372 64
372 380 10
380 399 61
399 417 62
417 439 69
439 457 75
457 467 42
467 473 36
473 475 48
475 481 78
481 486 19
486 499 48
300 492 25
305 478 42
149 470 95
119 180 47
60 360 52
115 322 38
95 466 34
86 349 39
135 328 25
99 102 46
152 428 69
338 491 46
417 488 4
380 390 98
168 375 57
80 154 78
298 447 52
108 303 15
264 275 27
106 373 78
164 412 52
33 232 78
263 333 10
288 321 38
83 218 68
242 380 83
234 382 82
314 446 8
94 399 80
84 253 79
324 438 39
168 233 13
232 347 43
332 379 91
176 242 99
113 464 40
97 173 84
30 380 56
172 377 58
28 366 89
257 266 33
341 443 66
293 404 99
24 233 85
128 296 89
20 390 82
345 495 6
68 472 96
60 210 31
170 245 99
144 406 28
3 479 9
107 188 45
66 476 11
120 208 80
67 138 26
79 237 18
134 320 4
130 280 34
135 456 42
136 443 59
230 373 17
148 389 51
132 429 99
243 344 94
235 348 35
171 421 77
320 419 81
40 362 75
102 140 24
159 215 99
384 484 38
111 125 60
179 209 4
275 346 20
68 455 75
87 253 51
345 386 51
23 67 40
102 135 81
135 469 3
212 484 59
198 343 42
54 115 96
121 278 76
198 421 43
94 159 60
135 370 94
325 409 2
83 159 23
106 405 62
176 274 43
243 335 94
48 52 52
51 111 86
108 204 19
262 267 86
331 432 48
9 282 44
250 438 58
178 398 73
157 287 65
290 496 5
296 348 29
73 380 15
181 392 49
164 442 78
479 483 32
108 356 22
272 470 59
62 357 10
361 473 50
250 429 100
1 171 76
121 226 43
245 339 11
222 316 62
352 373 64
142 164 17
113 478 14
175 359 77
253 418 35
447 466 5
105 366 49
0 291 10
35 215 57
56 214 14
50 494 89
249 422 98
49 347 57
4 52 1
12 51 46
107 489 71
127 414 54
282 410 73
17 142 43
14 82 61
322 443 4
205 368 42
221 303 59
313 394 74
249 451 52
124 285 49
364 489 49
5 217 31
98 324 93
213 263 54
149 492 40
50 109 18
87 367 9
49 496 83
463 493 24
64 235 89
225 416 26
426 439 7
258 360 25
21 224 26
131 189 30
379 382 98
296 459 21
214 314 44
118 213 18
201 253 48
179 487 73
169 254 18
387 419 46
103 189 3
301 312 30
126 473 41
133 489 53
152 355 36
106 184 6
104 308 82
53 376 78
83 219 42
165 468 62
130 450 16
230 457 43
188 419 75
7 308 99
107 484 24
59 116 9
464 473 39
319 355 43
91 333 57
352 439 40
119 489 7
348 456 48
130 166 3
249 257 36
78 162 46
203 463 5
79 449 31
10 353 72
244 475 81
66 107 95
3 41 95
141 316 98
54 224 96
7 390 82
87 136 44
224 239 8
43 278 68
381 475 76
210 229 7
454 490 59
198 453 95
213 428 81
59 436 63
389 442 6
391 498 69
252 410 37
415 471 24
119 424 100
425 492 46
53 406 18
222 477 67
267 347 4
49 352 10
202 319 63
134 298 85
59 324 92
102 157 22
190 292 48
266 292 30
222 458 18
79 382 41
199 278 47
265 489 36
18 102 21
78 210 82
64 197 53
126 260 76
11 308 39
333 496 99
5 416 76
339 378 37
46 474 69
60 68 7
20 280 30
179 323 33
411 487 1
128 357 34
40 333 74
211 345 69
66 84 83
74 157 24
1 434 15
300 442 4
7 26 82
214 350 16
156 169 56
260 311 24
83 101 29
264 492 32
119 126 73
26 122 18
175 479 99
306 447 2
2 313 44
56 440 63
211 352 52
26 428 17
300 317 61
120 180 2
135 375 6
173 441 59
113 384 19
57 228 97
291 476 83
100 477 22
111 303 46
61 146 54
65 89 90
153 456 59
417 450 40
243 378 30
301 435 14
24 218 44
69 113 37
189 297 8
26 415 8
66 126 69
58 60 56
94 410 72
348 467 10
14 480 91
289 371 66
129 327 43
40 392 41
200 223 45
170 435 100
393 437 84
2 160 92
113 437 68
326 488 92
78 354 75
265 414 63
230 253 92
53 207 22
5 341 5
81 404 68
447 499 73
204 266 47
110 226 46
18 258 64
11 220 30
337 367 7
369 439 77
377 413 78
13 254 88
15 230 90
163 485 30
60 170 30
28 406 62
209 482 84
94 447 6
95 331 3
118 409 50
353 358 64
198 387 1
265 320 22
214 290 91
36 338 99
222 293 33
142 166 64
90 94 22
101 236 68
417 468 98
61 339 86
401 461 47
191 394 74
197 266 70
19 39 2
110 187 99
40 209 27
22 246 30
156 244 88
418 493 27
72 418 15
128 295 6
43 459 66
90 153 48
367 408 47
96 404 85
289 360 46
155 228 75
227 432 7
113 138 69
156 376 33
393 457 10
83 478 12
61 118 99
313 344 30
229 270 9
124 138 42
21 140 85
93 242 28
115 244 59
228 384 85
185 372 27
216 370 52
179 335 88
49 304 67
305 327 44
109 215 8
178 464 86
22 295 63
48 406 59
308 373 52
241 438 81
87 204 37
22 50 56
64 161 48
29 205 3
144 470 68
159 231 50
125 188 54
156 362 47
141 456 21
17 61 98
201 319 80
472 485 99
56 275 47
385 443 7
266 293 100
83 226 8
114 391 51
122 275 45
211 240 65
229 251 21
42 469 82
319 429 86
149 251 95
347 409 61
125 296 73
92 160 65
92 202 14
246 477 22
182 429 29
101 141 22
30 213 77
54 468 25
384 466 17
255 461 54
20 205 73
381 462 34
35 132 29
428 453 56
304 396 100
35 59 31
420 496 55
98 121 50
33 419 81
137 418 6
62 76 29
420 464 59
471 492 10
233 309 71
203 213 92
326 395 49
300 483 31
42 93 14
14 400 64
335 375 50
78 310 88
73 109 39
159 469 85
256 496 83
344 475 33
370 390 28
169 213 55
10 62 89
66 109 21
476 483 48
75 472 77
129 458 84
63 187 43
274 332 63
87 107 47
157 167 36
240 358 13
11 68 94
24 161 84
30 253 9
102 294 51
153 446 62
98 259 94
12 113 67
350 469 48
206 447 3
68 355 44
28 357 64
23 420 53
199 217 65
408 477 15
102 418 79
121 222 62
106 339 39
86 114 25
267 317 9
260 468 22
36 495 80
81 416 21
426 486 82
12 136 35
28 320 77
153 169 34
70 373 33
0 411 39
375 495 62
415 495 83
309 326 50
58 126 46
215 257 1
398 461 22
224 353 28
63 483 69
209 421 6
33 279 50
99 118 50
124 455 87
266 390 88
69 148 45
5 372 36
166 363 25
30 385 66
51 252 62
117 361 1
135 329 58
299 431 10
372 470 39
384 421 16
218 460 99
142 425 59
105 263 99
197 320 60
338 420 40
221 396 65
31 464 41
197 405 98
312 371 35
183 324 30
24 104 9
24 89 23
9 188 6
313 432 67
76 246 97
212 485 53
85 356 4
190 367 75
282 483 13
366 395 6
16 117 22
332 395 27
186 189 24
20 68 3
32 232 79
191 466 78
51 465 48
141 202 4
204 288 20
93 358 39
404 456 38
330 382 61
342 461 50
97 189 18
221 358 49
45 272 43
61 321 75
242 377 33
226 355 57
147 499 81
419 474 19
346 368 17
57 222 82
147 273 47
268 445 57
498 499 74
155 355 83
175 471 100
294 461 51
38 173 12
132 419 25
130 327 55
305 317 60
90 473 16
6 29 26
249 438 63
278 398 56
58 278 1
142 442 5
1 361 86
257 426 40
66 202 34
41 261 5
137 451 68
17 340 54
307 390 87
263 446 68
131 412 25
21 303 35
203 227 23
183 313 97
245 353 84
73 398 79
336 430 96
163 271 44
279 283 79
105 442 29
318 373 60
48 134 82
137 331 54
132 341 79
108 177 33
388 404 23
180 420 57
194 350 24
40 492 58
82 151 23
191 467 27
149 491 62
60 488 45
189 284 51
366 413 59
277 368 47
208 400 23
176 354 27
356 460 49
126 227 29
71 289 48
67 358 75
274 276 26
127 258 32
10 300 54
195 207 44
175 180 38
110 497 34
148 348 86
192 368 46
142 246 67
134 384 33
43 417 83
139 499 3
7 36 61
24 232 28
188 237 47
278 491 93
80 372 93
330 470 69
222 393 5
257 385 24
35 396 97
327 382 64
382 396 32
260 476 97
55 205 89
26 260 28
145 399 96
34 166 50
334 398 70
365 435 94
185 305 21
139 432 21
105 462 79
80 284 80
327 398 9
422 478 84
321 359 83
331 466 100
142 270 47
116 299 21
33 178 38
71 78 17
45 314 63
47 211 22
61 142 93
382 460 75
197 294 46
133 461 7
343 385 81
322 492 33
239 386 79
71 374 42
0 311 21
184 472 90
403 456 91
189 217 32
120 288 50
98 124 68
239 416 39
285 488 46
219 285 49
113 325 8
221 413 79
37 473 63
165 343 29
207 296 7
17 367 14
442 480 31
466 483 7
51 245 41
249 400 18
129 324 67
463 494 4
398 456 91
28 315 18
35 467 76
85 233 63
33 194 36
97 369 50
128 148 53
293 308 8
271 430 71
220 454 32
116 358 96
55 100 22
278 355 7
97 474 91
41 180 58
227 316 93
160 387 24
296 345 41
112 208 18
124 251 29
33 399 96
128 496 39
133 254 62
136 271 28
248 333 11
124 413 17
370 397 74
315 499 81
198 434 44
20 256 78
123 201 93
271 325 85
374 459 96
8 66 48
154 440 2
198 235 53
92 415 44
225 352 50
208 408 63
3 101 37
20 414 71
29 46 45
40 483 18
258 459 91
276 413 39
367 392 8
37 389 29
342 377 23
1 391 82
160 420 42
266 279 3
66 440 1
157 498 4
71 246 56
103 415 5
347 487 95
99 290 83
1 317 79
24 349 93
118 336 100
84 449 28
31 288 88
4 203 43
75 232 86
187 253 43
120 439 4
120 265 54
84 93 66
117 221 44
243 431 36
59 192 91
71 375 4
72 451 25
338 489 39
24 396 53
138 307 61
13 92 17
312 315 7
52 314 54
64 310 87
36 131 45
125 137 28
87 387 3
0 303 29
428 431 8
42 195 26
235 469 12
216 472 81
69 80 93
58 303 49
254 387 39
153 433 76
155 412 62
89 388 8
413 443 5
191 277 86
346 485 100
59 210 42
398 429 66
157 392 38
387 388 47
347 387 45
189 257 45
95 396 88
145 365 45
203 251 34
21 489 26
46 61 47
192 292 88
109 259 76
192 482 68
92 489 10
135 439 24
60 180 80
369 370 18
160 379 83
2 204 52
252 336 96
218 398 6
308 479 81
277 303 96
363 424 43
119 197 26
223 453 79
422 472 2
259 286 83
147 194 38
30 393 9
357 388 15
19 122 67
11 456 99
101 104 90
37 221 48
89 181 53
179 484 78
40 305 18
202 498 62
43 474 66
146 233 44
341 459 94
233 296 43
439 455 88
266 482 41
278 466 8
82 383 98
194 333 35
195 384 74
27 327 72
226 449 93
219 430 88
101 414 78
364 479 4
218 280 47
24 61 44
174 297 6
414 455 100
10 370 48
263 358 9
126 223 74
422 495 16
8 271 37
70 131 26
474 494 76
209 353 79
337 393 67
252 322 44
83 400 25
32 488 22
271 378 9
279 476 63
0 451 58
154 267 54
156 417 98
340 431 43
103 190 76
252 406 34
149 234 41
297 379 10
246 315 55
330 336 33
32 272 5
133 393 15
269 373 31
291 360 76
24 167 73
185 480 23
34 256 95
188 215 66
339 421 65
81 429 13
63 332 63
289 407 19
109 143 63
147 492 64
74 261 5
97 402 59
332 361 73
296 437 82
363 495 96
271 326 79
222 368 49
201 250 76
245 438 9
56 429 50
76 181 76
20 176 5
42 295 14
76 393 23
99 495 50
115 320 34
158 254 4
256 380 49
291 423 40
188 452 81
85 452 79
337 487 76
213 418 4
42 233 40
256 263 76
248 495 35
61 262 19
291 351 15
34 477 32
40 412 1
424 492 29
45 106 19
125 135 79
127 163 83
220 268 80
331 447 75
29 294 97
4 351 43
105 185 88
32 499 53
168 496 98
261 278 77
44 253 59
52 416 15
407 432 25
109 416 46
399 498 50
301 454 47
42 139 67
215 220 63
119 379 14
205 358 66
17 459 47
433 467 4
139 428 57
260 376 41
160 226 43
123 370 74
231 454 98
424 453 23
263 479 81
17 343 83
218 428 66
245 382 83
180 234 51
363 400 96
41 235 26
66 148 1
208 328 9
153 203 18
422 436 47
267 355 4
288 297 51
17 226 4
373 423 13
88 279 56
10 289 66
406 464 40
256 331 18
157 312 31
18 473 78
185 225 58
109 204 1
188 350 33
150 364 29
136 334 71
226 427 52
264 436 84
366 499 13
224 276 29
102 266 18
37 182 4
59 95 56
112 255 18
283 310 59
389 403 11
440 485 2
216 260 19
86 464 52
96 148 96
31 385 56
258 328 17
282 463 43
200 338 25
232 399 5
374 443 41
83 371 24
99 488 8
80 405 11
213 248 97
149 211 22
244 250 44
239 286 78
77 225 76
331 491 34
270 459 60
75 444 6
118 178 43
194 231 54
75 363 3
15 83 54
258 491 22
266 478 26
424 454 14
167 225 44
160 400 44
58 99 73
56 340 68
206 417 68
419 472 68
81 259 84
115 179 81
114 477 1
33 476 59
17 455 11
318 409 64
202 363 94
11 31 32
101 314 95
74 221 34
167 243 12
91 323 78
169 225 51
140 181 21
86 310 23
376 475 80
425 436 28
254 495 11
21 461 10
27 466 21
90 157 27
399 424 99
140 212 11
238 423 64
376 437 32
352 428 80
168 172 59
144 203 48
32 481 47
7 398 92
137 223 77
153 274 82
313 480 75
118 431 66
396 483 40
335 452 2
204 210 74
8 343 96
163 301 48
56 233 29
272 383 44
105 115 27
55 371 55
77 344 41
143 478 68
114 259 81
112 195 89
363 373 81
54 460 12
24 188 41
75 451 46
205 378 17
104 497 19
139 173 19
123 318 6
105 209 33
142 177 5
15 295 75
160 357 5
241 474 45
25 294 98
363 367 41
320 420 100
104 173 4
94 173 74
36 160 67
340 367 8
234 409 85
343 382 84
30 219 84
123 468 15
99 127 33
271 441 31
114 489 69
50 378 62
27 137 54
126 269 27
249 296 84
298 499 55
111 496 67
17 40 46
245 394 52
18 416 68
155 462 80
320 350 69
1 403 79
12 187 69
53 307 28
198 338 75
10 296 87
131 298 6
186 475 97
404 431 32
70 99 29
19 372 93
228 439 46
32 166 41
39 472 11
124 241 65
163 294 37
261 390 57
404 482 62
247 282 57
193 228 41
10 77 17
348 488 9
19 281 92
74 281 93
128 223 16
277 280 60
162 233 51
207 217 68
154 253 81
213 298 57
67 165 43
10 46 92
49 395 73
20 370 20
179 303 27
425 437 86
37 76 21
57 63 45
151 457 37
92 269 78
22 84 84
178 375 94
124 274 95
44 396 51
195 293 24
103 312 6
310 417 99
120 299 36
153 438 87
93 422 34
110 250 47
7 341 81
10 251 17
14 365 77
54 198 18
324 447 13
231 391 21
127 242 87
82 493 69
129 244 36
25 445 97
426 453 26
245 465 58
158 279 21
397 446 61
142 173 46
116 190 29
225 404 35
35 55 94
130 310 14
76 441 67
112 133 99
115 174 59
45 109 77
213 429 26
72 128 73
69 101 17
213 456 58
61 308 29
400 451 4
340 415 90
54 437 57
390 471 96
91 299 21
181 225 14
80 137 44
103 474 82
350 361 70
163 337 73
93 314 71
232 449 61
129 389 36
70 395 14
112 281 10
205 393 7
153 218 74
319 472 66
151 304 6
51 399 74
33 76 80
409 432 67
217 474 77
315 348 66
19 200 90
75 222 98
45 431 97
145 439 46
46 286 34
161 180 36
391 417 39
223 273 53
364 413 25
46 435 70
51 236 47
82 223 68
55 488 38
19 241 93
84 140 5
309 490 95
236 472 23
289 391 7
34 160 93
462 475 90
265 286 56
32 126 21
402 443 51
167 423 90
231 396 61
115 428 54
284 304 30
49 163 31
276 303 52
83 240 67
152 499 41
65 186 20
390 407 34
264 374 72
153 484 51
224 318 60
105 485 30
275 480 95
241 368 71
461 490 44
88 361 75
6 496 82
182 237 36
59 193 50
160 436 87
214 343 60
71 413 66
256 344 20
170 233 66
71 477 50
186 273 15
222 288 98
130 354 3
113 331 19
20 408 80
257 451 63
85 373 75
155 371 50
273 457 65
224 279 77
185 472 69
362 479 21
87 431 92
76 443 95
101 303 88
458 499 10
54 60 2
3 37 17
88 455 62
102 149 85
4 482 51
404 418 28
115 388 43
367 393 21
239 300 69
329 385 92
9 121 16
248 349 48
311 399 58
361 442 73
375 376 91
39 64 17
116 355 55
151 376 19
115 139 76
151 496 81
14 163 3
225 427 81
286 454 20
304 321 96
281 284 23
89 95 4
220 247 41
316 326 86
135 447 72
19 409 91
79 82 87
2 142 65
19 161 67
257 301 97
55 340 38
2 433 44
251 352 12
381 470 63
3 323 47
109 368 86
360 463 75
18 59 16
124 234 19
147 292 87
331 483 98
23 211 39
148 160 8
87 403 72
132 491 20
236 384 65
223 269 52
125 409 31
113 422 21
82 171 66
144 174 23
292 422 74
198 475 54
113 194 83
73 418 46
51 160 86
193 447 94
14 266 38
229 277 5
233 383 12
311 392 71
291 340 84
313 376 9
10 269 78
113 485 42
287 360 67
97 250 17
62 100 50
307 346 40
25 113 61
152 311 69
327 417 60
195 311 6
92 151 24
284 314 46
91 196 46
153 487 18
11 148 48
181 267 97
64 291 97
317 391 55
244 447 43
127 192 36
118 206 7
173 253 89
193 387 84
202 225 20
3 152 92
24 377 95
186 377 69
291 440 2
390 470 3
20 77 6
21 106 38
144 493 12
356 364 72
225 275 56
70 173 29
66 290 14
422 455 85
183 237 34
145 419 69
329 463 46
374 405 11
100 270 37
174 471 32
186 263 75
54 215 63
436 484 89
31 101 25
80 493 62
157 393 25
331 337 42
43 329 13
122 192 13
356 489 56
124 195 76
37 325 99
163 390 21
118 483 12
295 337 82
92 473 100
33 195 72
37 275 58
223 276 40
132 231 56
245 451 8
193 403 16
81 331 55
26 476 75
15 62 1
63 193 22
76 334 7
61 412 4
128 275 98
91 337 30
114 277 42
319 320 70
162 239 35
38 363 35
104 394 15
18 25 49
164 416 10
150 216 36
46 169 92
319 398 44
104 355 51
220 397 68
128 253 91
290 344 91
264 453 38
0 55 85
76 337 10
167 434 35
100 399 55
421 430 100
70 144 2
52 488 14
280 438 64
239 364 17
223 455 32
57 483 100
81 222 43
6 181 48
138 384 82
118 202 84
443 487 39
64 318 16
60 237 23
102 425 63
8 118 32
39 310 83
98 140 91
61 352 13
252 475 50
77 171 98
203 262 72
416 492 37
42 141 24
62 124 6
94 243 32
121 164 15
24 472 44
46 147 78
8 473 66
60 400 44
254 356 88
155 194 50
16 284 64
450 496 86
116 172 82
279 349 42
152 310 37
227 265 48
135 208 94
197 495 25
484 490 26
174 489 21
250 416 67
380 439 50
281 313 30
293 321 27
403 444 16
143 215 23
73 231 31
0 105 53
471 496 97
240 350 30
249 492 69
18 398 61
79 474 39
146 220 50
9 400 90
27 357 41
274 350 48
106 213 74
183 451 28
277 369 53
169 434 16
43 480 78
60 256 33
356 448 99
103 262 8
133 142 64
267 446 86
41 450 97
209 326 91
347 452 80
410 413 27
358 398 43
22 394 52
99 394 43
68 210 81
214 316 24
97 455 18
344 441 74
244 432 74
346 496 46
138 155 70
164 460 16
300 415 13
93 165 60
250 317 56
208 465 39
103 478 91
308 445 94
34 464 2
208 289 55
0 461 18
119 134 44
296 331 37
185 329 27
467 499 65
61 165 9
130 214 12
338 429 45
210 335 71
166 485 37
148 465 60
278 300 5
30 257 94
240 363 84
26 247 45
176 440 86
183 262 16
26 381 80
300 354 60
153 353 89
364 427 69
2 442 68
201 263 41
167 246 91
246 323 54
286 391 40
142 209 92
160 454 13
138 172 56
334 427 78
487 498 79
11 147 51
55 115 48
23 266 47
37 479 65
377 414 3
204 300 44
36 327 44
324 487 66
425 489 88
63 124 1
214 259 78
79 487 76
338 475 74
323 441 35
41 151 39
239 290 79
133 211 61
8 240 95
86 452 44
104 483 100
416 420 6
74 329 5
93 188 91
337 342 30
109 374 84
20 322 94
443 489 95
25 262 15
12 167 76
75 162 100
98 404 78
356 474 45
86 413 84
193 325 36
119 360 7
54 102 17
263 289 44
52 438 96
153 349 13
70 489 85
42 126 75
89 416 79
57 491 91
1 127 51
435 465 9
341 490 57
165 478 33
126 340 78
181 499 64
317 450 20
254 379 26
171 200 5
217 435 47
131 466 99
423 489 56
9 493 24
69 89 66
276 404 92
125 380 69
256 274 94
142 211 5
285 357 18
157 240 85
193 359 75
177 376 13
191 363 33
245 334 1
329 454 80
287 466 9
387 468 69
177 416 89
26 335 64
137 178 82
44 133 12
252 473 49
103 454 54
8 433 98
355 429 33
56 63 46
109 354 90
213 388 26
62 73 51
296 340 100
425 496 73
117 446 10
383 390 87
43 241 1
174 243 21
95 300 16
320 335 27
201 447 92
292 329 82
281 349 42
235 407 74
74 479 49
191 254 1
443 471 22
19 474 41
166 250 41
50 267 22
58 269 98
172 472 34
209 474 13
80 182 21
160 270 20
249 369 36
200 355 25
44 462 95
363 393 95
45 476 89
18 314 75
4 308 4
96 134 90
231 442 7
303 324 27
365 498 18
171 361 89
164 248 53
205 235 62
100 426 43
92 337 38
211 425 23
24 63 5
3 430 82
119 491 54
4 49 87
135 460 46
287 384 49
110 204 97
424 442 38
369 395 12
329 355 97
15 147 1
200 464 72
221 231 50
341 452 54
37 56 43
392 411 94
90 452 99
185 302 51
34 150 45
43 273 91
203 416 9
60 447 17
171 381 56
458 495 99
15 97 37
152 285 7
82 345 53
106 307 88
13 115 71
187 290 2
171 237 14
64 165 67
113 271 100
188 479 54
184 287 75
262 283 48
183 307 53
127 399 76
93 355 96
229 445 43
9 208 89
108 156 91
83 287 81
100 128 36
245 268 66
49 131 70
299 428 66
42 415 86
86 246 3
284 457 63
308 327 24
10 481 48
365 429 35
76 362 7
161 487 69
102 455 97
286 467 86
197 228 93
116 133 79
63 264 46
123 168 54
298 450 5
6 81 86
96 446 16
92 283 70
271 404 82
4 137 7
155 473 87
186 206 49
170 218 14
183 245 4
19 24 53
225 406 8
121 459 28
41 496 55
304 352 70
223 344 64
155 267 42
478 488 76
0 60 16
373 475 6
333 436 99
81 213 15
28 201 98
84 181 52
1 411 57
229 283 98
17 109 91
99 142 10
323 385 79
381 413 12
348 481 54
196 441 81
191 249 3
194 343 85
208 415 7
140 185 17
183 241 7
80 349 77
25 137 71
288 440 14
102 148 71
108 127 40
75 169 60
298 386 56
52 338 13
16 258 84
269 446 61
343 370 33
94 491 99
203 345 60
28 377 61
88 388 26
177 331 22
187 285 50
306 310 89
103 144 52
66 434 49
37 126 1
121 319 68
252 420 40
209 396 54
45 225 65
61 96 88
101 361 47
293 433 36
231 420 65
143 271 55
326 366 86
23 379 98
87 316 39
445 451 35
148 432 7
149 157 3
7 45 70
2 174 74
163 359 15
162 342 13
11 236 34
7 149 18
301 355 21
321 348 92
28 405 44
145 388 65
156 377 38
23 378 74
89 300 36
109 466 36
451 496 57
64 293 92
180 365 69
270 395 65
38 246 1
431 466 23
1 347 11
90 112 64
180 382 26
109 158 22
112 214 13
24 327 4
25 381 67
221 344 82
183 302 26
230 341 68
459 499 92
324 377 78
391 395 51
79 395 79
104 266 89
87 337 40
81 241 73
232 402 25
44 362 19
26 306 8
108 455 19
72 313 64
139 364 24
66 454 48
189 319 88
11 403 55
369 443 66
54 166 27
208 460 39
95 399 46
298 430 99
140 164 38
128 406 64
3 354 62
122 309 46
123 190 86
117 218 95
116 400 34
173 287 53
278 426 35
417 470 26
221 427 24
258 469 56
41 286 12
61 467 1
363 467 95
121 427 46
309 465 28
142 276 38
64 395 51
302 434 28
1 408 28
55 170 21
61 227 58
347 352 99
43 64 86
143 221 3
17 48 89
255 388 17
348 411 79
204 293 62
6 119 7
130 447 49
82 436 51
442 451 99
96 363 32
34 372 37
103 482 61
257 390 98
212 496 67
57 253 20
28 78 74
36 68 88
234 271 81
155 397 44
287 470 91
74 155 92
23 32 9
17 101 39
339 394 57
37 129 33
154 422 5
5 212 65
133 391 86
28 139 55
136 188 51
321 327 51
113 347 87
190 296 7
185 287 21
127 154 70
146 463 30
74 187 86
13 431 42
188 482 38
66 413 70
60 193 34
123 434 48
219 301 56
120 314 30
61 381 26
155 246 89
328 447 50
215 482 82
54 243 47
307 348 77
410 482 38
236 278 93
224 355 28
197 233 54
342 431 17
113 301 75
5 375 54
309 482 27
138 295 83
176 341 62
340 373 16
304 388 52
247 471 74
20 461 37
116 423 6
271 459 39
189 253 67
158 421 98
56 257 35
17 85 85
250 399 30
178 403 59
79 182 15
398 434 77
27 283 35
14 15 8
20 92 59
11 51 3
386 402 70
91 464 32
87 430 36
23 411 39
89 445 75
1 428 30
189 321 51
68 431 29
244 410 62
112 396 44
93 362 67
35 267 2
191 484 70
372 436 68
379 419 59
294 362 73
106 352 28
349 407 26
41 274 85
32 205 48
56 133 20
160 197 47
147 324 67
443 499 23
237 272 78
3 39 39
35 357 83
107 442 92
179 319 68
156 433 47
437 474 99
62 207 88
364 388 40
261 348 74
114 207 1
10 277 3
412 436 89
48 344 20
21 498 22
151 201 86
476 499 4
431 454 54
165 420 60
109 387 6
224 473 75
16 21 94
0 369 41
311 414 5
37 395 77
95 367 61
137 479 43
36 40 83
315 404 14
241 439 64
35 477 98
10 235 74
163 353 21
209 358 15
287 482 29
77 273 30
21 467 45
135 147 14
58 127 34
353 469 12
62 473 99
39 62 34
84 304 14
80 115 21
5 189 36
314 361 43
14 79 21
35 341 34
157 380 66
262 323 19
248 433 65
272 409 45
7 186 37
145 461 74
263 342 94
28 386 45
211 467 13
441 442 73
87 214 39
31 32 84
240 373 91
44 475 80
96 420 72
243 314 34
256 426 28
164 434 67
166 449 24
23 259 14
56 104 94
376 429 89
139 479 16
59 398 93
202 390 100
185 301 3
391 428 7
224 388 21
119 358 27
10 452 5
255 445 73
363 491 92
47 303 70
235 481 85
30 278 34
219 428 7
123 491 26
31 93 53
29 52 93
12 52 17
82 410 20
119 218 18
72 197 82
110 376 44
183 486 41
288 303 48
124 383 85
51 441 22
249 439 6
246 463 28
64 410 49
271 409 9
33 492 41
137 409 41
164 448 45
46 129 70
87 315 48
195 250 22
212 331 13
6 283 63
24 493 100
4 76 65
67 84 84
260 465 84
141 453 69
22 189 61
194 327 47
33 462 31
49 383 27
36 213 30
315 477 21
178 291 48
73 481 77
38 75 16
181 462 57
147 482 96
304 487 65
302 331 30
66 361 23
53 467 46
24 268 39
16 392 16
459 486 29
99 162 36
140 216 70
164 488 66
91 292 44
346 369 27
60 258 76
53 312 57
470 472 34
143 164 98
100 410 22
341 346 29
108 371 85
296 338 13
106 226 4
209 432 77
37 417 9
91 101 3
156 232 83
220 287 4
188 345 98
85 312 75
209 318 22
106 489 58
378 475 48
144 198 99
184 445 59
125 250 87
170 236 59
122 440 62
28 369 41
216 442 39
97 321 9
73 322 27
480 483 82
309 451 54
237 475 16
220 365 17
376 410 11
95 351 4
100 472 47
57 444 79
54 427 85
2 98 18
39 479 29
27 61 89
164 168 72
145 488 71
415 486 33
12 359 32
123 494 81
353 445 7
319 335 1
182 487 44
91 135 36
44 279 14
56 151 97
412 430 21
45 469 70
98 176 19
84 182 2
135 426 55
35 255 61
73 113 29
48 59 96
251 498 20
104 478 4
150 235 73
443 459 9
110 220 25
147 354 22
55 326 61
149 187 21
234 345 53
103 236 40
164 483 48
117 465 85
122 412 13
286 413 51
231 469 57
245 253 92
53 441 2
42 67 47
45 432 73
352 429 92
312 335 41
101 176 5
403 413 11
231 328 91
216 242 89
251 255 62
133 168 48
263 356 51
50 264 4
140 255 11
319 468 18
54 159 54
47 341 77
203 386 90
31 216 71
361 487 64
257 464 94
43 119 32
178 488 47
24 273 16
112 265 81
250 328 43
347 444 72
85 243 58
243 321 57
52 436 93
35 208 6
38 226 14
302 356 29
138 340 26
195 274 51
111 312 96
315 484 27
286 455 82
66 400 53
142 224 1
130 204 87
312 480 67
75 168 44
345 419 37
401 471 82
19 460 77
419 420 98
29 97 49
284 368 79
219 375 7
12 304 80
31 336 88
131 231 6
289 347 58
453 461 56
82 432 65
193 305 47
230 324 33
20 174 49
46 209 31
20 156 52
29 139 15
401 441 41
85 346 74
156 276 64
5 465 82
304 311 69
97 381 21
200 323 87
266 379 79
185 374 80
327 461 30
170 394 16
207 465 91
66 220 84
146 352 65
67 301 71
81 371 91
437 461 100
53 149 16
150 175 47
345 363 86
116 303 13
22 424 36
41 142 36
110 238 87
23 392 43
299 332 26
42 278 53
198 466 7
37 338 86
66 468 67
262 366 72
12 97 72
78 405 92
14 61 44
77 472 71
348 357 73
185 262 17
309 410 47
11 223 42
196 362 8
125 133 56
174 371 2
167 339 78
39 279 32
244 305 70
267 449 75
218 454 63
25 283 26
97 245 82
121 169 42
264 483 9
214 373 95
200 346 34
93 246 20
252 481 100
81 271 39
389 411 4
363 484 99
14 170 70
222 474 85
177 442 60
259 434 55
233 403 59
460 461 84
14 270 93
364 495 44
133 466 70
71 109 28
20 233 47
143 297 44
239 398 51
1 4 31
9 256 68
158 392 89
140 432 23
396 405 58
158 467 87
98 329 51
276 481 61
330 365 68
372 424 11
61 297 95
10 489 46
107 275 19
133 472 12
111 422 32
54 185 55
75 327 7
95 438 32
402 437 13
13 315 13
244 326 75
150 485 87
26 389 77
40 401 24
154 222 24
233 271 11
24 395 13
341 343 54
187 188 21
234 384 78
316 424 55
129 493 43
279 498 26
28 186 65
126 492 34
196 419 86
188 305 21
157 491 34
92 372 83
36 490 46
271 427 18
250 458 95
65 185 98
317 326 6
162 373 80
34 324 30
61 372 77
96 228 58
77 215 85
10 159 17
318 478 44
154 290 7
122 272 86
155 419 23
45 206 7
23 328 67
112 448 9
463 464 51
39 273 43
171 246 85
198 382 32
211 220 48
17 78 26
226 446 20
318 366 30
158 481 63
81 481 42
44 380 77
436 478 23
64 178 51
202 438 79
345 431 91
13 487 21
18 181 31
117 489 79
106 336 25
142 245 22
73 450 17
337 453 37
89 493 41
411 438 60
30 251 95
329 422 48
149 326 86
24 294 91
38 98 50
160 384 53
30 101 76
93 227 74
24 397 63
132 145 54
96 277 34
26 66 100
250 446 65
42 148 100
19 493 88
67 302 97
97 340 30
97 267 10
14 27 20
28 473 50
78 101 24
196 381 86
149 312 92
88 130 39
213 385 37
256 361 33
0 460 75
80 424 1
248 452 1
45 307 28
162 268 93
366 423 97
226 357 43
101 403 1
57 434 82
226 471 27
157 338 50
242 271 63
350 370 11
102 422 73
328 417 38
311 429 47
18 327 75
183 346 68
13 277 13
199 286 96
270 348 78
203 391 90
172 211 34
11 41 96
330 439 71
73 425 21
379 462 41
99 364 70
281 401 66
184 219 70
104 183 20
36 318 11
108 183 34
172 294 11
244 369 75
7 223 42
88 164 85
21 49 20
71 93 39
37 306 50
283 291 46
71 219 13
10 304 63
36 211 64
200 446 62
328 414 26
441 448 33
92 99 18
25 205 14
60 130 67
123 138 69
61 344 88
245 422 78
186 395 1
83 496 98
416 495 34
99 358 22
72 136 17
176 466 36
251 375 7
325 460 45
63 465 75
210 405 53
68 375 97
97 351 89
6 362 32
180 303 44
236 255 97
11 113 97
221 297 41
175 410 95
143 277 73
350 399 5
22 248 27
233 458 54
3 131 78
170 445 96
309 317 5
32 138 44
55 219 93
375 472 21
276 451 91
29 33 28
143 199 47
318 328 34
169 332 92
5 489 37
99 479 99
215 441 2
189 373 5
73 406 82
184 312 93
147 187 17
367 483 29
205 319 66
128 480 77
35 242 28
119 214 78
45 305 67
155 356 42
270 435 5
58 265 95
451 499 25
0 3 49
97 172 3
389 492 48
297 446 47
376 430 23
193 434 2
298 428 55
348 414 9
137 432 9
102 355 71
151 323 36
213 424 94
149 378 55
75 145 19
177 372 2
183 325 86
68 71 37
104 282 34
49 226 15
492 498 17
178 243 30
303 419 50
270 277 100
125 496 12
180 270 4
113 259 52
40 224 43
114 139 34
95 126 18
26 58 19
115 122 27
55 430 5
18 99 8
206 342 44
265 483 91
98 141 87
60 322 85
39 376 64
281 486 86
393 401 47
159 454 21
114 245 9
16 100 16
128 392 38
53 479 91
209 267 20
172 184 33
336 483 95
55 486 89
61 109 96
173 251 75
427 429 58
14 76 42
205 433 90
73 338 38
181 199 4
336 494 80
77 98 37
300 328 51
42 212 79
336 354 66
32 156 42
191 391 72
268 312 77
200 421 24
80 344 4
173 388 66
56 410 83
1 197 100
305 335 10
212 296 75
338 485 85
399 478 58
194 388 42
428 481 58
80 373 66
20 424 85
29 337 98
256 471 78
149 152 42
43 95 66
111 463 71
338 431 29
273 299 9
254 447 20
177 265 47
319 357 4
97 361 59
171 448 94
246 407 33
87 380 13
241 285 53
368 406 58
9 156 84
236 299 19
21 379 14
387 392 17
36 451 3
68 313 100
19 309 81
37 293 85
3 248 34
86 268 72
157 472 94
286 369 86
386 432 66
3 12 77
77 314 17
98 216 31
78 247 19
205 466 33
52 468 84
26 267 56
150 299 68
69 444 91
37 327 83
249 259 37
341 462 30
292 375 18
77 159 91
335 403 58
299 483 67
102 118 58
47 141 90
122 425 70
294 388 29
18 101 36
40 458 59
196 495 100
271 372 86
395 497 19
24 475 60
46 240 39
179 411 100
16 436 55
246 249 83
17 410 47
95 332 69
120 480 93
243 433 12
72 450 96
36 489 33
143 493 41
413 497 54
204 237 72
284 450 26
11 275 91
160 245 61
119 272 9
294 339 16
176 471 70
135 450 58
96 340 22
183 413 4
409 455 93
90 91 63
87 177 28
45 415 80
34 418 84
162 267 65
130 417 48
284 337 44
35 266 57
7 130 62
92 465 77
78 213 13
143 419 19
0 67 72
308 466 87
165 429 9
454 455 13
207 276 52
286 342 98
324 403 63
254 331 25
298 473 52
495 499 2
216 496 75
56 241 70
31 152 42
168 178 28
237 323 84
36 342 72
56 438 91
188 245 46
414 473 56
209 277 73
381 487 35
271 279 40
108 454 48
392 487 99
59 165 62
402 406 39
311 493 2
100 498 49
119 362 23
123 288 25
239 271 80
205 314 64
116 152 22
246 441 3
187 470 8
61 388 8
443 488 84
56 215 57
143 269 89
135 177 70
285 445 92
265 494 52
347 469 79
278 307 24
33 303 97
297 468 6
430 444 47
167 293 2
408 421 21
403 483 60
259 493 92
224 257 92
126 279 66
415 485 36
176 318 92
3 255 71
131 376 25
116 465 28
143 367 32
133 315 20
42 357 31
28 48 6
105 156 85
246 295 19
123 455 58
125 262 12
146 473 27
223 313 82
151 445 5
39 293 80
321 326 19
130 478 53
386 486 31
209 377 83
82 372 90
223 327 41
346 457 40
193 401 9
178 253 12
172 190 52
84 324 21
235 305 3
375 461 3
145 362 79
153 170 61
5 349 8
134 201 7
266 324 63
47 213 39
345 435 10
130 416 36
87 98 11
270 398 52
141 297 5
265 466 14
242 332 66
264 448 5
36 57 9
140 156 33
268 474 39
217 365 32
334 422 58
122 238 13
245 488 18
202 338 97
8 160 92
30 345 98
164 298 67
298 406 84
189 390 58
151 180 32
61 332 50
38 81 63
226 474 97
267 480 93
414 438 9
192 260 18
9 134 81
123 389 81
41 172 59
205 322 100
297 302 93
312 385 50
179 467 42
44 454 5
227 325 60
327 469 32
378 413 87
96 285 49
5 103 54
51 199 1
179 493 4
269 328 79
55 139 37
159 480 84
375 439 45
299 465 31
91 314 96
346 377 63
18 169 5
139 235 28
137 210 18
134 364 10
43 142 47
78 388 36
5 299 55
222 305 49
14 283 29
87 257 12
204 488 97
309 343 68
29 443 81
140 420 80
259 390 74
199 309 6
233 421 24
447 458 33
62 298 90
411 484 83
32 364 45
34 396 82
7 421 2
113 268 82
33 488 71
192 201 91
250 326 30
4 104 25
16 239 94
31 173 20
142 148 5
369 431 22
38 430 52
7 165 23
68 459 100
143 355 21
134 206 42
89 150 66
141 334 17
230 311 25
61 471 78
153 160 49
27 221 13
187 250 32
346 425 57
271 496 92
138 165 44
320 361 26
88 234 41
37 113 21
10 94 53
88 128 60
239 475 36
22 168 23
19 271 4
186 354 78
55 378 25
180 445 57
333 443 97
112 341 78
219 440 10
108 128 69
2 426 61
21 485 51
15 406 70
176 184 95
396 409 6
12 229 9
148 369 54
21 72 93
127 499 69
165 250 96
89 140 50
56 106 10
218 472 80
31 416 82
167 379 54
123 254 60
88 239 81
0 260 6
84 399 76
195 235 7
54 251 87
348 407 28
227 359 1
25 329 66
40 63 81
109 110 75
20 490 15
62 85 93
169 304 87
186 493 20
99 414 68
63 371 34
371 420 36
12 346 70
259 440 28
55 427 9
243 446 82
2 399 52
285 302 81
243 346 94
250 334 40
440 468 88
235 334 17
71 310 89
98 495 75
289 338 68
71 188 92
269 365 79
134 280 63
95 146 2
43 367 48
281 461 97
76 488 14
222 324 18
424 488 7
328 436 39
124 499 75
121 414 47
299 432 88
254 422 65
63 473 13
232 405 9
98 207 36
351 488 11
87 329 9
298 438 53
15 356 78
301 366 27
150 449 96
86 93 76
235 243 57
198 237 1
102 488 14
326 387 94
32 223 69
119 374 42
331 389 87
190 316 43
108 242 1
78 259 25
117 391 84
196 241 94
194 409 73
56 353 41
303 490 52
50 244 78
370 474 9
350 465 42
309 496 48
114 204 20
169 475 48
294 360 46
231 363 36
18 250 46
104 217 86
98 476 54
140 245 90
36 316 25
32 428 4
307 440 64
104 115 20
230 344 29
191 445 73
465 498 38
329 374 50
199 385 77
70 161 63
162 189 59
201 390 63
116 168 8
7 361 29
124 420 38
119 183 52
293 490 29
355 374 36
24 265 53
15 196 25
272 475 49
347 349 32
233 475 40
476 479 86
298 305 45
153 499 92
141 199 29
40 179 25
6 397 32
167 333 94
75 317 50
47 187 39
53 120 33
336 484 94
108 382 44
328 352 37
212 233 15
229 297 72
195 390 88
307 394 92
35 289 24
75 380 62
3 462 34
30 328 81
8 387 68
46 456 79
115 379 35
306 342 61
173 213 27
43 100 85
334 441 57
296 428 54
39 317 28
314 375 45
153 320 79
39 240 27
34 328 87
112 402 49
56 128 42
242 462 38
5 202 36
441 445 88
76 217 16
160 477 5
112 226 8
147 296 38
281 477 71
22 175 89
43 284 55
72 116 69
97 242 15
113 409 72
141 279 54
151 313 12
153 250 81
254 463 14
215 384 67
90 121 61
362 397 15
19 93 16
86 92 6
5 180 73
16 347 55
234 431 15
192 258 97
31 434 58
163 438 72
2 9 38
126 167 80
33 368 9
157 228 62
41 282 24
137 480 73
141 381 26
40 462 38
134 207 48
149 288 5
433 434 56
257 368 4
122 165 90
99 459 60
67 399 31
163 281 72
87 332 33
91 492 67
1 499 24
298 435 95
209 392 89
45 245 58
207 356 17
190 355 50
158 335 81
255 484 6
226 457 91
330 436 19
177 287 93
97 223 2
25 97 37
265 323 69
257 483 32
165 185 17
58 431 46
374 418 94
396 454 71
116 422 38
327 432 42
83 448 8
49 445 25
112 263 96
232 404 98
287 359 68
176 447 71
89 201 67
218 439 23
144 397 92
31 467 94
98 170 24
73 181 64
63 476 72
273 355 77
352 385 23
194 246 99
17 184 74
62 295 72
159 171 22
296 415 29
163 218 3
223 484 60
52 141 91
262 408 24
337 498 80
123 256 22
293 371 96
246 371 5
53 273 58
310 363 41
204 430 79
116 290 84
280 462 58
29 88 88
66 444 77
383 438 15
176 360 76
212 443 95
64 393 29
50 203 74
207 401 57
230 282 73
63 129 12
48 114 18
381 478 95
222 245 81
175 208 89
238 401 96
66 166 62
145 154 57
55 497 33
36 499 1
18 362 64
125 280 11
75 81 75
133 377 25
84 465 6
15 244 14
29 419 44
175 376 9
176 415 71
56 434 70
201 285 32
142 365 19
98 493 91
142 302 35
78 235 61
12 165 51
309 358 31
18 437 84
244 294 97
171 276 77
59 218 43
154 278 37
26 297 51
101 409 63
168 481 93
195 468 27
6 211 82
26 279 77
221 244 95
184 359 50
187 289 86
7 128 42
114 329 13
57 452 34
179 354 69
16 131 83
60 461 97
394 474 19
103 392 89
148 456 15
219 463 33
236 495 21
69 153 44
213 326 55
107 339 40
268 497 56
196 375 12
39 171 16
99 372 62
179 422 24
167 247 47
129 497 76
2 228 62
197 341 7
6 399 76
114 236 18
202 318 33
84 300 61
387 398 10
0 71 20
127 337 55
246 418 25
207 392 96
41 253 90
62 130 65
345 397 77
411 490 85
271 450 57
35 63 66
244 266 66
245 398 24
20 201 90
122 474 78
263 280 63
412 453 65
264 402 54
48 119 86
281 449 82
364 481 9
61 206 58
215 243 56
89 227 79
24 121 53
383 469 3
381 479 48
7 91 1
14 53 2
115 194 90
325 411 80
9 363 33
43 262 73
5 437 11
49 55 19
124 358 48
446 449 94
108 114 18
142 420 29
139 259 25
93 187 85
42 177 77
171 305 23
326 362 4
388 431 13
42 189 33
261 339 84
229 252 63
163 237 97
185 333 48
44 452 53
312 320 29
302 444 67
239 434 61
314 461 97
134 294 5
243 474 57
488 494 42
439 443 45
252 486 60
220 347 76
141 312 79
74 186 26
184 205 25
353 489 59
145 229 32
142 451 100
11 172 75
329 495 33
16 376 19
245 430 19
346 461 17
291 317 63
282 489 62
49 196 8
490 492 90
14 190 10
319 358 14
177 493 23
112 187 39
389 443 55
261 273 61
353 360 7
366 444 87
293 398 94
357 361 37
115 232 41
23 93 20
4 285 50
53 486 8
12 334 60
180 215 64
0 5 95
104 312 76
141 327 46
80 441 91
84 187 80
194 400 8
33 313 28
449 481 90
325 408 94
167 346 55
446 450 12
95 356 5
166 368 36
59 303 99
306 321 69
55 92 31
187 323 83
263 368 16
20 38 42
177 182 61
48 403 100
26 383 70
297 380 71
315 387 7
303 362 90
151 269 70
130 154 45
223 358 56
404 478 12
103 332 90
243 290 45
55 396 75
150 432 28
263 448 79
248 489 74
12 480 2
240 251 39
222 462 64
261 333 63
91 309 49
295 433 8
37 196 45
205 478 25
132 448 36
125 146 40
30 264 95
262 454 12
13 458 13
26 288 82
229 321 19
162 226 5
133 470 98
455 464 86
154 264 95
481 484 65
428 440 40
177 400 15
49 334 91
283 324 6
125 463 8
95 491 86
207 219 95
190 200 74
372 414 42
344 459 100
142 452 21
159 207 37
17 223 72
105 422 27
70 137 42
34 456 24
192 416 68
98 214 2
122 197 69
92 199 33
35 279 26
175 288 45
43 349 87
351 381 42
216 492 16
105 449 81
166 361 80
219 476 79
143 290 54
252 418 59
94 211 17
131 315 28
1 309 7
197 240 15
358 429 31
45 316 1
152 411 5
279 483 23
131 233 67
268 340 39
67 172 27
25 95 2
163 469 54
177 281 64
124 474 44
405 439 1
205 273 35
36 59 82
305 467 84
393 417 19
119 352 66
259 364 53
122 281 64
180 493 29
238 288 39
434 488 90
291 293 68
82 464 10
251 467 17
114 364 16
55 385 66
20 130 85
66 104 57
68 146 1
79 275 58
154 156 74
181 310 46
53 313 39
66 118 90
87 122 29
261 310 71
75 186 80
180 424 18
249 402 21
15 138 70
94 273 66
113 247 49
192 233 58
427 441 81
119 351 50
103 167 14
94 495 25
268 410 50
35 498 35
463 481 67
219 498 69
19 154 68
471 473 80
68 116 4
261 413 58
306 328 11
87 391 88
88 122 21
160 338 73
213 353 27
36 425 74
39 299 80
26 469 66
27 332 13
329 379 49
178 182 10
19 98 71
83 359 8
299 387 81
143 448 27
92 442 16
20 200 27
343 428 95
89 110 92
171 206 96
246 459 96
34 321 3
183 297 7
113 343 22
452 454 5
203 365 15
188 410 13
39 289 74
3 188 52
79 446 99
149 372 52
258 413 24
209 478 75
197 482 30
274 416 74
287 406 47
24 48 27
14 136 93
240 430 75
220 325 71
104 179 27
289 414 97
200 260 92
458 482 68
137 303 9
82 215 82
0 336 87
275 400 80
25 287 31
2 277 58
117 299 24
97 399 92
79 274 20
103 166 97
332 347 8
34 130 57
76 388 76
138 325 40
102 414 27
38 339 29
104 201 1
288 484 35
100 107 44
97 187 56
228 482 8
136 477 83
192 490 100
298 339 38
325 340 19
219 475 35
38 347 78
44 328 77
61 290 31
374 415 15
17 472 12
287 496 52
27 297 12
95 99 76
93 433 21
96 258 43
75 441 10
50 68 76
103 280 76
93 198 85
56 455 37
220 339 72
60 347 22
141 343 51
245 252 73
197 423 75
141 363 97
377 441 67
276 338 24
152 178 100
20 360 18
50 242 34
267 422 50
200 368 96
56 135 78
130 383 35
384 438 95
230 487 50
217 310 44
188 369 43
272 474 89
143 366 3
255 402 44
1 380 29
326 416 21
207 385 78
223 415 34
165 248 94
4 42 75
40 344 84
26 293 54
216 223 56
33 209 13
52 459 8
71 480 1
263 434 24
218 404 9
358 409 27
43 356 23
423 472 1
415 475 54
54 292 6
128 340 55
115 282 31
90 165 22
379 404 27
311 350 72
50 370 62
429 481 41
100 178 16
218 364 69
150 458 90
20 389 70
138 224 3
205 335 33
299 374 12
115 218 42
292 344 52
74 141 57
334 451 84
112 116 30
64 203 37
102 243 49
227 378 91
49 296 17
419 432 9
225 294 33
326 405 16
349 463 95
339 497 55
105 175 73
0 148 14
296 464 56
60 303 22
320 403 55
196 348 45
244 284 1
145 428 71
39 343 37
151 297 11
180 404 69
11 226 41
111 366 78
84 135 23
95 102 69
206 452 43
234 456 57
80 91 98
133 331 32
349 439 82
32 192 36
17 299 24
303 344 26
65 310 94
139 483 23
223 498 52
57 104 98
388 473 32
189 213 96
434 459 1
32 405 13
81 453 75
183 234 8
225 230 6
404 472 35
183 310 17
89 292 100
266 395 28
11 459 16
106 186 6
4 81 33
10 146 38
287 301 42
319 421 100
377 392 89
264 363 33
149 291 79
437 490 35
76 89 97
252 313 53
5 228 68
4 432 63
240 386 38
53 214 43
68 201 64
105 159 65
284 377 1
252 356 52
243 349 74
25 249 75
203 306 45
177 418 43
22 176 76
30 322 29
360 362 20
272 305 4
110 303 93
132 228 52
282 323 7
45 120 90
111 498 96
186 239 19
5 190 38
34 355 59
217 395 7
201 300 88
76 180 39
7 118 89
5 458 8
49 422 13
139 166 32
32 362 100
98 254 75
172 337 10
157 276 18
421 456 36
78 409 41
155 402 36
237 461 86
61 424 20
56 297 96
115 389 19
17 308 77
237 318 50
118 406 49
115 407 90
401 485 24
58 96 92
153 290 55
47 362 69
323 491 75
47 258 37
31 393 66
85 474 63
6 316 19
27 170 22
279 479 34
242 493 69
22 302 1
37 140 70
12 464 25
175 268 77
362 485 58
460 474 77
433 466 26
109 308 81
126 361 3
48 305 28
162 219 59
337 395 92
342 493 72
302 359 66
318 488 48
94 468 39
156 444 13
36 255 28
6 355 90
427 443 94
300 450 98
342 398 26
105 152 42
344 429 58
358 442 28
122 198 47
332 410 47
9 182 73
6 200 87
22 216 88
381 394 45
21 177 19
149 160 17
75 398 37
150 477 57
154 404 44
149 167 33
47 268 81
219 332 86
65 498 30
238 434 91
29 369 45
300 394 36
247 383 98
131 329 100
347 389 39
158 454 41
77 390 55
354 380 72
74 256 81
112 371 59
354 486 29
63 329 51
94 272 90
103 186 85
350 483 68
53 145 14
147 448 75
308 497 32
249 276 62
100 499 75
291 357 24
57 215 28
61 378 65
11 385 33
167 214 32
5 231 65
137 463 55
358 469 50
136 211 51
171 454 83
112 308 41
306 382 59
420 467 82
159 359 1
0 53 27
58 330 3
306 314 39
49 271 84
154 362 7
66 397 29
94 423 23
394 436 95
306 318 90
314 321 25
5 409 38
13 122 75
74 323 67
38 218 58
7 46 26
2 344 5
91 454 87
100 116 93
227 329 57
162 455 75
192 424 45
148 433 45
11 490 90
188 427 39
105 369 44
114 128 44
106 117 79
87 302 13
13 447 17
147 316 86
311 431 57
16 34 48
90 338 33
235 299 19
100 129 20
170 215 100
6 352 67
124 395 29
321 488 47
284 472 25
166 184 13
295 488 94
198 357 4
102 288 60
166 354 10
169 257 34
42 391 40
75 286 2
227 461 5
65 316 43
17 224 98
29 357 72
87 273 26
91 383 37
93 272 18
340 495 75
392 483 9
60 359 19
63 268 97
247 472 18
347 480 57
201 289 34
312 430 95
41 66 11
33 89 67
263 477 66
168 193 9
84 357 94
33 430 58
274 339 39
225 232 2
444 493 27
246 361 60
51 210 14
104 171 60
47 314 99
51 131 48
119 460 31
335 485 75
39 297 76
274 365 4
160 311 16
429 448 52
66 472 51
240 324 34
95 98 4
151 451 23
325 487 48
359 493 22
290 426 53
78 178 24
282 318 88
479 480 54
266 311 1
176 405 49
163 308 90
119 440 63
145 212 30
83 268 17
190 485 77
319 478 5
224 404 87
55 196 9
47 65 83
275 435 14
179 317 5
15 376 67
17 222 25
183 354 52
113 419 17
432 465 61
112 254 6
169 194 72
125 166 15
29 267 100
431 464 40
56 259 84
61 229 78
357 398 7
2 6 55
154 326 2
375 426 15
29 35 96
131 223 87
98 349 24
39 383 18
335 448 95
249 413 19
322 444 92
131 261 25
418 450 6
114 290 97
172 229 7
204 223 99
152 378 61
368 428 40
94 231 23
95 369 60
55 267 100
401 420 97
241 319 82
49 125 6
161 278 72
86 175 100
296 328 18
63 126 8
239 445 49
179 276 71
310 432 34
47 131 11
34 219 64
86 306 2
66 478 8
246 424 72
264 416 62
154 297 12
89 209 56
220 342 59
387 400 25
198 403 47
369 453 5
346 495 73
415 498 14
158 440 67
31 94 43
144 164 97
82 325 91
411 477 74
386 463 55
242 498 29
84 220 23
231 339 6
50 312 7
126 249 64
293 484 90
248 364 72
79 227 41
75 112 74
352 383 59
380 417 43
298 323 35
153 164 83
158 290 92
382 459 56
47 81 43
96 276 75
247 490 35
48 378 28
50 322 80
27 186 32
310 449 59
385 407 83
173 347 9
173 230 33
269 287 95
170 174 40
336 468 5
11 206 65
75 243 30
77 87 26
34 407 40
160 253 42
71 199 44
318 382 7
345 440 68
296 480 20
428 491 23
117 301 17
117 180 49
170 264 4
39 322 96
100 279 85
208 336 14
88 362 47
11 29 98
44 82 71
14 201 6
486 491 63
403 485 50
140 361 24
376 477 38
63 310 6
164 423 61
126 264 8
176 350 98
232 378 96
286 416 30
406 430 92
98 188 99
16 402 90
429 459 70
264 359 60
304 444 64
55 454 81
39 170 79
323 407 57
284 333 95
39 331 52
363 386 66
134 180 28
33 327 14
137 274 15
105 444 81
26 117 6
260 459 19
212 231 87
132 467 1
276 287 81
420 426 63
219 284 52
109 402 83
473 493 66
345 455 33
66 149 11
187 363 86
164 212 97
170 322 42
297 400 70
317 401 73
6 58 42
126 459 86
109 324 73
235 401 59
190 457 33
205 479 89
73 189 65
67 120 86
101 322 28
313 404 13
196 199 28
148 281 64
19 335 28
54 289 60
59 410 26
216 471 98
38 494 54
20 305 72
3 60 30
88 487 45
255 303 3
145 440 75
188 471 22
112 190 97
472 496 80
154 366 78
192 354 31
125 497 51
131 351 81
306 493 49
99 209 74
31 264 89
22 469 31
71 421 71
30 155 97
98 212 86
69 178 42
0 400 44
45 448 39
255 310 43
114 305 42
112 234 27
250 497 41
202 432 3
64 173 29
171 249 48
304 350 73
208 411 44
56 324 42
250 252 92
220 423 9
27 78 82
353 367 78
229 449 27
401 478 44
110 157 92
203 252 82
46 311 40
284 362 36
13 492 93
45 250 43
16 17 90
211 347 10
222 227 6
233 494 64
286 344 49
259 267 69
99 336 72
236 351 63
50 412 81
111 414 95
11 338 36
17 59 84
295 447 75
233 344 20
49 474 14
313 491 32
253 428 99
461 494 88
71 84 65
267 497 59
182 461 12
251 343 17
247 401 55
176 329 88
37 107 18
290 407 54
237 382 82
124 492 42
190 376 98
160 381 26
251 436 47
290 340 2
52 342 72
12 473 95
168 203 78
189 445 84
202 483 78
148 325 39
365 380 31
46 119 24
1 63 25
182 442 54
225 299 49
244 372 8
108 197 86
372 451 6
139 258 50
261 317 81
145 398 4
422 493 30
111 257 20
93 252 17
48 70 42
321 441 13
38 398 15
348 442 2
79 177 1
126 357 14
30 147 84
344 494 57
220 481 67
78 439 62
193 394 36
413 441 26
359 435 40
293 355 84
41 473 39
304 355 17
59 65 64
211 416 99
69 269 87
251 304 24
54 168 97
266 420 73
93 228 98
262 328 57
11 105 29
361 422 100
177 284 6
56 155 72
310 353 76
59 284 98
177 474 62
78 447 24
224 341 86
121 148 96
110 350 35
323 393 79
320 450 48
10 393 80
94 334 44
35 441 95
214 283 79
176 482 76
117 354 84
22 358 86
100 218 65
12 174 37
91 356 10
142 255 66
209 359 69
16 403 11
52 124 12
53 473 55
93 438 54
64 325 5
213 460 25
335 498 51
239 262 89
23 49 1
379 411 97
300 496 86
226 246 97
175 298 24
248 303 95
172 276 73
411 465 93
108 421 86
188 230 4
108 446 40
108 297 6
236 466 98
151 418 54
19 21 20
363 497 56
115 314 71
262 292 6
453 464 20
16 381 45
252 253 78
33 474 46
130 413 41
351 418 95
225 280 71
19 80 79
136 241 94
43 251 81
135 373 64
14 494 13
203 356 45
4 397 3
83 252 69
429 494 41
79 437 60
267 357 14
193 299 7
112 329 3
208 299 11
241 434 96
78 263 100
446 474 95
204 360 91
54 386 44
179 333 4
156 236 87
48 194 31
101 290 63
105 436 82
233 242 41
76 218 29
151 177 69
187 317 97
245 358 8
231 395 98
310 351 62
89 414 57
13 253 47
187 414 20
129 420 8
116 481 16
147 461 71
181 333 43
6 180 29
165 332 3
34 469 39
315 435 95
25 467 88
6 179 64
20 382 81
361 425 99
283 308 90
12 299 21
178 281 42
273 328 55
108 328 41
156 274 59
28 496 24
10 321 74
107 377 55
10 240 73
126 299 24
378 438 93
119 148 63
18 123 28
81 210 34
137 415 40
376 446 84
55 180 98
279 425 15
31 252 79
276 402 91
401 425 48
206 209 56
160 408 25
70 81 48
136 184 13
2 93 13
189 230 93
117 147 90
61 302 3
107 240 2
205 246 82
200 219 81
58 128 27
98 107 50
25 61 12
169 399 58
265 369 89
283 418 33
80 338 68
1 350 34
56 265 43
31 383 46
230 357 18
397 490 45
110 237 78
132 335 90
46 136 17
15 354 82
421 459 57
120 416 67
72 326 79
360 393 62
269 324 67
178 423 41
127 159 100
12 80 65
89 474 41
240 438 89
33 344 30
208 305 61
153 171 28
261 330 80
116 302 21
367 466 83
102 226 26
60 279 2
350 444 99
2 212 45
143 171 89
192 331 54
208 345 89
90 329 36
176 260 65
90 171 73
111 402 46
35 414 34
362 466 75
182 247 48
102 139 91
38 146 80
0 289 58
139 384 23
126 360 19
63 418 41
186 241 13
63 130 61
93 306 52
103 350 24
63 456 33
302 358 81
57 281 63
124 326 28
171 433 74
293 389 5
106 408 94
393 483 31
188 398 8
226 490 60
220 334 79
367 455 93
168 453 48
194 364 66
435 490 52
8 413 80
77 490 36
314 352 89
97 496 22
190 335 63
187 331 13
289 495 28
37 331 89
109 481 14
177 396 31
146 285 15
27 45 32
191 224 6
138 355 44
299 323 62
78 293 15
174 444 8
144 288 80
117 359 99
90 133 5
171 329 20
174 343 48
311 432 5
131 139 32
210 290 7
105 201 67
91 415 59
204 422 54
60 77 17
195 325 6
45 339 93
196 411 17
242 253 86
106 397 40
80 159 24
9 295 65
229 245 15
78 202 74
4 222 44
201 473 89
84 466 93
122 188 81
182 199 19
373 458 93
379 430 31
198 426 14
49 365 23
260 398 10
296 401 23
80 125 62
12 492 46
399 408 83
247 389 56
176 209 15
9 243 66
214 366 37
265 385 85
156 165 67
88 483 61
489 490 7
99 227 17
43 461 12
130 472 69
203 290 10
319 343 89
341 344 13
70 168 84
74 310 3
457 493 83
25 190 36
413 418 27
211 379 96
37 184 85
20 169 42
340 473 20
244 388 67
86 471 60
88 194 84
249 419 46
191 469 96
126 358 62
103 142 84
215 413 31
196 234 49
9 131 67
76 137 36
66 179 58
170 423 91
250 353 48
353 492 73
481 491 80
161 294 43
101 157 37
447 464 63
255 338 100
143 422 84
21 88 92
8 216 81
297 306 19
208 297 32
434 450 70
334 370 42
107 380 16
115 439 33
46 415 20
319 448 86
332 447 2
132 330 7
2 245 53
10 132 4
26 455 21
139 177 53
118 166 78
395 473 74
278 339 65
119 206 34
173 275 84
156 206 56
61 432 27
2 476 70
84 409 97
1 356 9
96 488 64
460 462 24
182 296 43
193 422 72
256 445 27
69 168 76
210 448 23
233 438 100
94 336 51
284 386 37
160 483 30
69 436 12
61 396 88
163 344 75
101 443 66
196 364 11
100 400 93
454 464 94
90 493 71
77 422 62
10 418 82
13 398 4
327 433 38
276 320 10
307 498 79
142 409 74
8 19 57
118 266 37
359 462 6
196 304 61
303 386 77
74 407 75
26 207 2
114 205 38
46 187 31
132 220 90
152 319 72
136 367 16
15 341 96
16 420 87
32 344 45
130 252 7
133 363 45
42 74 28
78 197 96
383 406 86
44 451 28
53 277 87
76 330 64
193 421 70
392 397 95
52 498 57
286 364 67
324 343 75
8 233 24
408 422 66
23 72 20
42 225 15
162 228 23
410 454 37
140 238 39
175 326 93
319 400 71
243 256 33
8 238 76
184 469 90
200 466 2
154 455 41
71 463 47
36 242 8
407 437 60
189 432 17
194 237 25
334 477 92
8 31 66
77 391 19
100 105 50
34 84 49
143 341 56
44 303 22
164 306 68
77 294 93
150 406 35
99 211 6
48 496 24
97 332 20
19 416 55
81 364 9
350 373 69
34 451 85
87 252 53
73 251 15
93 273 58
288 359 93
266 367 59
271 433 28
1 289 45
69 484 84
6 483 97
309 315 43
203 209 31
161 237 77
114 471 31
359 368 15
21 179 26
162 306 41
52 417 13
356 430 72
426 466 55
298 470 90
30 131 14
182 446 29
364 457 100
32 167 37
153 310 82
263 462 89
1 371 92
216 392 29
156 261 43
158 275 55
166 280 78
9 168 82
336 437 1
67 327 46
12 170 17
137 315 12
144 384 28
174 408 13
354 438 90
156 395 47
15 321 19
52 97 16
438 450 93
92 327 28
167 342 67
223 440 97
33 295 56
143 211 90
339 396 72
1 312 60
348 457 7
174 328 5
223 378 66
31 498 20
195 432 5
47 70 80
83 111 80
155 483 51
129 465 3
40 62 2
223 314 95
49 284 99
130 356 49
84 177 34
70 483 90
17 66 1
103 476 47
73 154 13
383 434 32
117 318 66
322 470 87
345 432 69
121 475 36
172 396 44
14 230 39
4 225 46
340 377 85
154 173 89
167 490 1
92 431 31
84 407 26
113 126 42
167 464 40
61 437 64
216 387 15
47 405 39
56 338 73
31 425 39
302 492 37
193 203 89
354 367 71
118 297 46
199 255 39
148 375 27
148 272 90
8 484 49
156 242 96
3 219 41
96 194 83
49 96 98
155 210 93
63 315 4
361 476 9
29 326 78
12 253 44
254 377 10
104 197 65
154 316 64
389 419 54
260 297 45
61 216 62
288 349 91
383 421 64
121 272 53
394 423 39
268 286 53
342 424 24
73 194 26
426 493 80
190 231 97
290 294 16
4 181 95
222 261 88
401 406 28
8 396 82
82 335 38
320 431 22
95 361 94
341 366 7
21 42 100
372 374 16
195 404 42
24 180 93
365 455 94
44 446 8
51 365 20
334 490 30
230 492 62
175 444 40
114 452 83
254 351 74
24 186 17
165 319 81
330 369 17
106 335 18
384 453 39
41 300 47
100 303 44
37 461 10
268 382 6
72 104 94
111 430 95
460 475 31
207 391 34
123 150 59
291 434 70
129 456 82
41 436 81
349 490 68
231 280 88
284 380 91
2 137 97
91 254 19
217 319 35
383 422 6
113 153 52
33 443 54
170 336 12
123 353 59
41 332 10
12 202 27
308 419 9
197 430 42
385 428 83
35 311 85
96 296 86
44 264 35
266 359 94
4 320 84
206 363 65
215 217 83
259 400 79
276 393 61
26 289 31
56 281 89
75 281 11
392 471 81
60 388 5
86 247 2
218 347 78
68 422 37
83 300 5
390 449 91
344 424 91
374 469 67
432 492 6
43 256 36
261 309 37
139 199 36
167 262 68
13 468 92
153 319 87
307 448 85
146 269 34
87 340 57
134 249 94
343 403 32
113 389 36
362 448 68
137 276 77
51 155 53
83 297 81
214 270 100
28 409 38
217 243 23
207 481 20
53 475 3
59 258 14
331 368 29
229 481 16
328 452 2
215 296 72
284 286 89
251 428 78
78 406 8
262 491 11
100 114 21
12 400 91
382 440 35
128 214 25
64 83 92
46 361 1
201 328 78
190 327 6
160 348 53
369 449 100
438 471 77
35 263 88
425 460 32
135 166 28
270 451 61
307 380 65
94 196 78
281 307 94
203 427 42
81 233 31
456 467 60
127 491 60
138 288 32
92 388 47
373 381 66
318 349 50
86 461 94
50 217 52
306 456 7
68 433 59
176 325 55
85 197 31
255 340 28
13 477 84
303 347 27
193 385 98
215 364 20
225 302 87
145 468 75
40 145 95
191 246 46
154 155 55
2 253 49
162 217 94
41 237 29
16 30 22
128 315 97
138 285 44
176 238 99
114 122 46
115 216 68
28 142 62
68 155 7
373 480 47
231 383 92
116 475 6
250 383 16
55 473 84
22 351 68
380 420 12
197 308 37
15 29 78
380 391 38
80 445 45
128 396 32
127 195 92
162 298 96
296 432 38
66 92 24
215 282 2
122 205 56
118 127 35
391 473 81
244 384 71
144 357 30
224 245 74
2 70 57
19 410 2
63 376 49
123 372 3
201 248 36
23 79 50
46 458 83
143 380 77
9 261 10
374 421 27
84 118 91
37 186 64
462 478 33
175 226 42
159 309 51
277 397 92
172 392 83
332 333 100
85 418 52
131 341 68
105 256 82
84 209 58
207 338 55
41 460 71
37 66 71
253 471 17
126 178 74
93 281 23
264 450 11
343 438 12
93 282 44
156 214 58
178 364 95
113 441 16
362 494 24
171 290 30
15 88 53
38 249 83
35 97 8
390 435 75
131 148 98
204 280 40
217 464 80
83 477 51
155 387 100
3 333 11
259 359 98
382 404 26
207 384 51
99 133 58
133 222 89
206 281 45
93 384 83
131 154 21
266 269 63
56 169 87
110 485 51
32 176 19
310 368 83
161 225 62
419 422 39
121 487 43
143 353 9
329 403 97
58 462 20
406 481 70
10 403 81
54 475 44
192 472 63
170 193 58
361 492 55
377 388 34
62 310 29
169 463 4
238 453 72
187 340 32
65 346 59
118 193 91
358 368 93
108 111 18
116 447 47
144 232 18
284 338 85
327 359 46
99 116 6
30 447 18
28 374 73
271 432 53
151 257 47
118 446 29
74 147 73
181 474 83
198 244 32
237 476 14
89 492 92
198 348 95
185 403 47
32 206 27
244 256 84
324 386 90
491 494 29
108 168 4
252 338 31
136 161 35
349 452 64
224 459 3
31 480 57
290 291 51
340 465 26
36 431 33
284 397 86
3 328 53
106 318 33
14 361 73
228 286 12
165 386 8
185 296 70
24 83 40
218 335 13
29 101 40
267 329 20
377 380 18
91 351 27
82 224 56
52 369 98
149 435 66
27 308 60
232 483 8
66 418 91
208 478 93
67 320 90
171 471 20
178 205 61
30 160 92
57 148 35
33 297 27
27 261 76
414 434 25
