500 500
0 32 54
32 40 15
40 41 70
41 45 78
45 80 72
80 107 9
107 111 94
111 123 82
123 176 63
176 182 17
182 187 71
187 198 14
198 217 94
217 219 54
219 250 90
250 261 42
261 265 86
265 288 67
288 299 3
299 310 74
310 343 64
343 366 67
366 437 22
437 447 75
447 462 2
462 467 81
467 472 18
472 499 90
144 196 59
135 342 64
216 226 91
137 164 54
159 227 60
111 440 72
124 464 91
321 347 13
158 164 67
132 211 88
28 428 16
5 229 16
303 334 90
46 50 41
119 201 34
84 330 18
157 353 88
17 304 51
28 275 75
174 371 48
351 476 47
362 429 61
232 274 54
333 451 70
246 419 77
49 405 48
245 448 54
283 378 68
175 307 61
215 331 7
49 393 10
148 290 26
207 447 35
99 139 39
148 417 89
334 343 90
265 425 76
223 262 74
85 470 95
207 348 62
78 308 29
247 428 37
211 402 36
23 237 35
31 397 66
51 219 89
280 473 20
331 447 60
55 67 67
176 371 54
110 307 61
60 271 21
110 151 25
91 148 65
378 417 38
136 448 99
289 384 27
253 395 72
31 475 9
338 440 58
192 333 15
324 334 85
43 64 50
240 324 81
207 407 80
4 386 50
36 156 85
41 334 3
188 373 10
374 490 68
135 306 59
134 433 32
86 457 94
210 396 73
60 157 72
133 136 48
11 383 56
168 225 8
329 338 87
164 289 91
19 57 37
105 265 71
203 346 67
23 392 38
50 490 44
218 275 85
200 227 79
78 394 15
322 493 33
248 385 9
272 421 87
38 81 89
208 289 89
165 493 55
99 483 18
319 407 96
295 357 1
376 441 20
33 464 25
303 482 69
297 474 17
146 274 76
22 426 63
73 257 77
336 352 5
118 198 68
249 438 95
166 345 43
365 464 72
202 367 98
45 244 39
30 117 64
288 353 26
122 425 19
119 391 12
283 384 30
341 428 52
161 381 27
310 432 79
81 147 29
232 440 59
162 261 18
371 485 52
64 148 22
351 451 5
86 109 33
34 406 96
187 233 68
56 100 10
17 475 57
65 498 27
60 202 98
276 435 99
87 250 11
234 360 85
155 339 65
80 172 16
128 364 34
19 326 40
324 442 47
398 495 71
87 259 28
7 392 28
156 400 13
186 494 91
318 412 83
193 316 30
111 453 76
69 117 100
204 471 33
297 312 15
104 412 44
59 252 25
263 314 33
125 222 27
385 451 40
66 85 28
62 417 38
336 366 56
322 439 58
219 403 1
292 480 88
263 271 34
222 473 37
213 488 23
13 222 67
102 108 24
254 419 51
198 318 70
154 310 65
95 202 74
180 230 58
430 486 44
93 444 16
0 174 37
38 347 11
168 410 29
27 131 78
92 137 24
224 443 96
101 155 95
166 383 98
396 404 48
219 356 8
220 383 23
5 495 99
263 264 31
304 343 87
144 201 77
179 358 32
431 446 72
269 321 75
193 206 40
195 217 29
260 332 94
73 484 43
438 483 66
108 127 39
372 451 81
259 305 70
110 357 36
12 113 7
425 476 3
114 216 22
52 285 10
39 419 19
92 284 95
345 435 35
64 368 49
133 322 33
389 418 66
36 339 35
308 437 13
139 142 12
322 408 70
197 316 99
125 449 8
128 293 92
260 312 10
65 187 93
262 485 29
146 406 60
211 463 18
130 495 48
248 404 99
310 466 26
50 350 87
11 120 26
36 345 21
286 368 89
205 490 100
93 307 85
55 276 83
238 482 100
74 426 27
159 208 85
337 341 97
143 237 81
81 336 48
393 476 20
16 144 33
227 400 79
166 284 92
124 243 26
26 47 5
277 369 96
228 465 43
365 407 57
153 184 65
73 216 19
103 389 14
142 215 83
427 487 35
156 204 31
103 286 1
191 316 74
182 416 85
229 429 6
62 174 86
128 216 6
176 474 21
102 167 94
66 349 89
56 377 69
0 142 7
3 242 95
50 218 73
173 446 94
67 204 64
67 225 88
30 320 37
335 444 16
309 429 93
28 368 24
163 382 85
7 237 93
135 274 47
122 139 78
136 391 47
79 178 42
19 181 41
169 495 40
230 324 30
212 387 63
92 303 65
427 461 17
150 384 13
270 300 48
271 346 7
328 403 86
54 486 55
80 140 18
255 431 33
33 306 98
12 107 27
310 384 81
161 240 75
78 207 16
81 98 15
225 393 3
7 241 25
28 257 21
78 139 74
164 426 98
31 39 40
306 338 71
0 308 14
34 421 94
338 365 22
428 494 58
203 378 58
60 453 83
109 113 40
86 244 80
433 487 58
10 465 45
138 455 18
250 475 51
54 430 4
383 443 88
108 360 93
153 399 72
252 391 79
46 334 69
284 485 93
7 139 74
116 249 30
321 477 14
80 93 35
131 314 16
118 276 11
362 498 79
252 486 64
64 491 7
31 443 30
316 397 3
312 428 37
332 392 75
132 311 69
239 367 10
319 469 72
260 404 21
213 427 8
241 359 2
398 470 95
276 332 62
91 278 58
141 384 72
179 416 97
96 495 10
105 464 37
170 353 36
381 448 18
23 397 20
61 438 78
12 353 25
94 489 39
224 233 56
177 357 84
34 397 19
237 284 89
113 458 2
83 246 59
113 146 91
358 494 73
418 477 45
154 266 22
185 412 46
321 471 30
251 398 9
432 468 89
69 200 13
94 213 4
301 400 82
161 400 59
482 488 76
334 428 6
154 175 76
184 311 53
247 455 23
60 344 14
160 485 81
10 45 7
15 204 71
162 232 17
47 427 43
316 356 84
232 299 93
12 142 80
363 411 82
28 349 85
288 375 41
33 409 98
25 61 84
133 177 99
421 451 11
72 103 82
280 352 16
361 472 86
61 271 21
66 240 52
230 377 35
206 208 21
208 211 75
307 455 48
35 451 23
193 375 28
29 382 99
119 353 75
49 81 15
106 172 44
185 225 66
284 420 55
183 464 88
256 455 2
382 429 4
134 245 14
105 303 57
189 497 93
189 370 2
59 112 64
47 199 23
325 360 98
44 265 7
94 371 53
233 333 93
145 234 51
84 192 90
5 432 46
34 110 2
327 493 92
49 379 40
230 416 36
190 488 11
99 485 91
326 373 93
244 298 82
94 431 8
32 430 69
25 293 2
168 370 98
183 426 9
118 388 10
8 374 37
146 306 21
6 465 12
16 18 36
276 426 75
144 309 88
274 484 63
12 36 79
24 288 22
247 374 50
202 467 40
248 291 42
249 493 2
139 264 1
1 388 22
439 469 55
20 324 19
63 164 33
222 319 41
181 245 76
79 236 7
187 295 42
21 234 91
136 151 61
16 171 10
36 204 7
234 489 39
109 269 18
301 490 46
