340 1000
0 2 70
2 17 46
17 43 62
43 61 34
61 77 25
77 88 2
88 99 42
99 125 46
125 130 85
130 145 44
145 163 86
163 176 92
176 191 95
191 195 55
195 196 22
196 217 70
217 230 69
230 242 6
242 246 74
246 281 4
281 294 22
294 317 19
317 319 40
319 329 77
329 339 52
16 76 91
41 168 37
68 166 92
83 183 28
171 283 58
21 55 31
52 307 57
49 118 98
216 293 90
55 102 34
93 152 55
225 231 69
144 328 87
222 284 93
325 337 34
96 214 93
102 313 40
209 279 33
106 126 97
23 269 33
161 200 10
75 298 15
109 157 30
58 155 51
139 268 53
72 106 75
40 150 45
94 127 4
196 253 4
158 315 37
204 295 67
19 333 16
157 339 82
90 151 84
26 91 21
125 253 10
156 267 46
36 144 51
161 268 68
211 264 77
39 79 78
145 258 22
134 311 88
93 126 22
4 7 33
123 246 69
166 182 86
199 247 73
28 92 62
17 57 3
33 41 16
41 179 60
201 284 68
174 220 61
8 259 96
84 214 26
37 98 19
66 338 61
105 170 5
27 137 28
228 276 25
222 307 47
134 234 45
40 277 39
102 107 58
54 181 15
6 55 76
243 257 14
137 265 2
230 332 38
61 290 15
92 333 99
11 80 22
89 242 72
23 333 54
115 187 42
288 316 7
96 322 48
4 126 77
287 326 62
60 210 46
18 92 55
39 331 44
101 108 91
306 320 78
252 287 96
53 72 11
36 284 67
128 175 17
33 163 76
208 264 2
80 185 9
85 101 43
165 246 18
98 286 92
15 40 63
104 318 54
19 252 81
117 133 41
141 170 6
80 165 89
175 310 9
150 156 30
175 203 26
43 219 73
18 156 38
256 303 53
225 257 48
67 77 18
182 219 63
1 116 4
136 232 59
182 223 55
147 232 20
68 328 97
154 175 45
64 210 61
65 134 65
62 141 52
135 201 82
153 284 26
29 327 51
22 250 15
108 222 12
28 251 17
1 106 44
193 248 89
65 135 24
29 291 65
42 69 82
178 339 69
43 204 36
179 260 26
41 54 9
141 227 82
231 258 39
243 258 46
102 300 96
53 114 51
13 324 32
251 336 20
169 297 71
127 231 26
62 205 85
53 69 6
42 159 83
229 298 35
119 281 45
67 257 79
122 168 18
56 118 81
306 316 33
102 288 67
221 284 33
234 270 38
82 152 73
101 103 22
275 305 30
218 240 51
64 318 44
193 258 93
233 328 38
170 237 52
78 205 89
247 321 64
124 277 80
153 250 45
40 113 69
152 180 85
92 118 94
18 188 93
231 339 82
157 237 43
36 156 22
39 149 94
187 303 3
31 148 87
161 187 50
248 291 29
131 260 22
52 250 65
134 199 7
108 202 51
122 244 19
138 181 51
62 298 49
131 267 42
190 240 52
18 152 61
164 202 62
100 227 42
44 87 66
5 27 91
187 229 36
48 67 14
106 157 99
1 195 43
111 274 100
49 237 32
27 67 60
70 190 20
21 86 4
128 296 4
17 186 74
187 275 97
155 259 29
9 190 11
279 326 15
80 289 10
165 307 99
37 45 53
21 186 54
64 338 81
10 257 29
108 306 65
112 230 39
63 101 55
240 304 51
179 271 73
225 235 38
76 304 51
23 33 32
219 235 34
2 105 39
93 199 78
20 250 82
36 132 65
132 320 18
300 334 84
201 249 19
29 225 89
77 203 100
31 277 50
104 198 42
211 314 25
22 28 13
177 305 23
37 315 67
7 12 99
27 124 1
197 269 43
99 259 53
71 227 79
148 288 82
66 266 75
248 313 6
65 143 15
94 102 65
251 274 4
228 310 84
29 260 91
150 272 59
250 303 41
195 269 31
71 130 89
83 227 72
65 187 98
203 333 72
68 118 72
277 337 26
165 276 27
281 299 14
16 80 41
52 93 65
216 335 80
149 291 71
160 172 87
228 298 92
200 218 19
85 314 5
169 305 24
218 325 3
24 334 81
136 278 31
171 258 69
251 318 56
3 25 54
215 279 1
57 210 85
10 140 77
170 259 90
228 250 50
18 191 95
45 158 10
125 199 26
97 122 36
50 52 72
12 326 6
23 52 97
133 153 81
32 279 78
248 250 51
129 281 72
135 195 57
50 276 26
60 145 60
5 113 98
214 231 51
129 141 79
9 78 34
5 33 74
122 255 64
48 291 88
31 119 43
187 338 96
140 327 47
95 233 24
50 210 35
192 211 77
65 236 31
83 291 17
87 228 92
193 265 25
162 175 77
66 137 53
244 288 89
13 60 37
215 227 80
105 146 8
302 321 29
239 280 55
65 220 21
113 169 3
65 186 46
155 330 17
135 235 99
209 278 50
157 212 100
95 327 34
272 315 63
93 179 58
215 249 19
144 327 30
225 256 87
32 247 15
162 234 31
78 122 89
99 209 93
118 262 49
72 155 96
111 251 53
187 219 94
152 198 54
119 175 58
65 82 3
128 247 58
172 315 85
216 234 93
74 240 51
252 286 50
51 145 95
63 311 100
60 315 38
59 224 65
72 281 51
20 260 18
160 305 42
201 324 20
138 147 66
166 319 52
6 23 50
199 279 83
154 243 2
90 201 27
14 233 86
253 256 65
82 104 85
4 183 90
205 277 81
152 339 70
202 222 72
29 126 91
84 110 49
146 200 33
107 303 4
69 317 86
214 284 22
237 327 25
145 198 91
67 126 53
68 212 28
100 183 56
187 232 74
296 326 66
65 284 39
110 332 23
97 253 13
80 115 79
178 243 72
0 111 36
204 208 76
200 337 91
53 141 43
107 124 96
120 313 62
71 290 94
147 215 62
225 227 25
170 277 89
178 274 20
210 303 62
196 261 39
143 221 35
186 206 87
249 301 95
146 281 30
0 118 42
71 170 55
127 183 68
24 266 53
123 155 62
93 197 52
8 11 85
30 135 47
8 139 55
179 308 29
114 212 60
243 337 80
225 329 26
103 221 38
131 197 27
63 270 28
89 152 26
101 109 83
77 249 76
161 172 27
69 303 81
204 334 74
256 317 56
105 227 7
156 271 21
317 338 37
60 175 62
48 134 87
55 147 85
93 218 43
21 33 94
19 221 15
18 91 42
36 97 74
119 135 85
64 322 40
125 162 4
85 287 10
40 318 86
6 327 63
224 260 98
68 284 67
84 234 60
59 187 88
199 235 54
19 150 29
308 316 63
148 210 39
3 13 55
85 302 72
128 237 7
131 165 82
226 295 32
171 184 96
85 164 25
41 229 58
184 265 29
185 257 27
40 70 60
103 330 59
161 315 18
0 319 42
16 297 45
159 287 37
72 148 20
87 112 40
285 339 33
74 81 50
44 49 2
65 92 6
302 322 73
5 267 23
27 299 79
295 307 49
249 281 81
45 113 14
62 145 86
8 195 92
4 235 82
63 77 68
149 305 80
291 316 35
242 287 93
187 254 26
23 182 52
102 206 59
63 330 63
143 220 86
16 249 76
171 236 55
47 229 74
109 216 9
298 325 21
42 114 54
47 335 51
4 163 33
216 269 16
71 204 83
81 169 41
94 325 32
30 322 38
33 99 2
21 256 36
112 206 6
129 307 36
205 319 41
98 214 93
88 229 46
148 327 51
237 324 96
305 316 63
67 151 1
146 164 43
114 239 55
35 315 74
24 320 64
126 305 44
294 301 47
191 203 52
33 214 83
23 134 27
54 324 12
109 228 75
255 293 39
53 157 52
162 216 12
103 106 20
20 302 92
265 329 52
66 211 64
244 250 99
39 291 82
64 66 33
81 288 93
174 327 33
36 196 1
36 121 43
141 177 76
140 159 37
181 259 2
184 196 62
105 265 56
180 331 87
68 290 10
67 68 37
14 332 15
108 297 12
12 256 8
6 165 88
90 327 10
176 337 75
125 168 40
124 180 53
91 210 91
160 204 86
34 117 98
175 293 78
97 255 89
129 204 45
95 216 4
184 325 50
1 144 89
16 301 97
2 29 18
207 334 32
161 247 15
190 308 91
41 215 52
161 220 16
58 69 24
232 290 90
19 227 85
115 183 99
90 160 30
34 305 18
253 295 85
145 206 22
86 330 60
113 273 48
269 324 77
45 54 79
184 241 84
91 225 38
23 331 69
165 330 7
298 299 40
105 125 39
64 140 22
61 309 95
261 335 20
5 325 15
139 273 43
15 312 99
137 277 33
91 287 45
268 331 53
244 328 59
52 221 85
15 183 60
38 277 37
333 335 60
104 281 32
24 179 72
29 61 40
70 174 93
168 299 50
86 226 96
89 151 52
107 293 55
82 122 63
134 174 80
45 184 1
192 228 96
143 274 17
186 221 36
22 67 36
174 189 29
117 319 36
181 333 73
140 307 100
70 252 58
66 254 20
7 294 96
96 333 3
68 86 65
52 140 43
145 332 85
93 291 26
93 120 22
100 234 59
57 267 6
44 283 100
229 317 56
21 83 65
39 288 56
245 305 69
0 233 34
50 151 28
237 295 49
5 285 53
44 184 87
6 157 44
233 295 52
28 172 30
131 274 77
93 138 37
58 224 99
96 242 93
22 106 34
35 195 95
239 240 2
278 300 35
282 290 17
139 157 97
196 295 73
69 129 60
16 287 23
48 218 67
102 309 14
33 272 81
96 143 40
138 192 91
129 315 64
199 307 98
213 258 80
257 300 92
73 155 25
99 320 74
134 250 21
135 174 33
94 179 48
179 223 57
214 283 26
303 317 74
4 66 17
323 336 27
15 143 36
78 170 77
227 328 51
8 229 24
60 325 82
120 208 34
121 149 90
80 102 13
107 121 56
98 306 26
65 328 96
135 148 38
238 331 13
140 176 61
273 292 70
259 317 63
15 315 89
168 319 69
30 186 34
110 312 40
67 314 16
90 222 2
16 161 30
64 145 87
96 112 63
280 323 45
155 204 13
221 294 14
62 316 19
0 298 71
72 77 90
42 292 84
121 246 29
229 320 13
41 90 64
7 9 20
161 184 48
111 257 3
121 260 23
97 277 90
103 306 100
22 283 16
131 309 21
94 253 87
141 337 19
149 174 53
187 234 43
0 255 85
0 20 87
41 146 63
47 152 2
76 266 12
294 310 56
162 300 49
33 233 97
6 159 51
49 265 28
108 166 35
277 320 36
225 297 46
82 95 78
213 216 31
21 124 57
130 267 86
128 168 6
34 331 35
54 288 57
131 255 5
40 50 100
186 239 66
45 290 27
134 210 4
41 64 86
53 90 20
8 46 46
6 18 32
89 245 29
266 267 94
107 194 16
186 335 90
131 232 44
268 336 25
128 257 86
6 98 61
51 289 22
118 125 61
7 325 9
125 173 76
139 325 11
164 221 57
232 247 69
178 181 59
186 249 28
39 56 98
52 138 77
75 150 31
141 207 59
96 289 95
200 267 15
181 250 6
122 338 64
1 183 24
201 327 61
267 270 96
114 230 37
33 207 14
225 319 57
22 187 73
203 322 64
187 259 45
164 212 95
88 177 11
15 17 61
47 310 53
83 100 41
287 338 99
204 205 81
137 154 31
167 207 43
64 147 57
58 285 26
170 188 24
116 291 20
26 82 48
136 312 22
107 114 21
279 282 12
136 276 43
85 301 84
65 154 9
228 243 43
40 165 72
24 268 61
6 305 43
17 260 86
315 316 35
217 253 85
121 254 37
101 146 12
19 72 65
53 246 65
118 306 15
9 169 46
64 196 54
76 114 3
103 153 2
189 278 40
18 259 22
2 294 48
112 123 66
120 195 90
87 234 5
74 164 25
263 325 25
19 224 43
32 306 74
71 175 13
70 267 63
222 282 45
205 335 29
34 119 58
108 338 72
175 187 37
131 337 28
19 326 62
103 217 86
16 112 67
44 222 75
123 151 14
84 256 70
6 54 3
119 214 34
31 115 52
40 308 96
58 112 22
14 285 21
103 288 50
18 41 46
96 258 47
204 309 26
128 173 43
36 315 72
109 150 44
109 185 61
72 143 35
236 286 4
251 327 88
184 206 74
72 219 71
225 247 72
7 324 16
139 264 89
26 27 15
130 228 37
234 330 71
14 263 69
79 119 8
3 38 28
123 194 8
21 220 38
76 330 74
301 312 60
178 233 99
26 40 62
33 198 66
3 181 53
190 285 17
78 241 77
29 190 29
126 222 5
3 204 30
285 286 74
144 169 77
95 151 97
35 198 55
210 314 44
3 178 57
241 288 16
110 135 15
183 254 25
239 306 60
132 201 17
7 335 39
49 211 89
110 330 12
19 307 72
45 144 79
22 215 46
28 109 54
159 261 28
47 204 5
198 210 34
124 148 77
170 220 50
130 175 76
49 171 10
215 222 25
223 267 98
26 275 66
12 267 19
66 221 23
254 332 66
44 332 1
51 256 49
206 276 29
21 222 29
242 322 99
68 174 32
23 276 45
167 283 74
41 291 92
150 308 29
228 320 68
209 243 8
108 145 4
177 213 18
14 120 50
101 136 20
92 127 97
136 148 3
4 286 18
142 266 31
129 134 12
9 328 8
31 146 35
212 292 82
323 334 34
164 207 35
3 309 13
61 190 50
139 331 23
214 338 64
313 326 49
261 287 8
68 294 18
30 290 91
56 272 52
36 249 42
315 338 1
48 174 20
123 235 16
21 68 86
141 285 79
198 253 58
265 337 64
175 214 55
112 305 68
144 250 18
268 291 38
100 146 12
7 179 91
34 288 1
62 156 56
