320 1000
0 153 62
153 154 67
154 173 29
173 186 31
186 222 83
222 231 66
231 270 69
270 298 64
298 299 15
299 319 83
153 187 11
76 133 78
64 84 3
71 82 48
197 270 87
51 272 60
280 292 91
74 197 38
189 303 32
50 300 98
7 277 39
38 115 47
218 316 97
9 200 52
15 89 59
31 277 21
186 282 92
276 279 65
262 296 17
261 292 90
73 299 23
109 135 12
38 158 63
131 226 70
198 222 27
298 308 56
210 308 73
132 209 56
195 284 91
21 63 8
266 270 89
205 245 65
73 135 46
218 314 51
59 277 53
54 202 29
50 317 46
67 109 77
263 276 7
73 235 2
115 198 84
161 297 60
146 216 87
15 74 61
302 310 74
242 245 48
75 178 78
218 252 73
176 260 23
91 244 81
263 273 72
58 270 3
24 37 99
43 175 10
217 294 49
198 209 48
4 253 57
27 38 56
4 192 98
16 196 63
18 146 55
56 127 83
26 87 5
95 241 38
13 221 20
19 170 8
73 267 27
111 241 51
223 292 29
57 99 54
123 173 12
153 307 47
16 272 16
75 131 20
2 27 80
121 278 12
248 284 34
97 309 83
7 142 69
114 216 95
35 267 8
21 305 64
85 133 96
193 292 63
136 242 79
78 134 98
3 220 42
17 306 11
19 276 3
44 219 66
149 278 92
128 212 82
97 203 16
68 74 100
149 270 61
20 23 15
59 101 91
101 141 10
313 318 58
14 217 65
1 176 69
75 264 30
166 194 94
149 246 79
101 189 18
48 149 96
245 301 47
3 172 61
45 198 73
74 305 79
34 201 48
296 297 71
53 244 76
269 306 64
249 282 92
13 250 97
254 316 39
0 93 59
109 279 75
138 292 9
70 265 98
26 78 97
50 206 56
47 285 14
83 245 92
176 281 72
293 306 22
43 166 94
274 307 21
99 135 92
7 254 98
85 126 68
145 249 62
146 182 32
101 225 89
19 155 71
107 265 53
7 21 61
61 97 30
9 147 7
26 253 12
62 194 82
55 170 49
83 280 67
93 247 11
203 269 24
277 295 8
244 266 90
133 250 52
26 262 26
48 286 67
84 201 68
115 134 29
223 272 5
161 249 12
53 76 73
39 249 34
5 186 4
59 276 87
126 210 96
141 239 33
19 190 30
53 204 77
46 227 15
43 127 40
93 146 76
30 240 23
104 127 60
126 224 68
60 247 4
92 266 79
142 286 12
22 136 26
2 298 88
17 181 68
40 127 26
58 92 30
14 252 2
55 156 100
2 316 22
50 193 12
34 172 28
102 103 39
20 25 96
117 235 45
22 198 39
192 270 68
207 243 34
49 280 19
142 271 46
133 145 44
209 245 45
47 167 7
44 79 45
23 298 48
119 167 95
108 177 76
165 232 99
125 233 33
33 219 57
43 102 90
164 282 85
50 168 52
86 193 23
16 242 73
160 195 10
181 250 88
132 175 42
210 299 92
78 204 65
108 245 78
86 234 66
36 107 51
119 216 22
224 256 6
130 231 85
163 191 4
20 185 83
90 143 56
162 286 75
40 162 73
23 67 31
102 137 68
50 256 69
85 266 52
39 271 70
228 253 98
294 297 31
277 281 28
139 218 3
111 180 60
168 267 11
73 151 92
40 161 38
165 289 90
75 319 80
159 259 19
51 309 49
91 163 41
53 290 62
132 214 9
168 289 6
22 95 7
146 218 88
95 186 49
119 130 22
3 157 49
16 198 97
39 280 42
87 257 18
144 215 44
45 304 70
136 214 84
117 229 6
124 242 78
269 288 79
58 174 46
20 309 13
103 217 87
49 83 81
70 189 97
298 309 12
13 181 69
58 178 83
199 213 99
41 178 43
72 203 41
174 234 3
27 112 46
22 53 28
9 287 30
239 283 13
60 139 49
245 313 20
156 227 8
86 151 83
185 249 80
124 279 36
40 175 41
101 133 31
312 317 64
37 258 92
114 220 65
74 277 2
17 169 69
47 256 44
136 215 17
5 62 10
109 171 85
47 73 14
32 54 26
139 304 51
92 139 95
72 312 11
192 284 98
16 19 39
40 81 41
51 190 41
192 196 83
48 112 35
137 291 89
31 279 89
199 233 70
57 155 24
245 302 95
114 270 3
121 263 96
180 312 72
177 213 12
1 94 14
289 293 51
231 314 83
51 118 50
111 161 100
146 157 75
128 166 63
46 122 79
153 202 90
46 305 61
70 242 98
175 252 40
14 303 74
177 190 96
52 72 13
12 293 70
45 174 82
17 38 26
26 132 49
117 261 47
186 250 8
258 318 70
6 148 98
97 129 50
60 232 50
246 319 32
146 178 44
125 234 16
59 200 70
141 271 40
172 218 15
17 176 62
79 92 80
20 251 38
64 211 67
79 219 21
182 314 6
45 200 54
53 185 3
39 80 96
166 260 89
10 266 85
135 293 77
125 133 17
19 219 68
238 295 69
206 225 69
34 317 92
8 134 47
91 155 64
175 259 52
180 317 2
124 180 3
172 233 63
110 162 44
23 109 91
276 286 19
218 249 41
116 276 49
210 306 73
167 285 66
202 293 52
82 124 77
196 300 26
119 190 77
76 232 57
48 208 74
122 147 83
102 285 67
82 120 14
225 234 1
202 296 27
201 233 90
180 287 69
77 139 19
69 173 17
117 283 15
107 293 89
261 298 56
140 230 49
115 225 50
149 237 95
11 69 42
102 238 71
117 192 91
26 245 81
170 236 19
11 318 22
159 185 22
138 269 25
97 148 96
260 278 22
223 293 10
50 214 93
40 100 72
202 246 87
99 219 97
132 303 100
85 161 19
148 246 52
192 264 58
16 143 97
139 292 12
45 258 39
5 145 85
184 248 75
180 256 35
302 318 63
150 174 1
120 255 100
132 281 6
5 256 3
135 181 22
216 246 68
109 251 19
55 307 9
136 208 27
112 216 55
28 78 32
132 261 84
52 59 25
55 312 30
20 204 81
181 295 24
52 132 38
34 149 95
66 93 62
91 255 27
159 164 63
146 307 61
122 208 60
217 308 68
38 279 1
16 225 38
5 153 81
216 231 67
75 286 9
90 233 48
161 271 70
110 256 12
84 313 2
114 116 56
266 288 4
1 221 99
260 285 76
247 263 64
151 308 27
216 306 62
274 278 56
176 215 94
307 315 40
93 231 54
181 298 20
190 242 73
99 197 56
123 222 16
45 189 57
95 316 75
173 317 3
96 149 25
32 297 13
54 121 48
58 234 40
7 50 82
6 113 32
4 260 48
237 288 61
80 155 61
4 278 81
226 231 18
71 167 7
27 263 97
282 304 19
68 255 66
160 307 51
142 239 64
15 126 55
188 244 34
191 283 77
105 301 36
255 277 90
57 202 26
142 153 71
141 261 28
115 288 67
65 83 47
25 287 14
186 226 39
92 195 38
152 203 56
182 295 77
272 316 45
31 315 27
0 94 43
66 72 11
89 151 36
60 312 94
28 29 100
250 279 88
166 211 8
132 240 84
64 77 87
117 282 83
136 166 6
29 169 34
82 85 49
116 222 93
110 301 24
145 178 79
12 269 87
21 251 6
135 241 61
115 308 63
109 267 45
4 59 45
169 313 2
21 218 13
49 205 8
101 269 92
34 254 7
30 50 85
95 119 28
107 256 77
54 298 79
39 176 84
62 284 10
59 80 40
91 311 85
14 180 82
0 9 57
88 238 77
120 299 92
23 120 26
8 286 67
47 103 12
235 267 7
30 138 75
72 252 25
186 271 96
12 275 73
56 225 81
189 214 100
39 200 54
140 262 53
19 59 32
39 119 38
89 251 16
55 232 4
73 154 69
144 161 23
47 294 8
54 271 96
20 99 52
123 126 87
201 250 95
115 141 14
232 281 49
175 176 67
200 281 74
149 221 34
54 173 45
92 186 25
259 294 39
95 176 42
45 288 46
162 167 38
177 242 49
145 242 31
175 274 73
96 144 10
60 206 97
139 309 84
27 146 43
103 166 64
111 124 63
20 167 94
201 267 16
31 185 73
214 295 85
155 289 6
68 173 90
285 294 37
149 272 39
162 265 81
33 61 59
32 172 62
128 174 54
166 243 49
15 171 70
9 201 63
168 288 26
14 51 41
62 161 43
36 242 30
134 308 56
69 111 80
175 183 63
190 282 6
111 240 92
21 288 94
98 191 38
155 277 40
15 223 94
175 292 72
145 167 76
158 226 86
191 276 26
63 171 93
50 72 34
80 140 56
7 111 86
228 317 21
9 166 6
52 99 17
229 305 91
140 310 94
58 222 80
138 248 9
139 264 53
39 167 34
33 109 3
132 318 47
66 154 58
73 104 50
40 269 60
76 273 98
187 278 40
221 308 23
115 287 24
77 158 23
12 233 93
29 133 98
41 266 60
218 264 39
68 277 23
188 274 66
0 231 92
107 158 7
110 142 19
39 89 32
29 218 72
219 306 100
46 110 97
44 136 67
162 204 3
187 285 26
84 194 44
98 215 49
184 185 23
248 286 73
291 305 4
47 105 66
84 98 49
37 49 63
7 264 22
189 242 58
156 249 82
275 298 59
152 197 97
160 262 82
171 269 75
219 262 76
76 205 39
65 273 7
66 213 56
248 283 72
220 228 84
69 179 4
187 297 62
34 62 45
99 134 5
224 249 69
29 40 28
46 213 4
124 251 9
107 124 34
38 72 98
105 287 61
29 226 69
226 298 3
6 59 9
186 236 47
39 63 62
60 114 94
19 227 4
94 153 84
94 97 6
80 241 74
206 243 55
102 136 6
189 250 69
8 46 87
22 318 64
154 272 20
75 274 49
52 118 85
138 199 4
87 156 25
135 316 46
31 270 70
144 201 29
145 299 100
152 189 41
147 314 17
118 138 52
234 254 32
83 183 39
132 234 40
54 69 76
84 240 83
22 273 52
196 313 26
79 224 76
39 95 4
62 226 65
132 139 94
81 87 41
91 259 45
41 190 29
146 212 90
36 235 2
176 251 43
173 236 94
77 99 8
2 106 65
182 270 43
45 109 34
22 87 35
71 186 33
33 99 58
5 116 8
83 219 13
167 221 71
19 54 36
26 202 73
83 312 48
141 196 37
4 72 31
108 305 12
80 295 71
111 187 62
28 182 47
139 188 29
27 119 78
39 136 25
27 217 23
200 249 97
26 241 13
99 237 30
13 225 82
7 298 67
177 227 10
143 239 23
18 210 7
178 285 89
153 211 17
70 127 54
200 283 90
173 207 29
132 202 10
72 73 5
16 60 88
143 249 29
4 51 32
178 278 51
133 143 94
85 97 75
210 252 32
119 248 62
24 210 35
72 172 10
82 292 68
229 298 57
192 298 42
32 61 74
108 200 86
49 143 62
238 317 69
114 138 48
231 280 52
158 265 23
199 287 95
42 304 68
204 307 86
182 185 25
262 265 95
87 138 51
169 202 37
17 85 91
131 250 92
71 144 27
4 185 49
104 265 89
73 105 84
39 59 3
25 313 80
212 296 89
143 286 77
199 263 91
127 214 74
68 207 2
124 205 14
6 15 59
150 195 21
44 180 17
14 153 26
43 87 70
78 283 84
151 303 87
12 263 76
255 278 17
16 296 2
149 216 31
54 282 19
95 220 52
268 277 83
14 196 21
139 307 61
2 198 6
34 198 26
257 309 59
73 229 97
97 284 83
290 296 100
45 240 12
131 228 27
198 243 64
122 273 13
47 274 83
28 270 16
181 258 20
57 129 57
268 289 67
38 154 60
24 124 79
2 141 26
114 174 57
58 167 64
126 308 8
46 104 97
4 163 85
100 273 27
74 307 66
124 301 37
88 107 38
221 241 9
32 274 34
259 301 33
213 305 21
23 85 60
24 161 8
28 185 88
63 115 51
235 308 22
126 316 58
35 138 6
73 274 10
75 236 65
52 197 21
127 274 74
49 286 49
146 205 21
57 118 53
149 255 5
102 242 33
28 180 86
276 290 25
6 8 58
124 240 31
271 301 76
126 180 69
67 79 97
210 246 47
206 231 59
26 83 52
306 313 4
11 15 81
33 70 30
269 289 94
157 277 3
24 285 67
25 31 4
5 244 73
9 174 18
57 273 25
13 296 27
128 255 12
76 183 51
4 48 22
13 227 32
246 309 52
88 141 92
227 246 64
81 251 42
265 266 89
36 194 100
105 274 17
261 265 27
209 241 85
43 45 89
193 263 86
49 169 80
77 125 56
27 103 50
92 258 62
93 315 68
231 301 52
247 261 18
110 243 68
13 56 35
93 215 54
92 304 59
157 263 40
82 230 96
172 193 65
20 267 79
124 224 27
43 47 54
52 241 11
110 189 39
180 278 75
10 263 50
117 319 70
77 198 18
88 253 31
239 282 11
55 256 57
95 306 66
208 274 98
251 268 46
170 279 24
34 263 71
24 33 20
10 146 44
12 203 83
82 221 74
233 291 36
161 260 76
220 291 100
165 259 42
107 162 42
39 120 66
123 134 50
82 152 56
105 217 94
156 272 54
3 81 64
61 79 12
162 165 40
88 310 39
102 127 7
100 242 30
55 126 35
122 193 74
115 252 65
81 192 70
192 251 59
27 49 83
222 289 23
224 233 33
53 296 40
80 204 47
54 64 32
93 302 84
25 64 91
180 202 34
114 126 9
254 268 95
140 175 53
210 285 80
220 288 6
67 306 16
202 252 78
31 42 36
31 254 96
75 112 4
151 214 52
104 166 78
83 278 43
115 195 85
52 233 15
