880 1000
0 3 14
3 22 50
22 31 45
31 45 39
45 50 23
50 51 16
51 56 86
56 67 72
67 87 53
87 93 38
93 106 60
106 129 96
129 142 100
142 153 58
153 154 65
154 160 77
160 161 68
161 170 33
170 171 74
171 176 74
176 197 47
197 212 23
212 216 18
216 219 69
219 232 60
232 234 21
234 237 3
237 248 82
248 253 53
253 290 59
290 295 72
295 319 41
319 328 34
328 340 64
340 344 2
344 373 29
373 390 68
390 401 97
401 409 86
409 416 16
416 419 48
419 425 7
425 446 41
446 455 96
455 468 71
468 480 47
480 498 63
498 519 42
519 537 79
537 560 35
560 563 61
563 564 52
564 566 72
566 568 7
568 588 50
588 595 83
595 599 12
599 603 60
603 619 19
619 621 62
621 626 72
626 648 51
648 717 58
717 729 66
729 737 65
737 759 66
759 774 87
774 782 18
782 789 63
789 790 85
790 811 78
811 814 31
814 816 54
816 818 21
818 828 45
828 834 33
834 841 18
841 854 37
854 856 6
856 865 50
865 874 93
874 879 78
343 356 19
91 595 92
58 556 49
92 725 36
190 506 64
190 214 4
17 710 65
30 467 54
41 832 28
151 768 62
65 775 21
638 665 62
66 73 76
313 843 6
513 687 47
302 704 94
86 594 58
9 526 93
42 867 38
76 379 87
70 87 26
588 744 13
299 522 14
396 545 20
66 434 25
762 802 84
100 360 26
67 211 81
186 208 32
32 510 53
125 682 22
716 781 9
232 482 88
159 166 41
255 318 7
274 370 47
564 764 31
300 504 78
321 679 87
220 377 50
680 830 67
54 154 63
362 526 65
104 203 70
64 279 21
36 136 33
211 832 89
143 793 54
295 599 59
243 338 90
46 874 37
549 585 18
552 835 11
17 755 2
103 844 90
264 410 8
102 286 57
146 801 1
87 539 36
470 548 49
112 412 72
308 454 90
333 612 74
46 751 85
66 702 35
387 749 4
103 636 2
438 657 10
40 441 38
113 325 80
118 553 77
597 760 59
155 744 79
45 198 56
608 700 96
75 295 98
8 267 23
609 684 21
437 777 87
426 479 98
58 866 95
455 632 15
599 787 22
72 85 16
423 444 62
229 594 24
782 855 96
124 406 76
86 238 25
169 853 50
93 878 38
318 766 48
348 737 79
153 602 80
471 668 53
46 852 75
40 237 11
292 315 38
229 748 55
165 590 15
637 865 79
298 488 4
246 720 53
497 655 12
247 438 1
142 628 20
252 360 5
58 718 45
127 451 96
107 164 56
367 473 60
127 149 96
253 721 73
356 373 89
248 879 66
269 551 36
6 40 10
432 450 56
96 592 58
15 500 92
468 829 26
643 672 16
384 756 61
343 827 1
53 119 60
123 730 7
335 796 53
410 565 57
346 561 18
235 742 81
249 674 84
346 647 27
23 260 28
659 869 44
257 545 49
295 370 11
136 263 60
159 508 32
42 698 53
388 649 41
544 741 91
53 576 84
400 588 35
105 831 82
760 834 72
488 601 14
84 505 40
86 430 96
570 657 36
186 804 89
99 522 37
494 518 29
14 353 82
15 106 58
702 706 77
388 745 77
28 719 22
452 752 38
291 780 96
178 664 99
222 727 68
10 388 42
534 762 50
14 472 42
165 722 4
164 717 3
481 877 35
296 602 52
74 553 40
521 696 100
226 733 59
361 857 4
36 771 86
185 590 36
218 285 51
645 786 74
118 306 37
238 549 40
652 736 46
164 499 18
497 596 85
478 630 94
223 731 61
737 747 53
405 516 38
42 761 85
664 849 96
9 278 85
632 734 2
535 727 35
105 239 38
26 849 14
326 715 11
216 324 80
765 867 73
379 484 56
117 629 57
78 838 94
234 511 6
296 872 94
314 758 63
120 714 45
481 543 15
357 573 86
76 374 90
28 101 81
421 630 10
553 609 80
482 834 42
698 869 63
221 230 26
269 687 19
166 315 69
636 651 4
239 867 95
682 693 68
684 713 4
272 549 97
152 795 78
137 822 43
327 436 24
198 339 75
402 557 72
95 479 32
65 144 4
570 814 44
751 823 97
317 716 30
186 777 91
55 131 41
448 623 34
54 520 89
641 732 28
27 93 18
486 639 28
549 834 30
123 125 52
461 668 66
171 615 42
197 269 83
401 522 18
431 592 96
291 674 46
12 360 2
208 787 86
32 846 5
67 188 50
110 852 72
109 545 54
311 818 18
663 856 60
57 177 44
155 722 99
215 258 34
57 397 22
744 833 21
85 208 92
508 553 92
155 766 27
425 806 68
287 785 92
185 526 58
720 729 74
587 774 15
248 292 68
616 711 28
24 553 79
482 619 27
113 756 23
350 631 79
860 864 37
387 390 87
186 484 59
26 287 33
605 792 44
286 394 60
329 773 11
326 701 16
538 556 3
101 179 60
396 871 41
350 796 3
334 340 7
428 858 41
329 806 29
237 332 36
225 718 48
103 113 97
749 847 52
333 441 4
284 807 78
371 837 69
517 805 81
274 383 93
543 758 53
117 141 15
3 245 33
378 420 62
405 855 77
273 638 25
116 660 11
446 813 17
224 583 33
289 557 14
61 284 58
185 838 63
124 530 56
182 806 62
147 375 24
599 777 49
29 837 21
247 835 28
513 788 83
388 808 71
265 857 100
64 792 36
176 671 71
630 716 98
633 865 59
147 613 65
238 486 38
429 656 98
222 700 16
348 493 21
726 786 87
258 532 77
50 515 61
289 800 47
828 868 93
294 626 73
532 703 63
162 417 7
129 185 74
582 668 10
610 736 43
50 275 56
717 841 85
230 235 77
157 373 94
148 739 93
135 591 84
221 222 98
134 188 28
145 639 23
160 243 72
227 830 1
225 267 99
76 750 38
189 564 76
488 819 5
285 615 5
12 45 15
532 720 66
112 684 100
160 265 88
783 804 2
451 861 74
226 360 34
77 190 91
309 461 33
300 326 29
288 480 44
147 378 65
356 360 34
156 426 14
337 451 35
374 512 75
145 632 69
322 394 29
100 864 75
348 754 63
223 487 57
472 772 32
82 717 32
84 300 68
9 733 99
474 709 2
335 377 31
329 561 1
359 495 87
665 717 34
574 733 29
115 540 65
155 490 96
409 524 65
578 849 73
87 476 49
473 677 45
216 638 27
260 552 6
43 287 91
333 731 51
474 790 66
521 809 71
716 879 2
225 414 89
678 766 24
1 640 15
823 860 40
288 460 1
183 596 55
259 841 52
621 789 40
478 740 6
76 197 75
350 572 35
19 50 98
455 558 64
372 490 45
168 877 6
82 400 17
60 368 55
497 861 59
480 607 53
629 866 58
512 790 78
69 184 92
194 338 55
518 533 2
88 803 28
167 777 94
222 366 83
568 865 52
516 807 60
455 846 30
689 798 7
79 441 64
148 532 43
328 551 92
151 780 50
728 855 41
35 573 84
234 860 5
233 478 25
563 578 100
388 685 86
230 667 26
4 39 66
432 733 27
161 865 90
394 448 59
150 481 78
98 294 96
138 242 12
43 527 91
81 727 66
254 428 8
291 709 20
341 348 41
454 538 76
223 390 18
16 623 97
111 821 10
473 744 74
123 402 33
529 657 64
333 419 26
34 338 11
604 843 51
298 848 26
781 824 49
703 706 79
201 572 3
268 614 45
613 853 17
45 454 17
319 512 13
331 738 96
513 532 23
531 758 90
293 730 31
22 666 45
123 718 66
88 177 9
316 730 2
83 204 98
794 873 69
265 868 75
407 749 40
100 287 72
456 835 2
145 653 66
753 869 57
267 848 78
194 657 67
555 848 18
87 755 99
292 313 43
222 504 62
563 690 27
632 793 27
164 635 51
289 763 32
341 737 19
226 327 78
280 357 93
26 624 26
386 819 27
320 339 65
394 611 9
384 504 6
547 652 46
87 649 53
73 463 45
19 438 74
47 428 13
74 750 35
83 865 43
7 513 100
349 815 70
400 461 30
266 322 91
106 637 21
385 589 85
2 190 76
483 658 7
715 817 91
671 875 27
114 276 7
147 368 77
394 613 20
200 431 37
160 196 56
168 213 56
133 498 4
568 629 25
27 173 9
104 106 60
641 815 56
117 520 98
114 355 14
376 418 57
59 869 87
687 696 15
299 876 11
266 680 18
294 704 15
578 863 1
297 795 67
148 186 51
503 817 94
105 268 88
289 419 85
151 273 42
142 858 19
284 710 20
410 576 16
507 867 46
275 488 25
695 836 2
311 479 36
308 365 98
358 396 91
272 792 30
558 603 25
574 730 80
287 831 34
147 653 25
146 392 41
465 605 33
826 872 97
125 699 31
438 564 86
19 292 22
53 623 81
642 733 9
376 479 20
587 618 94
104 176 36
231 631 96
64 829 20
191 388 33
492 524 80
569 764 79
170 326 83
379 775 67
7 335 62
68 877 11
94 295 51
565 716 23
121 784 73
91 837 97
141 337 6
480 485 83
17 128 48
110 257 47
83 524 60
239 616 95
56 291 67
735 816 98
805 814 83
149 677 23
56 824 18
661 874 89
223 393 58
222 468 89
14 796 70
172 473 53
245 842 25
326 478 14
564 845 52
52 422 75
312 796 96
66 637 37
194 845 70
120 847 32
332 685 76
623 720 74
198 391 28
460 832 25
273 310 20
456 790 57
9 180 57
470 601 68
84 502 74
230 874 11
321 836 86
457 792 23
288 598 13
165 871 84
520 542 1
290 779 95
269 631 44
483 832 60
44 234 99
638 639 60
183 594 38
437 496 15
586 700 80
175 810 43
495 505 3
4 592 98
316 516 38
65 205 100
386 668 17
714 738 6
740 799 88
129 437 37
463 834 47
290 482 51
341 456 71
295 706 18
714 856 62
420 493 91
793 841 19
803 863 99
122 418 44
237 720 97
18 416 86
474 818 15
24 106 70
640 781 65
59 700 18
344 817 16
638 716 19
510 643 97
320 561 79
524 835 42
310 396 43
209 578 67
20 599 3
562 632 81
258 556 35
616 821 87
201 866 85
598 766 81
361 465 98
485 734 55
32 313 28
183 706 78
211 320 40
150 678 54
54 581 18
366 517 48
97 649 92
338 738 44
409 541 73
24 411 19
181 784 14
686 726 34
197 690 32
49 354 62
157 393 23
10 654 93
699 847 23
326 475 68
466 697 60
97 455 34
625 848 17
372 793 43
324 731 3
392 453 5
396 601 1
543 747 64
86 252 50
13 472 66
162 523 94
519 845 95
540 816 2
480 745 37
149 205 44
62 776 64
580 790 29
344 437 77
85 475 62
240 576 88
35 838 22
215 849 10
13 542 41
398 781 49
112 487 3
285 830 63
139 836 41
11 482 76
204 682 34
188 268 42
145 369 50
254 838 66
233 601 64
572 719 78
180 606 2
0 291 48
216 589 24
664 666 54
432 625 11
245 431 73
598 857 20
316 705 44
246 315 16
485 704 30
318 673 18
425 501 68
402 645 100
71 223 44
51 479 22
164 610 83
26 450 90
670 725 11
414 836 37
38 101 97
346 370 37
2 37 33
448 619 93
299 427 33
628 743 69
74 398 18
339 429 12
246 593 70
187 735 43
313 482 22
288 655 81
337 572 65
286 796 94
215 404 97
334 611 3
157 594 83
104 489 92
338 807 75
487 838 12
21 514 7
390 485 66
568 654 98
561 772 27
243 831 68
189 258 45
73 661 39
105 460 21
622 742 53
298 846 45
15 478 32
548 717 30
258 361 81
316 507 19
142 647 86
12 269 84
22 802 1
39 221 20
694 823 17
407 858 60
699 798 83
53 235 59
46 561 70
136 228 64
67 838 34
502 794 77
13 86 81
10 138 8
282 457 97
263 775 35
262 404 82
655 867 21
148 296 13
448 801 97
201 635 28
676 876 73
72 360 4
122 553 24
466 848 5
438 464 44
364 840 19
252 757 73
49 806 75
75 855 13
451 660 15
151 625 57
352 444 93
333 670 57
414 442 46
96 333 61
56 211 18
262 813 30
42 506 69
290 807 99
213 485 55
387 649 11
782 848 29
366 782 10
184 808 3
162 534 14
756 759 57
16 602 74
470 654 85
745 760 46
354 779 71
421 514 55
289 455 38
654 714 62
218 473 95
535 604 99
68 400 35
130 575 51
119 785 44
340 733 7
167 332 76
650 820 84
138 292 7
477 517 73
35 318 58
336 545 5
519 550 67
369 499 70
63 819 62
20 230 68
371 730 32
36 712 87
200 319 87
309 673 58
485 673 37
53 564 52
57 518 80
16 771 81
71 629 13
680 841 60
32 302 59
164 372 33
324 521 93
202 533 55
312 697 62
75 189 61
57 805 15
711 743 43
12 502 39
584 602 14
332 404 11
84 112 76
187 686 97
543 688 81
243 536 28
457 821 62
43 676 85
175 703 15
209 489 35
31 765 39
679 823 58
654 728 76
281 518 41
63 86 3
521 530 52
370 562 15
471 655 73
54 243 20
478 628 68
55 595 61
702 852 20
138 628 57
159 378 17
70 303 38
84 548 66
324 330 85
518 857 13
300 589 40
612 767 40
2 763 1
72 315 21
457 492 48
422 743 33
175 452 47
424 483 51
207 247 47
81 835 22
483 519 12
380 764 58
306 779 10
53 294 98
270 272 63
73 748 63
493 842 75
300 365 48
12 267 41
26 460 31
501 728 82
88 234 76
8 214 73
260 602 53
136 447 35
192 255 13
36 206 39
235 455 35
