2640 1000
0 15 12
15 16 24
16 17 44
17 18 77
18 25 16
25 32 74
32 48 62
48 53 2
53 56 99
56 58 42
58 61 11
61 77 42
77 90 28
90 100 73
100 109 16
109 115 78
115 118 66
118 134 87
134 137 68
137 142 96
142 143 57
143 155 86
155 157 58
157 167 88
167 172 5
172 181 35
181 185 50
185 186 11
186 199 22
199 206 89
206 218 39
218 224 71
224 225 62
225 239 93
239 245 84
245 248 67
248 262 99
262 265 15
265 277 87
277 282 74
282 289 15
289 300 88
300 303 30
303 324 54
324 339 23
339 346 46
346 349 45
349 357 58
357 373 41
373 375 50
375 387 5
387 393 76
393 423 23
423 425 83
425 432 59
432 436 70
436 437 22
437 440 78
440 441 4
441 444 13
444 449 71
449 451 14
451 455 21
455 462 70
462 465 49
465 466 4
466 473 61
473 481 51
481 496 54
496 497 23
497 498 10
498 503 26
503 507 72
507 529 98
529 530 23
530 540 71
540 551 95
551 554 100
554 559 72
559 565 26
565 566 59
566 568 47
568 576 11
576 588 87
588 591 76
591 596 65
596 598 45
598 599 67
599 601 11
601 627 12
627 630 3
630 638 85
638 664 63
664 670 40
670 675 53
675 682 51
682 710 71
710 720 37
720 734 21
734 758 64
758 759 87
759 767 79
767 769 13
769 774 48
774 781 8
781 787 61
787 800 11
800 804 24
804 817 88
817 825 93
825 836 59
836 838 18
838 839 56
839 871 81
871 875 91
875 880 55
880 885 73
885 915 80
915 925 62
925 926 17
926 934 38
934 938 7
938 951 4
951 964 65
964 987 2
987 994 5
994 997 69
997 999 73
999 1011 82
1011 1018 22
1018 1045 10
1045 1052 89
1052 1053 48
1053 1060 98
1060 1064 95
1064 1072 18
1072 1073 62
1073 1085 39
1085 1090 15
1090 1091 84
1091 1110 78
1110 1117 29
1117 1146 92
1146 1152 12
1152 1167 62
1167 1193 2
1193 1197 34
1197 1198 34
1198 1204 29
1204 1205 29
1205 1210 87
1210 1222 11
1222 1249 30
1249 1263 99
1263 1264 50
1264 1267 21
1267 1269 75
1269 1273 15
1273 1289 53
1289 1309 2
1309 1312 61
1312 1314 15
1314 1318 66
1318 1332 96
1332 1341 98
1341 1373 9
1373 1402 73
1402 1405 68
1405 1407 25
1407 1418 15
1418 1425 29
1425 1436 68
1436 1438 1
1438 1445 6
1445 1448 51
1448 1452 97
1452 1453 21
1453 1482 56
1482 1494 39
1494 1499 67
1499 1513 41
1513 1524 81
1524 1530 31
1530 1533 13
1533 1543 80
1543 1544 86
1544 1549 42
1549 1552 21
1552 1564 14
1564 1574 55
1574 1581 95
1581 1583 81
1583 1588 27
1588 1589 22
1589 1593 22
1593 1612 50
1612 1621 88
1621 1627 35
1627 1634 11
1634 1646 100
1646 1658 85
1658 1660 90
1660 1664 100
1664 1687 89
1687 1690 61
1690 1708 5
1708 1710 29
1710 1718 80
1718 1721 89
1721 1737 93
1737 1740 56
1740 1748 94
1748 1754 92
1754 1762 20
1762 1764 71
1764 1774 86
1774 1777 40
1777 1780 19
1780 1789 48
1789 1837 24
1837 1840 8
1840 1858 53
1858 1864 100
1864 1872 26
1872 1878 31
1878 1880 20
1880 1911 53
1911 1917 19
1917 1925 30
1925 1930 88
1930 1932 75
1932 1938 7
1938 1944 5
1944 1949 41
1949 1950 96
1950 1951 7
1951 1964 84
1964 1969 52
1969 1979 24
1979 1982 56
1982 1984 72
1984 1988 20
1988 1992 39
1992 1993 37
1993 2004 4
2004 2005 12
2005 2006 85
2006 2014 37
2014 2019 53
2019 2025 94
2025 2039 19
2039 2043 6
2043 2049 1
2049 2054 1
2054 2055 72
2055 2058 58
2058 2063 70
2063 2075 66
2075 2077 74
2077 2078 92
2078 2080 85
2080 2114 77
2114 2136 63
2136 2139 6
2139 2145 34
2145 2153 2
2153 2162 35
2162 2163 90
2163 2184 41
2184 2186 13
2186 2193 73
2193 2197 29
2197 2225 14
2225 2231 41
2231 2234 73
2234 2242 48
2242 2244 44
2244 2254 30
2254 2275 89
2275 2294 40
2294 2302 25
2302 2305 32
2305 2310 20
2310 2319 33
2319 2328 83
2328 2344 9
2344 2355 46
2355 2356 36
2356 2359 55
2359 2368 52
2368 2372 71
2372 2379 19
2379 2380 75
2380 2383 74
2383 2385 38
2385 2391 81
2391 2408 40
2408 2409 85
2409 2412 96
2412 2416 100
2416 2421 57
2421 2464 26
2464 2466 32
2466 2471 59
2471 2472 65
2472 2477 47
2477 2497 49
2497 2513 64
2513 2526 47
2526 2528 30
2528 2537 11
2537 2542 91
2542 2548 23
2548 2551 9
2551 2555 78
2555 2559 11
2559 2564 60
2564 2595 70
2595 2601 61
2601 2607 12
2607 2631 53
2631 2639 20
452 2087 99
1079 2111 85
1374 1578 68
613 1985 62
186 2509 39
1812 2216 45
765 2003 79
384 574 42
338 1894 42
804 2095 49
897 1977 41
1188 2147 83
126 664 80
1395 2434 94
181 675 10
313 568 54
164 1731 100
609 1839 18
547 1376 2
175 833 4
719 2610 93
300 2316 94
31 689 20
260 497 92
850 1393 30
371 2345 9
2118 2618 78
1258 2517 23
2181 2203 78
1083 1737 77
2354 2538 54
586 1993 9
958 1793 38
950 1228 72
395 1424 13
1186 1628 63
617 2284 31
1436 1445 20
1898 2376 9
481 792 68
1082 1880 35
1397 2197 72
862 2503 27
247 2365 98
1540 1606 5
351 694 93
933 1993 18
17 1058 56
2039 2490 71
955 2390 51
1431 1919 34
285 605 81
651 2208 97
239 2070 63
41 2599 84
1431 2224 79
286 2126 90
661 1488 71
509 946 20
1205 1666 95
638 1831 56
327 1716 65
423 2505 42
679 2211 8
1366 2109 92
311 1182 27
1818 2378 36
539 2554 12
210 1776 64
1136 1504 47
684 844 90
1531 1982 80
1315 1441 28
468 539 96
471 1063 23
702 1270 14
1308 2359 52
1635 2354 56
2029 2049 29
22 1371 10
1506 1991 6
189 2129 90
1434 1852 84
1406 2063 70
1598 2343 6
398 2467 8
628 1634 76
136 1854 32
248 2302 2
1702 1976 60
1425 2545 18
1630 1666 62
1080 1131 96
1963 2473 15
407 1029 45
1948 1979 85
408 809 28
2238 2638 95
1185 2638 28
207 2544 76
810 1937 20
2 698 46
1736 1804 96
542 642 27
423 1328 73
65 1207 45
595 1215 1
1003 2315 94
1477 1565 16
778 1593 44
1333 1458 20
804 862 27
1206 2172 36
325 1495 72
911 1207 48
812 1101 26
2203 2458 55
2473 2561 88
827 2359 6
52 1831 73
372 865 43
881 2585 56
439 2274 49
1281 1690 48
1526 2504 46
1495 1750 10
38 901 30
568 1886 92
110 857 9
416 1311 8
1617 2301 27
1775 2492 55
172 2324 97
117 558 57
302 2367 82
1019 1851 80
1499 2193 58
574 2459 3
1445 1593 30
1409 1872 53
871 1418 67
1679 1957 7
1315 1735 34
1279 1384 33
35 543 71
197 2069 4
703 2072 47
244 2153 9
633 2373 83
402 1451 40
566 1327 82
2277 2395 29
1371 2033 69
481 2291 98
209 1244 78
1134 2342 68
1208 1584 75
1239 2201 77
76 2138 26
1256 2469 93
1706 1977 43
4 2624 6
550 932 11
242 2560 15
1381 1919 16
1403 2449 34
1150 1256 10
1324 2469 98
856 1719 30
946 948 35
5 1105 89
637 638 12
1845 2111 49
557 1307 85
60 845 57
1235 2196 77
536 2449 100
238 1265 96
1283 2286 38
351 621 31
640 1759 94
1199 2630 50
157 243 28
132 2316 37
1056 1113 30
343 1906 16
255 783 20
1167 1203 41
912 2312 80
1974 2383 20
906 1117 34
192 1098 19
1476 1686 92
2266 2624 97
1295 1530 2
0 24 95
1100 1444 48
1356 2355 40
1322 2121 32
2232 2371 99
396 862 57
561 1767 88
265 1160 73
840 2008 5
371 890 53
1796 1990 64
599 1304 81
113 1262 88
482 2318 55
882 921 31
1815 2506 80
603 2466 38
307 1006 71
600 1528 83
998 2362 99
2131 2439 55
922 1819 75
1147 2462 100
1645 2625 9
353 2313 12
769 1124 12
1974 2576 91
1945 2055 84
623 727 89
196 1615 63
430 1716 72
1462 1770 20
864 1914 30
279 1647 7
513 2471 81
474 664 51
1317 1638 36
1230 2506 19
1060 1424 5
1128 1810 97
1817 2483 40
402 419 73
413 1517 99
1292 1796 75
100 840 93
715 2336 93
683 1993 77
84 406 2
386 2227 58
195 227 66
379 1655 14
454 2188 17
930 2542 98
410 707 13
801 942 26
2061 2511 31
50 1426 1
636 1001 28
445 2383 41
231 1685 80
1871 2075 84
46 1171 31
511 811 20
3 2079 43
178 2427 27
524 1865 28
1480 2323 7
84 1422 70
1242 2091 73
666 2164 61
1071 1639 14
1353 2409 98
685 791 77
242 938 62
1741 2132 27
789 1519 85
570 1800 10
1904 2210 58
479 2637 29
1355 2600 34
596 2277 48
1694 2602 45
732 2469 71
746 1039 34
368 466 14
492 2563 5
166 2599 30
429 439 77
917 2614 39
897 1652 70
1470 2491 96
1796 2404 61
631 1480 91
1384 2334 70
1338 1805 47
767 1323 14
364 1189 41
1674 1992 21
1271 2427 76
170 1260 69
379 1925 50
773 950 72
1369 2203 55
1905 2410 65
391 602 76
1289 1849 87
450 2076 39
433 2037 82
104 979 88
1939 2425 12
1406 1412 13
633 1449 30
1481 1929 8
31 1458 6
630 743 32
1067 2579 7
756 1281 87
1384 1495 66
1254 2143 45
553 1177 54
1121 2032 34
67 1696 66
2382 2457 91
535 2140 4
1034 1473 88
381 1629 65
445 2633 97
1639 1954 83
1625 1831 19
787 1103 85
232 1140 86
1157 1334 93
1643 2530 53
1666 2601 76
814 1446 78
410 1109 60
634 666 6
1673 1829 72
656 2048 84
2173 2198 18
1218 1543 53
1573 2497 87
256 1325 60
1350 1545 44
382 953 98
561 1728 66
978 1339 91
981 2211 76
652 1498 36
672 2638 95
289 705 81
1226 1653 10
314 2042 53
338 1839 72
2212 2363 9
1375 1786 15
236 622 51
42 1396 47
1669 2295 81
107 1563 96
12 2020 54
642 2544 75
119 719 15
1541 1592 55
2132 2416 21
1672 2540 4
748 1090 27
923 1026 40
1850 2019 55
1213 2153 70
1161 1725 62
1144 2208 55
15 878 80
1659 1904 10
929 2508 55
371 1055 33
39 622 71
147 1683 59
254 1475 41
916 2545 60
1932 2468 4
246 2304 71
176 1885 45
303 1152 23
852 2251 2
758 1355 46
341 2313 37
1941 2262 69
541 2563 11
382 1065 96
738 2098 49
535 1602 5
170 1161 37
1036 2398 99
757 2444 51
2327 2456 32
589 1301 60
1613 2533 85
617 1692 54
443 2593 88
917 1917 15
393 885 12
759 2590 70
338 1733 42
802 2180 40
2203 2616 1
1963 2143 48
507 1293 1
1272 2265 10
1691 2165 76
1039 1564 95
496 2018 14
425 1432 33
128 2601 79
1192 1329 78
1175 1804 65
1422 1815 36
1848 2424 82
380 552 20
1238 2602 21
841 1332 68
432 2465 42
539 2591 70
145 1195 45
332 351 38
1576 1650 8
1059 1797 12
1162 1426 7
286 2017 39
835 1327 23
566 1395 100
465 726 89
1249 1293 71
35 1085 90
1096 2350 38
1722 2158 67
469 1960 7
967 1283 46
568 931 46
643 1709 60
1158 2271 4
771 1387 32
548 1632 65
411 1283 42
515 1411 36
1841 2311 90
847 2465 75
1168 1302 60
294 2371 49
1721 2196 35
693 1289 79
2282 2426 40
749 1229 27
1137 2404 94
879 925 26
144 1658 77
194 1336 26
1558 1908 12
497 1617 41
1221 2444 70
1929 2263 97
1244 2255 93
773 967 63
2340 2445 19
971 2530 48
586 2371 14
616 832 39
763 2497 30
1007 1250 73
95 1790 16
329 2243 13
269 2520 44
812 1295 24
370 1930 20
321 1401 90
26 2546 54
634 662 45
1162 1876 78
1178 1895 49
1154 2185 68
2158 2417 84
1435 2266 64
872 1824 56
262 1853 80
805 2514 11
1792 2506 3
97 1019 46
579 776 78
1910 1947 19
70 779 40
237 1749 2
16 205 92
619 1421 87
131 545 83
1701 1720 13
445 915 71
420 1006 4
287 834 18
1540 1772 50
320 2412 19
965 1979 82
204 2379 29
709 2404 72
1593 1666 78
1290 2598 70
1382 1827 62
252 2416 40
1606 1764 22
207 439 80
538 1852 88
364 2574 26
169 677 19
116 1385 29
19 2585 19
1674 2133 63
2606 2618 3
820 2174 59
1826 2060 99
1517 2455 16
933 1164 43
6 2249 85
1006 1527 62
999 1162 21
148 309 15
1281 2000 24
307 2613 67
201 305 78
974 1256 56
19 556 97
1205 2459 63
437 1797 34
554 1209 4
1870 2202 28
1105 1508 36
498 761 24
649 1794 7
173 788 33
1033 2050 50
180 797 45
270 992 76
391 2036 79
682 1935 1
1842 2297 78
1907 2074 35
2249 2306 90
878 1657 17
64 2156 6
134 1790 52
94 669 89
3 976 43
1659 1686 97
1411 1871 92
1024 2097 35
1106 1314 19
286 2117 38
1631 2234 90
672 2627 30
220 2497 84
1169 2639 30
1010 1362 73
1027 1712 73
361 516 36
467 922 60
199 2337 37
187 1456 50
1949 2620 15
582 2437 24
1270 2498 49
701 2156 86
318 323 35
1921 2375 53
1007 1886 24
804 1555 27
10 1982 35
237 1640 65
511 718 10
2423 2594 36
153 317 85
339 601 99
1202 1453 63
91 2049 40
679 1582 15
1722 1778 79
1280 1429 99
2011 2097 94
63 2413 53
794 1015 85
1458 1858 35
985 1281 75
2 1287 92
682 798 51
584 2149 37
638 2424 87
529 1370 82
892 2425 75
403 576 19
302 1549 5
1509 1652 88
476 727 64
536 2463 45
60 2132 60
1990 2081 97
545 2433 43
598 1925 43
526 810 61
266 701 65
146 2487 23
1201 2108 20
1037 1650 55
1328 2301 25
735 2079 82
1007 1365 63
708 950 35
907 1211 95
204 1448 13
1541 2233 81
1234 2163 53
1602 1876 2
365 1366 56
407 415 82
515 2013 13
29 675 43
351 2271 35
683 925 24
1439 2418 79
998 1772 21
1109 1221 31
547 888 53
1299 2046 20
919 1467 47
1300 2081 27
746 1249 46
1612 2157 90
1482 1953 60
200 229 59
1945 1990 59
863 2395 78
2075 2301 92
123 2620 56
936 2513 61
103 287 40
1061 1646 76
1735 2636 94
805 1456 44
907 2148 2
1796 2086 43
253 2413 61
6 39 35
1025 1906 3
904 1835 46
1327 2196 84
314 1918 5
799 2479 17
187 337 51
1414 2183 61
1726 1847 49
1421 2154 6
363 1460 10
263 505 72
1959 2477 71
2272 2602 1
95 1680 25
1518 2277 5
921 1945 31
1654 2472 49
991 1074 47
1280 2549 58
1089 1390 52
1946 2100 32
1393 2183 36
232 1556 73
236 1316 24
328 588 33
144 625 32
1415 1777 64
323 651 72
890 1291 32
563 2136 76
1605 2063 70
893 2216 62
1381 2279 58
1237 2499 4
502 2129 8
