160 1000
0 10 11
10 15 67
15 19 23
19 30 61
30 32 13
32 38 50
38 40 8
40 45 78
45 48 42
48 53 33
53 64 30
64 70 43
70 85 8
85 91 5
91 102 32
102 103 61
103 132 87
132 152 44
152 155 29
155 158 90
158 159 21
92 154 97
122 127 100
20 48 99
34 106 19
9 56 58
28 35 77
26 155 34
26 125 90
7 156 78
43 133 72
73 156 55
136 140 3
60 121 78
3 31 54
22 157 66
2 158 68
69 117 19
7 118 99
51 149 45
36 129 18
6 46 95
8 31 17
14 77 24
46 123 16
18 63 22
25 126 69
70 116 33
21 42 69
109 157 62
38 94 69
47 159 87
49 126 20
93 113 97
37 114 93
19 145 16
13 146 53
54 68 92
88 115 74
72 154 20
117 124 65
4 34 31
19 152 42
4 96 93
90 127 38
48 152 60
87 117 11
109 139 39
56 157 91
105 151 57
1 152 55
27 64 93
36 57 95
98 144 94
42 53 76
22 129 16
42 137 22
7 91 18
105 113 76
23 66 17
14 74 58
12 132 43
18 44 94
16 47 66
0 24 69
80 116 54
46 50 79
40 122 36
51 99 60
56 72 71
20 77 50
95 109 6
68 159 33
37 118 92
83 155 96
28 150 38
33 47 83
75 142 50
35 144 42
59 118 32
131 132 62
52 81 98
36 50 95
108 148 87
117 145 70
11 50 26
77 85 52
46 69 59
38 97 7
11 140 22
78 97 35
93 125 31
70 138 86
1 61 62
43 84 97
40 80 35
47 68 51
113 143 37
51 93 81
58 60 45
53 76 72
7 54 36
60 144 67
114 151 43
71 152 42
72 141 4
48 157 100
63 107 98
48 132 23
91 133 53
55 106 95
1 48 40
56 115 99
31 58 29
80 156 79
7 14 49
69 88 57
16 103 8
93 152 14
48 144 44
19 155 84
85 112 81
47 122 94
68 92 42
120 121 10
21 26 24
60 116 92
36 109 3
4 35 8
143 147 24
28 154 93
14 29 53
36 135 94
78 135 71
48 97 58
44 46 82
93 94 67
123 139 30
110 156 96
11 54 10
30 87 50
85 104 77
46 99 26
88 124 86
7 104 44
8 74 27
80 109 85
54 89 77
13 152 29
35 69 69
41 43 27
44 144 38
18 22 83
6 50 16
72 84 36
52 83 88
105 154 95
72 125 19
129 144 88
9 153 8
64 108 48
61 92 59
0 126 7
51 156 33
90 106 78
35 129 95
22 104 89
67 149 99
125 134 83
103 121 64
28 140 16
39 127 99
47 117 58
39 119 28
7 94 6
41 51 99
56 59 60
83 145 48
91 119 89
49 101 10
4 7 27
131 157 98
113 130 38
28 116 57
89 111 19
2 136 54
87 93 62
36 74 73
17 50 22
32 128 20
81 148 42
99 119 78
52 147 64
111 141 72
28 86 98
1 89 67
89 123 18
20 71 92
16 76 80
14 87 11
29 157 94
25 120 29
20 146 38
2 58 31
10 79 44
39 155 29
42 76 94
32 151 46
64 140 6
54 120 21
17 137 81
27 99 1
45 89 8
41 96 15
19 69 54
67 87 46
52 130 19
84 111 89
87 124 87
74 96 84
68 84 19
10 101 17
66 110 4
57 120 90
65 107 37
62 85 72
93 158 20
1 151 95
125 154 15
16 37 59
85 127 68
23 123 69
27 74 46
22 148 26
52 75 49
98 134 96
87 142 33
30 132 27
62 129 69
67 153 87
72 152 62
60 106 3
49 133 11
99 150 34
120 140 19
20 61 64
23 56 94
0 158 39
87 159 69
3 91 79
29 126 18
33 90 28
26 106 48
3 130 22
56 87 25
66 141 9
137 152 14
20 90 70
3 53 94
99 135 93
30 137 93
7 57 36
80 124 54
36 47 52
7 151 38
103 151 48
69 118 70
58 159 56
39 156 11
44 133 59
1 111 95
70 158 7
6 88 9
64 105 100
52 139 86
82 143 46
54 63 90
70 79 92
69 81 87
49 155 58
88 93 95
5 13 67
41 132 51
100 128 96
138 155 16
4 24 73
54 148 46
81 131 91
17 119 15
35 98 74
33 50 61
24 86 88
29 128 59
54 60 78
91 147 94
0 115 20
16 117 23
47 127 54
37 86 27
29 109 65
54 73 52
21 113 90
58 94 70
34 62 95
1 56 10
2 121 19
12 97 38
62 154 31
67 148 55
88 146 67
82 140 84
90 92 88
14 28 17
57 140 37
10 130 97
24 151 7
1 94 35
9 63 54
60 139 59
99 156 18
1 11 95
37 130 73
69 115 30
13 72 38
22 91 5
1 131 18
62 104 11
37 108 10
40 41 8
19 80 11
127 154 60
48 95 73
18 53 33
99 141 74
3 104 65
66 136 1
150 152 24
68 154 64
2 150 5
115 125 56
33 95 96
48 49 38
78 155 100
1 107 2
20 98 41
17 121 81
8 156 53
0 148 32
65 158 92
30 147 5
40 116 23
0 41 58
30 75 27
59 159 24
40 142 64
31 111 64
7 116 68
14 156 16
87 89 27
84 122 60
34 141 68
20 36 5
92 129 73
38 137 51
49 117 64
41 155 63
15 126 53
49 52 60
155 157 5
98 127 2
120 152 26
133 137 35
38 73 75
11 49 59
56 117 18
59 116 95
122 139 91
89 97 26
54 98 91
83 142 1
9 34 13
7 49 24
77 137 86
110 133 54
47 128 73
36 88 13
24 143 31
12 25 55
41 66 6
94 110 43
62 64 86
115 118 42
33 59 44
49 129 51
127 142 17
102 121 51
72 116 96
39 66 49
14 33 63
95 111 27
38 44 11
11 47 24
57 68 49
17 73 62
19 143 6
73 128 74
90 123 84
132 140 74
21 80 38
35 124 97
36 110 44
3 147 79
4 41 66
79 88 51
20 72 95
13 107 67
53 142 90
18 87 45
113 134 62
89 112 44
2 156 33
54 118 78
116 136 5
112 129 3
32 67 8
29 54 68
137 153 43
7 24 54
38 142 26
92 102 27
21 45 94
83 143 91
11 85 22
25 69 63
94 128 23
44 110 18
83 123 97
92 142 12
129 143 7
135 147 75
9 96 5
14 151 72
2 115 63
113 116 94
86 100 46
105 117 20
60 126 29
96 105 8
44 104 17
52 109 18
79 115 80
47 155 67
31 34 54
28 33 13
29 111 43
109 128 85
37 50 12
82 108 8
108 147 18
37 71 84
97 117 71
41 70 72
84 86 67
73 111 99
53 126 38
82 133 13
81 94 58
23 79 27
43 159 41
90 135 52
122 135 56
30 36 29
44 127 84
91 125 55
77 82 14
61 70 47
36 146 15
5 64 69
10 155 65
26 56 20
77 154 8
67 91 67
99 103 39
32 100 62
67 141 16
45 116 69
62 68 100
98 131 42
72 74 95
36 137 80
15 29 94
30 126 7
81 159 17
12 153 14
154 157 56
77 98 50
30 37 82
121 134 45
19 59 84
40 85 13
15 139 76
124 131 79
49 69 89
127 140 2
5 38 95
133 147 37
77 148 4
51 86 30
29 116 66
18 92 55
7 134 99
107 132 8
33 109 14
39 78 81
31 155 66
24 107 1
70 123 97
103 152 21
17 116 88
13 118 39
73 129 82
39 90 27
18 106 59
97 145 90
73 103 100
93 153 75
82 93 19
15 27 57
54 95 49
141 156 39
136 143 53
129 151 92
76 79 12
28 60 27
56 147 6
17 123 30
24 137 77
23 127 57
143 144 94
76 157 27
64 155 19
31 157 25
45 77 80
105 148 75
21 22 48
58 69 25
34 107 13
32 86 48
102 147 39
30 113 88
35 49 8
58 148 37
17 74 4
6 101 10
16 40 97
11 61 85
113 157 1
13 113 45
86 125 11
27 32 24
148 157 46
57 107 28
0 97 81
12 65 79
12 122 38
20 99 19
132 148 48
83 127 13
49 145 12
1 144 39
74 142 91
87 134 68
28 76 49
26 119 44
18 38 10
58 124 94
10 89 46
20 87 6
142 147 20
85 132 44
16 91 19
124 140 29
50 137 2
43 142 69
76 151 93
122 146 61
5 79 37
127 129 43
126 137 54
36 149 9
40 112 59
14 116 46
40 106 85
27 58 31
100 157 29
58 74 45
71 91 64
24 118 91
7 147 66
100 133 95
87 128 31
113 155 45
76 138 14
46 58 84
94 159 2
24 129 37
125 148 12
48 116 45
104 142 43
68 150 60
31 134 70
53 75 19
44 145 25
108 149 88
28 128 61
44 159 49
55 92 8
6 84 54
64 98 98
62 80 4
33 142 1
106 152 57
32 78 36
46 157 43
84 95 60
98 100 92
22 98 29
92 100 51
14 93 99
104 116 64
94 105 18
12 143 54
136 153 76
68 107 81
62 123 36
5 44 32
79 133 20
108 129 5
41 97 91
64 110 32
83 140 56
57 82 65
33 135 5
34 87 26
116 158 39
13 32 34
27 156 27
95 136 23
58 128 10
31 87 70
72 153 78
68 115 7
1 120 78
111 119 10
95 147 92
96 101 86
8 18 69
8 104 5
24 140 60
11 151 56
113 150 50
21 117 20
1 90 58
67 106 38
83 136 10
18 120 75
8 102 16
98 115 69
81 129 33
67 77 83
139 150 8
65 123 13
23 125 95
37 90 48
26 74 4
66 87 20
0 101 73
134 146 36
43 87 85
102 158 1
9 117 79
41 61 57
50 81 95
26 128 97
80 136 1
6 25 40
91 138 93
78 154 7
0 58 45
16 151 75
35 60 4
77 147 45
46 141 90
47 116 27
103 104 55
72 126 87
59 100 59
92 97 67
14 101 92
11 104 17
1 87 40
16 17 56
6 72 42
19 126 36
20 78 36
76 142 21
15 25 32
21 107 38
1 146 62
9 15 26
0 138 26
45 136 32
0 40 89
16 23 90
9 65 21
51 139 54
46 104 48
24 83 44
48 114 21
82 101 53
69 108 81
35 138 12
90 125 61
12 121 64
113 114 74
48 98 44
122 153 28
7 47 59
50 84 17
97 98 90
1 8 98
36 59 98
15 68 36
51 148 82
101 102 75
121 129 43
71 108 13
73 109 19
76 148 77
126 154 66
48 143 56
67 109 37
101 132 36
54 153 13
69 94 76
75 158 68
32 139 10
117 142 77
5 93 32
103 139 9
19 82 65
24 70 11
54 126 23
49 146 93
23 112 4
127 147 44
18 34 50
21 109 2
14 95 17
80 147 77
11 37 84
116 127 88
131 159 56
89 105 27
47 137 26
2 14 2
76 133 91
3 25 22
7 106 31
27 42 3
63 74 65
15 81 39
37 47 45
21 110 13
16 83 3
74 155 27
31 129 46
37 78 71
3 64 94
80 150 36
19 79 94
91 146 69
66 84 30
53 158 1
108 150 53
18 125 22
8 119 78
82 136 86
15 105 95
129 132 9
11 14 1
123 151 24
7 44 72
86 155 58
87 153 34
87 105 87
9 125 41
50 54 20
5 143 97
98 123 36
5 131 86
26 114 85
56 146 62
6 90 65
61 86 75
10 151 85
12 49 32
40 154 97
76 134 69
109 153 53
34 110 88
60 131 20
2 141 59
105 152 48
102 135 45
96 103 74
6 117 9
90 109 92
76 114 99
96 100 68
35 155 76
28 79 32
100 141 18
103 130 2
42 156 26
62 157 35
24 39 2
76 84 85
50 56 11
38 64 45
29 76 32
30 34 30
22 117 63
81 155 21
49 151 71
35 158 94
75 148 58
5 29 34
10 59 28
11 116 14
2 89 23
46 142 11
101 140 15
73 135 36
93 106 39
6 33 52
67 119 18
32 85 82
6 63 48
62 134 8
128 137 38
50 114 74
42 70 67
38 155 42
49 123 70
11 118 76
69 102 85
42 113 11
56 124 4
8 126 82
8 148 45
39 43 52
56 86 7
35 64 86
0 139 2
130 147 50
2 146 30
44 63 83
51 57 88
103 149 54
123 125 18
1 62 7
7 50 18
90 138 93
40 127 62
23 111 36
111 136 20
102 106 76
10 159 69
66 94 26
8 145 93
35 106 49
5 28 62
68 74 47
26 42 68
48 56 55
36 85 6
9 64 63
15 157 2
5 30 74
56 125 92
90 117 48
114 147 95
52 158 54
2 3 34
62 99 86
40 146 78
103 158 85
84 147 16
36 55 5
111 117 8
30 97 86
80 82 41
77 119 38
22 23 67
122 150 41
103 145 8
74 89 60
45 114 29
22 114 78
94 151 17
13 104 26
12 50 6
62 76 91
62 102 78
38 74 67
21 30 60
82 96 48
74 144 85
69 137 86
25 102 78
48 51 15
70 108 78
84 100 51
142 154 7
40 51 61
19 46 16
97 106 93
39 112 100
98 110 66
84 121 24
16 96 11
72 142 94
13 116 25
53 54 35
10 124 86
104 138 95
7 144 25
70 110 51
61 88 83
6 60 13
39 102 57
126 152 26
127 144 33
79 114 59
34 116 88
78 114 51
12 118 47
1 44 52
67 156 44
40 52 84
89 133 6
35 53 2
77 78 76
41 53 78
62 107 87
113 115 19
31 73 92
119 133 35
37 42 39
28 119 42
18 64 57
66 120 66
150 155 64
11 117 49
54 87 7
37 111 60
37 65 86
24 36 46
74 121 43
75 111 98
2 18 49
8 63 64
58 147 43
46 89 78
92 94 100
37 113 9
63 154 80
111 112 90
13 141 9
