480 1000
0 5 45
5 8 99
8 9 96
9 19 32
19 21 95
21 38 98
38 41 23
41 44 51
44 67 41
67 71 3
71 73 86
73 74 20
74 76 93
76 79 17
79 82 2
82 89 7
89 93 59
93 105 92
105 111 4
111 126 35
126 128 77
128 131 96
131 136 59
136 139 12
139 140 31
140 141 72
141 146 98
146 158 36
158 159 13
159 173 54
173 178 50
178 189 8
189 208 68
208 212 22
212 214 97
214 217 98
217 218 46
218 219 46
219 222 97
222 235 5
235 237 73
237 241 6
241 246 83
246 247 63
247 248 29
248 264 78
264 268 100
268 272 55
272 275 73
275 276 27
276 282 58
282 284 28
284 288 75
288 294 73
294 319 64
319 331 5
331 344 58
344 349 22
349 352 26
352 355 57
355 358 87
358 361 100
361 364 6
364 373 99
373 376 72
376 379 81
379 380 93
380 381 59
381 383 9
383 387 60
387 388 96
388 390 13
390 396 55
396 434 54
434 435 11
435 443 53
443 456 10
456 465 60
465 466 35
466 474 56
474 479 38
112 338 95
16 134 58
255 292 84
34 262 13
108 149 29
122 236 64
174 291 57
25 79 41
52 211 30
214 339 93
214 426 21
75 410 88
53 141 100
71 427 66
31 295 56
109 419 76
289 341 30
94 265 68
201 250 45
460 469 59
255 475 59
11 209 76
232 284 80
99 305 84
166 423 31
348 390 1
41 252 96
194 416 42
276 321 95
353 466 72
256 344 96
66 214 65
67 305 65
4 201 16
47 382 29
19 144 71
27 234 44
3 258 1
117 177 64
314 340 43
130 478 70
345 352 22
20 392 79
140 459 26
299 332 54
308 429 64
244 269 98
182 287 11
129 143 88
16 418 95
17 345 78
298 410 88
79 158 7
61 349 77
342 393 68
323 370 97
145 440 93
318 401 91
90 296 28
183 189 81
123 145 69
294 317 29
217 407 13
34 163 23
248 305 69
55 214 30
43 331 24
384 461 50
355 451 80
183 428 99
162 256 25
40 261 28
129 261 22
10 447 5
163 350 15
327 416 16
299 468 72
325 463 34
194 409 25
234 364 72
182 286 78
77 285 52
28 205 69
103 439 82
87 99 45
67 178 42
392 422 22
391 431 74
135 403 28
130 173 73
193 405 91
309 431 74
345 361 71
150 252 95
113 478 81
265 447 62
137 326 42
19 315 67
192 370 11
94 114 11
163 211 44
120 265 29
135 169 86
341 382 40
127 261 72
36 180 71
77 435 4
150 169 85
224 396 84
17 428 80
228 411 77
22 277 65
152 213 6
279 310 86
42 97 69
29 350 62
99 368 23
194 288 15
50 345 90
104 112 16
101 166 70
126 463 53
292 444 5
128 194 53
176 351 18
421 468 68
123 447 63
343 353 71
178 440 93
380 419 9
363 372 34
286 320 90
124 394 3
231 354 19
75 90 50
155 313 27
233 255 66
0 258 77
365 440 35
104 268 64
108 323 90
2 428 28
235 265 85
31 253 15
168 440 54
309 400 56
123 455 84
130 381 93
412 421 3
204 445 52
390 478 5
61 235 82
12 120 18
306 455 9
32 406 55
213 420 92
449 471 82
4 359 15
88 477 36
136 322 54
358 403 7
1 130 66
309 353 1
383 473 47
240 477 91
95 96 23
45 396 17
78 395 88
177 368 89
32 198 12
251 261 61
91 275 16
440 457 22
66 356 27
413 431 99
336 408 62
66 141 68
29 255 13
80 133 82
207 342 64
19 208 31
221 468 93
322 361 51
252 324 94
176 365 29
254 285 49
368 471 20
153 326 37
47 238 63
28 331 23
90 384 33
168 441 19
169 473 64
181 206 35
87 344 29
343 411 11
112 258 44
37 214 73
154 332 17
366 432 100
75 91 44
59 187 93
65 342 28
37 78 44
240 409 76
83 295 29
344 401 25
57 84 79
277 326 63
40 327 54
151 286 46
148 265 16
314 465 41
364 389 63
110 149 12
320 462 52
382 401 80
343 459 64
243 270 47
211 358 76
92 459 65
48 205 85
416 474 40
26 75 67
56 96 5
96 429 89
189 228 29
139 339 35
99 198 70
205 255 49
163 385 39
137 477 11
49 418 69
378 413 88
115 415 5
444 454 45
101 464 5
356 447 14
145 451 77
217 294 88
55 79 48
37 375 39
238 283 78
327 440 37
253 327 3
33 120 95
149 169 24
205 347 3
0 269 48
78 364 12
103 240 89
191 198 58
99 103 78
307 332 65
236 392 43
146 375 32
147 161 1
181 277 86
96 117 89
144 454 43
176 427 50
192 289 48
12 70 21
117 304 17
95 413 27
271 355 75
12 101 7
203 333 8
105 366 83
157 359 9
53 89 88
4 436 69
31 198 54
186 461 78
185 391 28
1 362 2
276 375 87
383 471 28
197 216 54
25 66 35
84 116 97
228 393 71
202 322 51
114 358 63
145 385 88
146 373 66
294 348 55
74 433 96
183 206 59
83 346 94
39 186 43
444 469 12
55 111 32
49 86 18
199 347 35
13 146 32
41 46 46
282 436 55
71 354 51
126 149 59
151 455 61
21 327 71
184 312 81
317 445 100
104 361 77
10 342 23
56 468 66
130 342 58
292 362 11
72 279 99
340 366 49
326 478 19
306 452 92
280 296 73
304 365 84
16 375 67
207 279 96
288 433 59
31 96 69
3 307 5
95 136 88
246 252 29
142 242 33
73 145 36
51 253 48
54 446 25
412 438 40
205 426 42
285 325 74
67 299 80
148 383 85
127 136 90
147 370 13
327 429 20
232 351 98
106 448 8
381 465 84
219 325 75
273 364 84
121 339 96
39 212 37
180 210 36
126 467 73
113 285 39
161 449 36
383 433 31
49 470 18
263 361 98
7 347 52
185 295 64
64 476 93
36 464 98
97 300 24
31 371 33
124 203 85
74 442 7
242 261 78
184 229 67
10 159 32
273 422 43
94 230 14
273 286 9
103 431 15
284 444 25
10 271 5
72 192 69
73 244 65
133 181 22
0 50 11
354 429 92
123 124 19
221 288 74
158 391 47
65 362 42
152 243 18
230 234 30
236 246 74
29 300 19
80 254 82
145 175 88
266 331 77
94 445 80
119 155 70
98 425 32
258 287 15
138 309 66
192 365 76
23 155 43
48 262 31
102 215 24
152 354 21
180 334 22
2 456 2
271 414 91
154 165 46
170 294 59
237 436 92
43 199 18
133 283 31
382 469 6
136 168 99
63 446 32
42 360 54
140 232 94
49 325 80
311 456 36
301 329 50
5 64 47
292 334 12
111 112 32
133 216 60
247 306 58
102 165 65
161 435 81
109 129 95
98 348 4
135 276 22
398 444 49
398 417 76
85 261 46
66 181 90
191 313 83
274 403 17
102 466 46
300 430 33
19 450 32
3 452 25
242 246 6
72 231 40
185 273 71
91 114 88
37 105 32
226 445 60
233 451 33
85 135 70
292 363 60
350 432 46
16 151 8
120 201 13
278 428 72
180 467 36
236 240 32
26 40 63
1 450 58
240 428 8
93 171 52
77 412 22
5 134 93
130 454 6
97 334 26
96 324 49
215 251 52
42 307 61
81 200 25
431 451 69
280 377 32
149 388 99
383 427 53
155 466 56
38 430 83
216 424 44
6 268 23
276 466 26
355 401 61
18 235 30
207 460 48
20 54 83
138 257 48
44 355 82
400 423 55
272 403 90
328 353 54
86 422 75
55 310 71
68 146 24
252 255 17
88 186 18
201 464 53
130 291 86
266 388 95
316 373 94
9 303 52
67 165 15
168 393 80
37 44 70
105 191 36
290 347 27
318 394 18
165 373 83
230 325 85
68 142 54
155 321 7
51 142 33
120 220 79
31 63 60
51 338 60
358 421 33
17 206 86
388 460 82
80 175 72
261 317 38
112 115 84
312 440 45
276 350 49
19 135 15
18 288 42
166 191 24
439 478 36
3 260 31
123 165 47
75 152 47
435 448 85
2 362 19
124 442 2
139 344 54
61 292 66
42 65 23
261 366 53
45 89 24
27 415 96
212 331 81
214 335 1
46 377 84
74 127 37
18 435 17
87 173 50
53 414 33
23 275 16
258 333 82
50 111 73
226 409 92
132 288 79
227 254 29
223 254 8
176 423 80
8 205 72
93 331 44
322 398 42
9 141 61
7 276 4
152 444 61
24 375 26
213 256 99
143 281 80
91 200 4
147 415 63
19 71 28
138 275 63
192 226 26
214 457 81
136 182 99
80 270 45
38 62 59
127 358 53
20 395 18
104 469 25
329 345 61
12 367 72
244 384 62
187 313 17
415 418 5
10 253 38
390 443 81
396 465 86
146 471 24
363 375 61
8 405 37
243 292 8
142 293 75
5 196 90
396 400 96
1 327 82
3 427 30
139 245 55
131 279 41
414 467 88
44 377 85
115 444 26
121 439 18
362 392 24
259 352 87
288 372 34
79 472 62
353 422 15
35 116 8
114 250 29
1 221 2
274 418 61
9 435 92
293 313 46
326 468 20
142 266 37
288 311 86
3 222 33
30 186 1
123 307 30
278 359 89
403 420 39
284 337 30
30 179 43
30 236 15
232 288 53
326 339 26
50 174 24
299 403 95
21 47 6
256 274 21
89 441 89
134 478 33
78 179 24
150 412 66
412 420 42
291 470 67
30 357 2
100 276 1
17 382 20
128 181 8
283 451 26
261 407 9
69 416 21
273 296 48
413 424 35
27 206 90
82 385 90
327 358 20
90 152 58
156 211 95
407 417 71
194 281 69
91 255 22
37 230 36
236 334 22
276 381 33
205 210 10
16 105 82
9 246 76
72 459 67
145 291 50
315 332 22
230 449 16
6 68 2
246 375 33
240 430 82
89 178 92
104 130 80
134 288 14
223 470 3
334 458 43
176 312 1
178 247 56
155 161 25
15 359 49
302 326 98
98 210 21
19 340 64
206 218 34
17 477 47
224 345 10
153 435 74
293 295 62
350 428 89
218 476 42
43 267 64
180 232 49
274 288 5
97 194 94
299 335 97
171 338 21
404 406 1
196 198 32
81 402 81
142 244 99
139 397 100
84 113 36
306 415 82
464 479 54
0 174 6
318 459 5
24 343 94
216 450 71
3 101 39
86 176 98
65 83 50
150 383 21
142 204 75
139 145 29
67 247 100
245 277 24
312 433 13
356 401 57
183 249 32
115 186 13
289 377 79
205 380 48
123 373 39
67 392 48
48 185 66
91 409 21
353 448 80
2 174 37
75 462 83
283 356 45
352 478 42
406 447 75
265 352 92
92 356 78
270 442 87
351 368 33
241 479 11
155 430 28
22 123 11
310 434 84
331 387 90
342 435 61
357 470 34
251 412 46
12 85 28
322 335 92
153 346 11
29 208 92
68 305 28
18 256 69
254 321 9
151 246 30
377 386 83
136 187 41
277 410 31
98 265 19
3 151 1
153 296 4
360 370 17
65 226 4
39 115 21
104 386 15
200 422 77
165 178 21
307 394 37
68 445 91
370 441 26
152 434 77
215 473 25
227 362 60
177 428 89
28 172 50
104 228 6
229 294 75
9 122 35
409 435 87
303 333 44
121 270 100
50 91 50
31 305 8
190 446 65
70 334 62
202 287 27
46 57 73
245 337 56
210 256 76
102 444 81
371 409 8
327 345 8
1 12 42
308 316 94
188 375 7
14 379 50
144 478 70
81 371 54
318 372 17
68 137 23
1 155 24
63 420 76
157 239 52
270 278 25
50 279 99
54 254 3
209 292 1
22 34 43
79 231 31
292 421 77
154 410 15
97 332 72
144 179 32
186 363 11
193 363 40
68 302 72
275 326 17
284 456 81
26 320 73
321 426 52
147 387 11
19 207 7
81 434 34
174 238 85
110 159 38
14 442 60
196 225 99
173 373 80
128 353 74
84 467 63
15 400 82
52 169 46
70 392 41
276 441 24
77 346 30
343 403 15
100 248 97
207 286 56
26 169 22
330 477 16
329 411 36
156 331 74
265 390 9
190 332 39
224 401 4
71 469 33
344 471 80
45 251 7
20 358 6
62 102 92
200 222 62
1 413 31
2 83 32
109 307 45
248 446 1
246 299 13
409 444 94
54 397 79
134 476 77
111 237 18
91 305 37
171 367 26
306 404 86
81 83 42
215 447 72
50 149 34
8 412 96
191 314 92
70 288 2
83 419 87
4 340 1
21 370 87
15 190 26
339 384 65
181 476 41
136 293 62
373 424 80
106 254 79
138 280 17
183 447 33
146 467 38
127 368 86
101 262 24
89 356 84
366 471 55
34 43 77
309 341 65
2 417 27
86 260 26
205 476 10
138 153 48
70 210 36
49 283 60
253 429 68
56 161 26
53 250 48
331 394 30
81 265 67
7 26 76
150 470 100
205 231 62
79 469 85
102 439 30
402 437 83
8 312 32
20 400 89
13 367 53
170 220 68
102 117 76
84 177 65
198 336 52
154 283 64
246 353 78
200 458 51
79 187 71
145 146 45
203 429 84
327 366 8
243 436 68
200 392 70
180 296 79
11 479 63
279 394 52
302 348 70
128 232 98
228 371 92
12 241 17
151 350 75
86 291 15
22 191 76
148 216 8
54 460 12
110 423 6
40 334 6
8 10 72
64 456 87
78 312 40
19 376 95
224 399 45
26 477 21
196 253 71
66 363 43
226 391 49
143 162 8
272 281 86
361 404 81
211 362 50
46 444 14
346 459 80
71 292 78
