2840 1000
0 8 36
8 14 34
14 18 90
18 26 56
26 37 50
37 45 53
45 46 48
46 47 87
47 57 69
57 68 82
68 74 42
74 81 95
81 94 40
94 97 45
97 114 29
114 123 88
123 125 47
125 130 89
130 134 58
134 149 88
149 158 55
158 160 51
160 165 6
165 175 72
175 177 31
177 182 87
182 185 30
185 194 100
194 219 77
219 222 37
222 231 6
231 234 7
234 236 51
236 256 15
256 257 13
257 261 92
261 270 71
270 275 76
275 280 32
280 287 36
287 288 48
288 292 68
292 293 5
293 302 85
302 314 77
314 324 99
324 330 32
330 335 16
335 338 15
338 339 87
339 342 41
342 357 70
357 358 71
358 362 55
362 366 34
366 372 87
372 374 29
374 378 61
378 379 29
379 381 42
381 393 93
393 395 57
395 398 89
398 407 15
407 414 77
414 425 51
425 428 11
428 429 13
429 436 85
436 437 2
437 443 64
443 447 85
447 449 95
449 457 27
457 469 93
469 474 57
474 478 56
478 485 17
485 488 83
488 492 87
492 498 3
498 529 84
529 535 87
535 546 48
546 553 61
553 555 12
555 563 23
563 576 13
576 586 67
586 592 91
592 597 78
597 606 2
606 614 15
614 625 88
625 626 72
626 637 80
637 644 4
644 647 89
647 652 5
652 659 65
659 677 42
677 681 1
681 682 62
682 692 37
692 696 3
696 699 1
699 701 43
701 703 10
703 717 95
717 719 6
719 723 1
723 729 50
729 747 36
747 759 64
759 760 11
760 769 23
769 776 24
776 778 51
778 784 96
784 788 10
788 794 12
794 796 88
796 800 36
800 808 86
808 811 64
811 814 85
814 816 8
816 831 83
831 834 100
834 840 56
840 845 51
845 850 7
850 851 20
851 855 63
855 856 69
856 868 37
868 870 72
870 885 85
885 889 90
889 890 90
890 896 4
896 902 67
902 905 31
905 906 53
906 932 87
932 938 47
938 941 94
941 956 67
956 958 25
958 976 78
976 985 1
985 990 21
990 999 73
999 1000 53
1000 1002 82
1002 1017 6
1017 1029 85
1029 1033 100
1033 1035 20
1035 1037 7
1037 1038 86
1038 1039 96
1039 1042 29
1042 1047 5
1047 1050 43
1050 1070 46
1070 1085 98
1085 1087 36
1087 1093 67
1093 1094 35
1094 1103 45
1103 1107 17
1107 1108 21
1108 1109 14
1109 1113 95
1113 1118 90
1118 1121 57
1121 1123 89
1123 1144 85
1144 1149 20
1149 1154 51
1154 1166 12
1166 1168 68
1168 1176 52
1176 1179 87
1179 1183 99
1183 1190 60
1190 1198 36
1198 1200 59
1200 1202 28
1202 1209 94
1209 1223 84
1223 1231 23
1231 1232 48
1232 1243 71
1243 1251 50
1251 1257 8
1257 1259 65
1259 1264 36
1264 1266 51
1266 1267 59
1267 1270 19
1270 1272 36
1272 1282 49
1282 1283 48
1283 1285 30
1285 1305 91
1305 1312 74
1312 1337 47
1337 1341 64
1341 1342 85
1342 1347 28
1347 1348 95
1348 1355 19
1355 1359 13
1359 1361 18
1361 1363 100
1363 1368 55
1368 1370 35
1370 1376 58
1376 1382 78
1382 1390 95
1390 1395 54
1395 1401 83
1401 1411 82
1411 1417 90
1417 1425 86
1425 1429 90
1429 1434 14
1434 1453 27
1453 1461 64
1461 1467 76
1467 1470 81
1470 1472 12
1472 1476 87
1476 1495 42
1495 1496 10
1496 1500 75
1500 1514 86
1514 1537 43
1537 1542 31
1542 1555 35
1555 1559 46
1559 1570 85
1570 1575 81
1575 1576 48
1576 1597 38
1597 1611 16
1611 1615 25
1615 1621 13
1621 1624 56
1624 1630 62
1630 1636 56
1636 1649 99
1649 1652 90
1652 1654 21
1654 1659 30
1659 1660 7
1660 1667 99
1667 1668 57
1668 1670 66
1670 1683 92
1683 1686 6
1686 1687 12
1687 1693 13
1693 1695 31
1695 1711 36
1711 1714 58
1714 1724 67
1724 1726 63
1726 1727 96
1727 1733 86
1733 1743 66
1743 1745 10
1745 1755 92
1755 1771 37
1771 1777 12
1777 1780 88
1780 1792 72
1792 1797 96
1797 1799 88
1799 1803 93
1803 1804 12
1804 1805 14
1805 1809 21
1809 1814 87
1814 1841 32
1841 1843 22
1843 1844 54
1844 1845 99
1845 1854 66
1854 1858 1
1858 1863 29
1863 1864 56
1864 1875 87
1875 1893 47
1893 1896 43
1896 1907 10
1907 1909 13
1909 1912 6
1912 1913 93
1913 1918 14
1918 1919 43
1919 1920 95
1920 1928 72
1928 1933 64
1933 1942 89
1942 1950 23
1950 1953 31
1953 1955 52
1955 1962 33
1962 1968 79
1968 1971 65
1971 1981 9
1981 1982 51
1982 2003 61
2003 2018 88
2018 2021 39
2021 2027 70
2027 2034 8
2034 2036 43
2036 2040 46
2040 2042 26
2042 2051 11
2051 2053 75
2053 2060 57
2060 2075 77
2075 2077 44
2077 2080 8
2080 2084 91
2084 2091 100
2091 2092 34
2092 2095 79
2095 2098 38
2098 2102 95
2102 2107 1
2107 2125 94
2125 2127 53
2127 2141 66
2141 2144 60
2144 2169 5
2169 2171 52
2171 2180 35
2180 2184 25
2184 2190 57
2190 2194 73
2194 2203 2
2203 2211 59
2211 2222 49
2222 2242 28
2242 2253 79
2253 2260 89
2260 2261 26
2261 2263 91
2263 2267 60
2267 2269 48
2269 2271 69
2271 2276 35
2276 2277 47
2277 2285 58
2285 2290 7
2290 2291 9
2291 2292 68
2292 2300 11
2300 2302 59
2302 2305 99
2305 2313 44
2313 2358 39
2358 2371 59
2371 2380 48
2380 2384 43
2384 2392 31
2392 2393 42
2393 2397 100
2397 2404 100
2404 2406 46
2406 2410 3
2410 2413 50
2413 2416 1
2416 2418 13
2418 2425 84
2425 2436 39
2436 2438 64
2438 2443 89
2443 2446 5
2446 2447 93
2447 2448 45
2448 2449 12
2449 2452 67
2452 2455 52
2455 2466 54
2466 2474 46
2474 2476 89
2476 2505 72
2505 2513 41
2513 2515 20
2515 2516 77
2516 2517 52
2517 2523 96
2523 2529 83
2529 2539 33
2539 2542 21
2542 2557 42
2557 2565 56
2565 2569 9
2569 2571 27
2571 2572 2
2572 2575 40
2575 2592 99
2592 2599 84
2599 2620 61
2620 2625 42
2625 2637 82
2637 2643 29
2643 2650 20
2650 2664 29
2664 2666 43
2666 2677 42
2677 2680 55
2680 2682 27
2682 2692 31
2692 2708 64
2708 2711 72
2711 2714 33
2714 2720 51
2720 2733 37
2733 2743 33
2743 2747 10
2747 2751 83
2751 2765 26
2765 2770 99
2770 2772 46
2772 2774 77
2774 2789 23
2789 2805 64
2805 2813 26
2813 2823 30
2823 2826 79
2826 2832 46
2832 2833 1
2833 2839 89
1448 2067 52
1283 2337 95
436 2280 35
259 1579 50
360 2284 33
308 2084 82
447 1374 67
239 628 59
1234 1386 49
931 1533 2
135 1464 88
43 2022 68
1531 2081 69
327 2792 69
992 2057 74
2180 2237 60
2364 2412 99
405 1356 2
88 158 74
1371 2390 83
1214 2457 84
307 908 22
1263 1402 96
1425 2134 13
2417 2796 47
770 996 77
966 2311 85
998 2769 77
816 2166 42
398 1611 55
838 1893 85
1345 2829 63
388 586 51
672 2422 84
1227 2714 66
1589 1611 68
191 235 9
2019 2455 76
960 1324 23
756 1671 88
2406 2684 19
948 1465 100
1830 2313 20
1354 1478 44
341 2203 19
68 1051 17
337 2670 100
187 1871 39
2439 2753 9
819 1851 79
2078 2405 64
345 713 10
1863 2329 6
696 1256 35
1105 1468 86
1924 2279 12
2208 2557 30
1208 1367 43
62 1811 82
760 1744 45
934 2079 78
540 2359 36
722 1704 66
537 1603 74
921 971 28
1378 2651 79
2029 2463 98
983 2836 34
1071 2646 76
288 2301 32
1832 2760 75
135 894 82
653 2606 19
78 1436 91
1029 2366 22
557 2236 60
313 1720 77
345 1865 21
764 1731 78
2003 2719 92
206 1052 81
826 2242 26
1285 1780 83
1920 2311 51
616 1965 88
1322 2466 100
534 2062 21
370 1322 21
334 2167 39
881 1022 78
2108 2191 80
392 2242 25
956 1977 79
2006 2797 8
2336 2355 8
63 1933 80
1962 2072 1
705 1988 17
971 1237 43
623 735 49
1025 1343 24
1954 2059 93
1092 2641 72
124 2363 30
2426 2580 76
1354 1615 9
1553 1715 12
293 1688 71
1201 1890 2
1609 2422 55
68 1927 92
338 795 70
946 1511 52
487 914 23
190 2826 48
1853 1926 88
1878 2246 48
25 1859 54
505 2735 4
834 2220 91
60 135 94
333 2491 68
270 1917 76
1445 1850 3
1595 1999 82
399 956 54
257 2205 81
133 382 21
2107 2592 26
82 346 73
1371 2208 11
151 2744 55
856 2324 50
691 1530 33
1351 1984 57
1433 2820 23
1332 2563 71
1848 1876 28
748 1812 12
1528 1788 37
127 2750 53
598 876 87
61 2804 99
1775 1968 88
535 642 89
496 1755 33
1295 1843 15
1866 2211 83
1189 1566 45
1616 1628 36
979 2264 46
1097 2827 16
1319 1393 53
1987 2777 45
633 712 48
794 2754 68
58 1303 53
1656 1763 57
741 1061 44
809 2160 53
201 998 84
1622 2528 90
1714 2678 30
700 1585 54
742 2013 12
47 2774 53
148 2024 72
2049 2567 38
640 2432 19
208 791 87
432 474 37
584 1481 16
29 1692 5
278 1873 65
1860 1940 91
509 860 30
452 1962 16
521 2261 21
819 1533 19
1390 2345 24
1467 1686 14
1372 1483 3
858 2073 95
745 1920 2
1316 2392 51
1307 2147 71
1022 1677 69
2290 2814 62
996 1501 52
367 452 26
2264 2388 51
2371 2787 48
85 2658 30
1287 2478 93
396 1361 98
677 2705 92
1994 2473 13
469 884 86
332 1764 53
973 1047 61
535 2620 85
651 1956 92
1398 2579 21
253 344 21
737 1544 93
390 514 91
1146 2222 44
37 1949 95
123 2638 95
973 989 91
1905 2692 43
2215 2799 61
1260 1777 23
333 808 46
1035 1711 62
43 2339 58
362 407 25
850 2703 67
92 1394 20
1057 2335 8
430 897 37
776 1895 86
2474 2797 25
1587 2020 4
395 1335 89
636 940 47
919 2280 78
699 2414 60
881 1906 54
780 2346 5
377 2412 10
1180 1989 39
864 2642 35
1308 2340 6
276 511 27
1221 1654 86
613 2667 48
1190 2718 28
411 524 91
671 2272 63
440 2522 21
93 1842 58
475 1772 51
2148 2831 80
1861 2026 45
1398 1778 90
517 2803 95
405 1866 18
1594 2737 47
1326 2276 53
23 487 52
720 1709 85
116 2679 81
700 1315 35
1869 2633 94
1985 2574 64
634 1553 31
534 536 80
349 1182 97
301 454 93
470 480 97
1104 1941 14
2592 2681 99
1817 1958 49
178 318 49
307 2778 22
138 481 97
316 914 33
414 1187 64
2506 2734 3
380 837 33
1337 2551 31
670 1392 30
1982 2509 91
402 1116 71
60 1197 93
739 2817 66
1605 2026 40
1078 2628 13
2303 2545 5
769 1828 99
1338 2214 62
1407 1877 63
1278 1949 95
468 2174 63
62 1643 100
995 2022 17
1016 2431 65
2390 2759 34
1333 2763 6
549 1486 27
359 1311 72
58 2083 62
164 943 26
1461 1492 26
2562 2606 74
1746 1945 66
395 509 22
832 2572 49
1344 1739 78
1647 2435 53
190 2038 12
586 1175 38
636 2247 97
190 663 83
618 1436 82
998 2042 77
288 405 99
440 779 87
1754 1875 61
220 1917 37
240 402 63
1496 2402 36
926 1595 17
66 334 62
2686 2783 8
1835 1837 99
1100 2069 26
1343 1781 21
1503 2177 16
479 2665 51
772 1154 33
1171 2515 21
1158 2618 87
1456 1989 23
1590 2508 13
1381 2583 29
236 993 97
318 1646 41
73 2615 35
782 2810 84
569 1848 41
150 282 22
961 2835 9
344 2590 21
1495 1855 53
650 1501 89
337 2549 2
1005 2229 35
176 886 46
165 1871 54
426 2351 41
2151 2507 65
1817 2747 77
347 2206 19
621 1669 19
862 982 25
1032 2410 66
833 2120 94
415 2801 57
1053 2543 89
487 2306 98
546 1092 3
2266 2618 95
1215 1438 27
1382 1843 23
2151 2167 55
199 1288 23
1189 2823 25
1806 1914 39
276 1088 27
1992 2716 44
789 1540 58
691 1943 55
886 2346 90
831 2009 78
2430 2788 90
1167 1309 89
639 1943 74
613 782 87
448 2667 27
985 2390 47
102 962 39
2070 2695 90
53 1018 13
1069 2202 60
536 2565 37
1859 2297 22
311 1344 73
510 2415 12
1508 1885 31
826 1840 43
588 2767 93
33 2062 25
582 1945 40
719 2589 94
1427 2340 8
1061 1978 7
1733 2641 30
482 1126 52
1762 1850 31
1738 2461 66
2442 2579 4
1530 2028 7
419 1695 31
38 1816 89
2045 2296 7
392 467 96
520 2229 50
2067 2190 24
1894 2653 21
324 727 42
521 2022 19
847 2353 98
1444 2103 98
382 2635 61
1752 2454 96
1680 2064 17
887 2325 84
276 1469 44
38 1623 73
934 971 62
1052 1250 54
2121 2299 5
1722 1843 53
1582 1843 83
979 2434 41
2337 2586 29
1200 1543 71
1064 1874 49
1975 2685 97
565 822 14
1152 2684 58
1915 2043 77
201 1895 16
181 1035 73
568 1039 99
2655 2714 35
1418 2807 13
862 1697 96
79 2360 6
2315 2607 92
1806 2049 3
1127 1349 95
78 1258 84
280 654 27
1800 2126 70
222 403 21
648 1152 40
1240 1280 14
2395 2488 23
1063 2750 8
48 1820 67
336 1833 10
1120 1987 39
1526 2819 9
854 1565 27
1795 2603 81
1508 2112 94
1399 1853 59
187 471 65
345 1956 30
93 1929 91
739 1344 100
435 2684 31
252 883 59
873 2313 50
2329 2348 95
1331 2616 80
239 2287 21
1309 1545 92
19 557 88
843 2704 10
92 1798 53
1305 2498 28
1477 2624 91
610 1915 1
1140 1864 88
1399 2466 45
61 167 39
987 2810 51
126 1627 23
1446 2367 8
191 2141 62
414 1940 81
201 2003 58
428 1481 24
1529 1837 30
220 997 42
485 2023 69
492 1173 52
1597 1681 56
952 1600 100
450 2465 38
559 1092 88
2541 2555 22
248 971 14
1 2461 49
529 980 66
2387 2838 25
1959 2599 32
866 1009 23
752 1005 18
1317 1497 74
291 474 52
439 1869 48
2446 2808 55
706 2264 31
1675 2766 16
643 2609 5
64 2354 15
196 1197 6
1126 1240 54
817 2535 94
2327 2748 98
1884 2680 44
754 2669 51
322 442 69
475 1682 35
281 2062 21
2012 2491 49
1896 1968 85
1319 1791 65
2530 2556 84
1333 1361 28
327 2335 40
1791 2182 80
2109 2526 58
1178 1259 85
0 2507 73
1548 2184 56
528 2405 31
293 2638 16
1744 1957 69
834 1595 52
806 2248 2
532 1228 28
1527 1665 46
515 1972 16
283 1860 10
826 1996 70
1548 2333 90
2539 2649 31
1144 2814 29
2303 2396 62
530 1155 39
561 1776 8
825 1678 29
969 1413 97
939 1532 99
1214 2812 17
561 2763 37
51 2407 8
754 1114 17
944 2233 83
667 2089 52
742 2624 33
2757 2791 36
614 1312 36
350 1066 99
1089 2508 61
1665 2107 1
427 2326 92
1668 2789 40
923 1219 54
752 2451 36
917 1281 55
103 462 49
39 452 30
