150 1200
0 1 1
1 2 1
2 3 1
3 4 1
4 5 1
5 6 1
6 7 1
7 8 1
8 9 1
9 10 1
10 149 1
100 149 1
18 69 1
66 27 1
62 133 1
13 134 1
108 89 1
45 96 1
62 73 1
129 120 1
85 16 1
0 111 1
22 83 1
122 133 1
0 61 1
111 122 1
0 11 1
8 99 1
99 10 1
134 35 1
143 14 1
103 44 1
49 40 1
128 39 1
25 56 1
20 149 1
67 8 1
25 16 1
39 120 1
140 149 1
4 15 1
0 91 1
18 139 1
125 136 1
143 34 1
0 141 1
137 78 1
5 46 1
81 2 1
102 123 1
91 82 1
98 109 1
0 31 1
43 104 1
126 127 1
95 86 1
43 44 1
37 8 1
72 3 1
80 149 1
116 27 1
0 101 1
97 148 1
132 93 1
32 93 1
38 19 1
143 114 1
118 69 1
145 146 1
49 90 1
110 149 1
126 27 1
148 69 1
77 8 1
135 106 1
96 117 1
17 108 1
138 139 1
14 55 1
0 121 1
70 149 1
71 112 1
56 17 1
42 73 1
108 49 1
147 78 1
106 107 1
82 143 1
14 75 1
103 24 1
127 88 1
121 72 1
79 60 1
66 107 1
19 30 1
51 112 1
108 19 1
147 58 1
36 137 1
50 149 1
34 105 1
27 8 1
83 124 1
63 64 1
85 86 1
106 117 1
131 22 1
38 99 1
104 45 1
2 143 1
68 9 1
29 110 1
118 89 1
97 38 1
99 30 1
43 144 1
83 44 1
109 80 1
24 105 1
99 90 1
142 43 1
64 95 1
38 49 1
98 89 1
88 49 1
39 80 1
59 130 1
54 35 1
4 125 1
85 106 1
109 70 1
148 139 1
137 148 1
121 2 1
57 58 1
41 72 1
144 5 1
19 130 1
98 139 1
31 82 1
91 2 1
147 98 1
66 37 1
141 142 1
1 112 1
56 7 1
41 122 1
44 5 1
95 146 1
8 89 1
83 144 1
146 97 1
90 149 1
132 133 1
75 16 1
35 86 1
79 20 1
136 147 1
33 124 1
84 85 1
85 26 1
21 132 1
9 130 1
55 126 1
33 144 1
60 149 1
55 136 1
13 34 1
24 125 1
73 104 1
14 105 1
102 143 1
66 97 1
113 74 1
48 39 1
122 83 1
128 9 1
63 34 1
29 50 1
58 129 1
39 90 1
75 46 1
66 17 1
36 127 1
34 25 1
111 102 1
5 126 1
134 45 1
117 68 1
0 131 1
121 42 1
38 139 1
53 94 1
7 128 1
86 117 1
26 107 1
127 108 1
8 29 1
23 44 1
29 130 1
7 148 1
65 66 1
89 70 1
49 30 1
0 51 1
112 113 1
40 149 1
114 25 1
57 88 1
72 53 1
34 125 1
142 103 1
62 33 1
71 122 1
105 56 1
67 68 1
144 115 1
108 39 1
17 58 1
51 102 1
112 23 1
101 72 1
61 102 1
96 47 1
103 4 1
28 19 1
52 3 1
12 103 1
123 14 1
9 70 1
73 114 1
25 76 1
14 45 1
101 122 1
128 69 1
1 122 1
56 57 1
16 27 1
148 79 1
107 128 1
15 86 1
12 43 1
33 74 1
5 86 1
3 54 1
106 47 1
93 134 1
55 36 1
136 7 1
98 39 1
25 96 1
115 56 1
69 130 1
82 13 1
32 83 1
54 105 1
97 118 1
69 70 1
128 29 1
89 110 1
141 2 1
42 23 1
130 149 1
83 114 1
37 28 1
113 84 1
1 102 1
147 118 1
106 7 1
102 83 1
74 25 1
82 133 1
51 62 1
15 146 1
53 134 1
33 4 1
51 132 1
92 23 1
18 119 1
52 23 1
16 137 1
46 117 1
82 33 1
75 126 1
126 67 1
48 89 1
42 133 1
24 65 1
13 104 1
19 50 1
6 77 1
109 10 1
133 84 1
93 114 1
19 120 1
53 144 1
79 100 1
105 126 1
121 32 1
21 142 1
107 88 1
59 110 1
56 77 1
57 138 1
81 92 1
30 149 1
86 27 1
5 106 1
121 12 1
26 97 1
58 119 1
49 50 1
74 45 1
45 56 1
104 65 1
4 115 1
27 118 1
37 48 1
97 78 1
75 116 1
33 104 1
124 5 1
127 8 1
78 129 1
14 115 1
35 6 1
8 59 1
104 95 1
0 81 1
9 20 1
109 50 1
144 15 1
57 108 1
136 47 1
6 67 1
147 28 1
113 134 1
95 126 1
95 6 1
38 29 1
8 19 1
114 75 1
111 112 1
148 109 1
22 63 1
82 3 1
74 115 1
6 57 1
72 103 1
4 35 1
143 54 1
7 68 1
65 86 1
129 100 1
116 87 1
72 123 1
73 94 1
1 22 1
99 20 1
95 36 1
101 32 1
146 67 1
56 117 1
0 71 1
43 84 1
76 107 1
28 69 1
124 65 1
53 14 1
17 28 1
148 9 1
56 37 1
142 13 1
59 10 1
1 72 1
126 87 1
146 7 1
115 76 1
91 22 1
114 125 1
144 125 1
36 107 1
41 12 1
47 48 1
106 37 1
124 85 1
73 74 1
43 94 1
36 147 1
139 70 1
24 25 1
52 143 1
106 17 1
122 13 1
0 41 1
82 63 1
34 15 1
62 23 1
59 60 1
87 28 1
87 48 1
144 75 1
9 80 1
129 10 1
112 143 1
107 78 1
45 6 1
117 118 1
11 142 1
105 36 1
139 40 1
51 82 1
121 132 1
107 148 1
115 16 1
129 50 1
121 92 1
137 48 1
112 53 1
112 43 1
91 92 1
62 123 1
96 147 1
63 74 1
78 79 1
108 79 1
0 21 1
1 32 1
132 113 1
141 102 1
37 148 1
42 143 1
79 50 1
138 99 1
41 92 1
46 57 1
77 48 1
93 84 1
21 12 1
21 32 1
54 135 1
101 12 1
102 113 1
92 113 1
32 73 1
88 69 1
82 113 1
13 54 1
64 35 1
123 34 1
92 123 1
39 60 1
120 149 1
122 53 1
5 76 1
129 90 1
99 80 1
21 112 1
79 10 1
91 12 1
126 7 1
145 106 1
127 18 1
86 7 1
96 67 1
146 117 1
46 77 1
102 13 1
37 88 1
17 98 1
134 55 1
86 57 1
94 125 1
83 4 1
24 35 1
147 138 1
19 90 1
45 136 1
119 100 1
49 130 1
67 118 1
52 43 1
3 74 1
39 70 1
65 146 1
109 60 1
65 46 1
81 12 1
99 70 1
73 54 1
122 63 1
96 17 1
136 67 1
15 36 1
91 102 1
2 53 1
34 115 1
18 9 1
64 25 1
109 130 1
128 89 1
43 114 1
66 147 1
31 72 1
7 108 1
56 137 1
19 10 1
119 50 1
139 50 1
94 75 1
86 47 1
73 64 1
54 75 1
69 50 1
38 69 1
13 84 1
103 104 1
3 124 1
115 46 1
74 105 1
93 74 1
16 97 1
73 134 1
123 4 1
98 59 1
8 69 1
12 123 1
45 26 1
89 130 1
31 22 1
61 52 1
19 60 1
83 104 1
3 114 1
111 22 1
65 36 1
14 125 1
43 134 1
87 108 1
136 117 1
87 118 1
1 42 1
23 4 1
68 79 1
13 24 1
146 27 1
143 124 1
7 118 1
99 40 1
145 76 1
136 37 1
65 56 1
12 83 1
125 46 1
112 133 1
145 36 1
137 128 1
4 65 1
22 133 1
128 19 1
129 140 1
17 128 1
37 98 1
114 95 1
44 45 1
53 24 1
118 59 1
147 18 1
33 134 1
55 146 1
9 120 1
29 30 1
21 102 1
83 34 1
127 28 1
54 65 1
53 64 1
71 62 1
26 77 1
124 35 1
19 40 1
65 76 1
68 129 1
48 139 1
33 94 1
92 73 1
135 116 1
132 23 1
19 80 1
66 127 1
49 100 1
51 42 1
95 106 1
142 33 1
92 93 1
119 110 1
59 80 1
99 130 1
116 107 1
33 114 1
131 42 1
76 27 1
54 45 1
71 52 1
119 80 1
36 47 1
139 130 1
3 144 1
47 88 1
32 33 1
72 33 1
59 90 1
85 66 1
131 12 1
29 10 1
139 140 1
58 89 1
27 58 1
2 63 1
69 10 1
125 126 1
59 30 1
145 6 1
55 26 1
61 22 1
28 49 1
99 100 1
89 50 1
104 125 1
31 132 1
27 18 1
88 39 1
9 60 1
143 24 1
39 40 1
95 96 1
98 19 1
71 12 1
127 78 1
93 34 1
146 77 1
113 104 1
79 80 1
101 142 1
22 3 1
61 82 1
122 23 1
77 118 1
85 6 1
91 132 1
55 96 1
102 43 1
72 43 1
37 108 1
49 140 1
75 36 1
119 60 1
41 112 1
98 29 1
93 64 1
31 142 1
63 44 1
47 78 1
112 73 1
91 32 1
33 64 1
112 93 1
107 18 1
7 58 1
43 64 1
86 17 1
134 5 1
17 8 1
32 123 1
105 76 1
46 97 1
79 40 1
36 87 1
113 24 1
147 8 1
31 52 1
2 103 1
79 30 1
111 32 1
44 125 1
117 48 1
69 40 1
113 54 1
101 132 1
25 116 1
25 146 1
33 14 1
106 67 1
47 38 1
138 109 1
42 103 1
111 42 1
116 7 1
9 50 1
3 84 1
9 90 1
88 119 1
38 89 1
23 34 1
117 18 1
125 6 1
34 65 1
124 105 1
25 126 1
131 92 1
147 38 1
76 57 1
137 38 1
83 54 1
51 142 1
28 39 1
6 127 1
134 85 1
16 17 1
123 74 1
33 44 1
124 95 1
18 89 1
106 127 1
64 65 1
35 56 1
79 90 1
44 105 1
79 130 1
77 28 1
7 138 1
109 110 1
5 26 1
131 82 1
143 104 1
141 112 1
96 107 1
37 18 1
71 22 1
33 34 1
29 140 1
65 16 1
7 78 1
117 8 1
28 9 1
89 100 1
29 80 1
68 29 1
97 18 1
141 122 1
74 95 1
35 96 1
114 105 1
88 9 1
12 53 1
119 120 1
84 5 1
3 14 1
147 128 1
32 63 1
43 24 1
65 96 1
73 144 1
7 38 1
116 57 1
26 67 1
116 117 1
84 145 1
15 136 1
128 49 1
48 109 1
143 64 1
87 88 1
64 145 1
89 140 1
145 96 1
79 110 1
49 10 1
118 39 1
38 79 1
66 67 1
85 76 1
7 18 1
39 130 1
117 138 1
84 15 1
92 53 1
57 78 1
77 18 1
58 49 1
139 120 1
9 40 1
105 6 1
22 43 1
52 53 1
56 47 1
114 55 1
97 28 1
96 127 1
57 148 1
128 99 1
71 132 1
27 98 1
133 14 1
12 133 1
72 73 1
26 147 1
28 89 1
81 72 1
131 2 1
11 52 1
83 94 1
3 134 1
46 37 1
68 109 1
27 128 1
22 143 1
115 36 1
29 40 1
35 146 1
138 69 1
77 88 1
28 99 1
25 136 1
61 32 1
35 76 1
117 58 1
103 54 1
138 49 1
31 112 1
129 60 1
84 115 1
1 92 1
109 90 1
49 120 1
6 87 1
55 56 1
34 85 1
26 57 1
92 133 1
62 53 1
114 65 1
81 102 1
116 77 1
139 80 1
25 86 1
67 38 1
128 79 1
105 16 1
23 74 1
87 38 1
143 4 1
52 13 1
24 55 1
56 27 1
116 37 1
125 56 1
9 110 1
144 85 1
102 73 1
83 14 1
57 118 1
51 52 1
132 123 1
54 85 1
25 36 1
76 87 1
96 27 1
53 114 1
146 147 1
48 79 1
89 80 1
6 97 1
82 93 1
76 17 1
78 49 1
104 5 1
142 23 1
46 7 1
47 8 1
112 103 1
125 76 1
113 114 1
75 66 1
24 75 1
141 32 1
97 138 1
56 67 1
129 30 1
122 43 1
86 67 1
82 23 1
106 137 1
124 15 1
95 16 1
83 74 1
2 123 1
51 2 1
119 20 1
82 83 1
132 43 1
147 108 1
68 49 1
94 105 1
124 135 1
44 65 1
122 123 1
54 55 1
98 99 1
58 29 1
104 105 1
67 58 1
121 62 1
104 85 1
68 119 1
24 145 1
53 84 1
101 62 1
62 13 1
108 109 1
109 140 1
134 145 1
128 59 1
3 104 1
38 109 1
48 69 1
118 99 1
46 147 1
75 76 1
23 24 1
44 15 1
106 147 1
135 86 1
129 70 1
138 119 1
137 28 1
52 123 1
91 142 1
124 115 1
128 139 1
76 47 1
115 136 1
23 64 1
47 108 1
77 138 1
97 88 1
56 127 1
96 87 1
142 113 1
108 29 1
61 112 1
36 67 1
72 133 1
105 96 1
64 85 1
134 25 1
72 23 1
46 67 1
83 134 1
39 20 1
92 3 1
74 125 1
22 53 1
22 23 1
88 139 1
107 108 1
136 107 1
52 73 1
71 42 1
115 106 1
29 20 1
85 56 1
63 14 1
97 8 1
31 2 1
74 145 1
16 127 1
16 37 1
13 74 1
24 135 1
132 103 1
126 77 1
82 43 1
22 73 1
37 128 1
121 102 1
11 12 1
131 122 1
134 75 1
119 140 1
102 103 1
15 46 1
59 140 1
114 5 1
32 43 1
114 145 1
123 24 1
138 9 1
107 48 1
72 63 1
129 130 1
27 138 1
136 87 1
12 73 1
67 128 1
18 39 1
142 143 1
88 129 1
137 18 1
36 97 1
63 144 1
118 49 1
91 112 1
104 15 1
25 26 1
32 23 1
61 2 1
16 47 1
138 39 1
79 70 1
143 94 1
11 22 1
58 139 1
107 28 1
41 42 1
132 143 1
54 145 1
11 62 1
71 92 1
95 26 1
108 119 1
1 82 1
103 74 1
126 97 1
59 120 1
123 44 1
102 53 1
103 14 1
91 62 1
112 83 1
12 113 1
79 140 1
57 38 1
131 102 1
47 118 1
15 96 1
126 137 1
84 75 1
89 30 1
78 9 1
5 36 1
18 129 1
48 129 1
49 80 1
81 62 1
78 69 1
55 76 1
142 73 1
47 128 1
118 129 1
103 34 1
132 13 1
1 142 1
48 99 1
64 135 1
148 129 1
74 15 1
55 116 1
84 105 1
104 75 1
85 36 1
134 135 1
58 79 1
42 13 1
112 13 1
11 82 1
148 59 1
42 113 1
6 27 1
6 137 1
139 90 1
8 109 1
71 102 1
108 69 1
27 68 1
42 83 1
12 143 1
62 63 1
16 147 1
15 126 1
94 85 1
23 94 1
113 94 1
48 119 1
131 62 1
56 97 1
148 49 1
73 84 1
103 64 1
78 89 1
68 139 1
138 89 1
137 68 1
105 116 1
136 127 1
21 22 1
38 129 1
69 100 1
148 99 1
27 28 1
86 127 1
6 117 1
94 95 1
27 78 1
75 106 1
24 5 1
54 115 1
98 129 1
104 35 1
144 25 1
85 146 1
51 92 1
89 10 1
45 36 1
93 104 1
141 92 1
38 39 1
114 135 1
46 87 1
16 77 1
42 123 1
94 25 1
66 47 1
34 45 1
19 70 1
94 5 1
133 64 1
49 20 1
89 60 1
88 79 1
147 48 1
45 106 1
47 18 1
135 16 1
125 66 1
29 120 1
58 39 1
78 59 1
112 63 1
139 10 1
14 85 1
71 142 1
14 35 1
26 137 1
2 13 1
119 70 1
147 68 1
33 84 1
63 84 1
9 30 1
26 47 1
44 85 1
69 120 1
89 40 1
45 126 1
45 76 1
144 145 1
52 93 1
5 56 1
81 42 1
4 95 1
52 113 1
142 3 1
42 33 1
4 55 1
85 96 1
14 15 1
36 17 1
132 3 1
11 122 1
54 15 1
116 137 1
121 112 1
51 22 1
136 77 1
74 85 1
2 93 1
35 36 1
132 73 1
102 3 1
126 57 1
4 105 1
55 6 1
111 12 1
145 136 1
117 88 1
92 143 1
26 7 1
125 106 1
26 17 1
