500 7100
0 50 58
50 61 45
61 85 70
85 109 32
109 111 82
111 118 19
118 218 78
218 237 32
237 273 5
273 284 41
284 385 84
385 405 80
405 468 53
468 484 5
484 499 47
168 443 59
82 206 64
55 209 34
99 167 74
179 319 96
272 337 38
24 360 24
32 370 41
295 417 74
146 462 87
33 240 94
27 471 15
72 305 31
99 326 62
366 398 19
190 270 43
166 387 54
15 369 19
129 353 66
297 417 27
254 304 58
106 198 65
139 191 52
149 196 83
311 448 53
85 205 1
29 468 76
39 48 15
392 459 15
129 467 24
463 496 32
267 433 36
41 485 35
42 390 1
224 227 16
242 249 27
6 183 81
192 365 51
57 440 98
279 370 72
222 226 71
10 202 47
294 494 1
176 278 29
264 426 73
114 493 55
322 368 61
121 272 7
137 197 62
183 372 26
341 364 35
209 259 41
48 178 85
16 367 69
328 431 45
91 488 94
183 245 82
6 363 43
280 299 64
162 436 60
3 330 43
4 383 95
199 387 39
81 143 18
3 286 66
42 223 45
134 438 25
244 326 61
97 185 21
0 193 69
215 226 6
81 418 35
120 127 87
48 411 6
85 382 30
15 393 47
8 447 11
155 258 81
338 409 35
59 100 45
225 371 75
121 185 67
279 346 27
167 353 41
141 374 22
100 297 9
55 353 25
114 252 34
43 285 28
140 157 23
167 207 32
288 437 7
62 283 76
25 136 37
38 312 18
114 498 55
30 355 62
250 448 66
0 373 48
306 498 87
207 394 52
84 201 21
112 274 18
207 393 45
145 192 100
178 238 50
371 393 36
309 351 4
100 409 9
309 450 22
261 436 36
29 255 63
139 256 52
84 149 72
156 284 57
220 320 51
166 429 54
6 85 67
110 119 53
90 253 34
131 153 55
175 455 27
43 122 43
448 481 91
70 308 53
35 498 7
84 408 37
172 459 18
174 252 68
11 477 31
241 422 100
237 342 100
11 109 4
188 314 63
57 346 26
69 179 2
133 137 52
27 61 43
87 309 88
8 287 74
109 238 7
75 137 61
173 177 78
5 449 100
160 478 100
179 271 28
135 155 29
105 252 64
338 346 60
365 479 63
26 245 93
105 161 80
13 165 29
64 340 98
68 212 35
116 284 97
144 482 26
186 284 48
149 170 82
159 233 23
63 256 34
336 383 68
316 421 71
287 466 19
200 472 61
76 370 85
142 377 34
43 451 95
334 380 27
193 336 68
274 416 64
151 358 24
99 460 81
184 354 14
259 486 80
111 419 77
121 441 39
213 361 9
184 424 83
142 476 51
74 192 24
88 304 34
137 243 48
291 388 75
275 373 23
53 360 57
318 396 100
30 125 50
177 378 29
458 466 52
397 440 34
129 249 93
323 386 16
71 363 11
77 118 71
250 384 46
155 409 72
22 342 96
73 400 56
10 378 5
166 223 80
154 298 74
155 230 9
99 175 44
24 49 2
98 110 85
334 492 94
160 493 37
41 306 63
185 400 91
151 384 87
39 69 53
262 467 84
421 477 42
29 171 32
102 268 90
54 348 36
39 279 29
252 256 89
134 423 35
245 317 58
7 153 80
113 486 74
208 359 37
20 280 60
28 263 74
258 464 48
119 246 41
199 432 82
33 95 79
141 272 87
192 460 53
127 425 26
4 201 54
3 362 36
125 272 44
25 362 1
120 376 97
140 181 38
469 479 7
268 403 32
371 491 38
77 362 35
5 47 9
15 72 46
65 318 26
46 196 32
215 420 51
57 111 38
18 71 80
190 438 34
70 188 100
281 374 23
349 433 30
35 375 8
289 411 79
254 271 70
108 358 17
55 238 11
362 478 67
165 282 33
308 384 56
359 388 17
293 370 18
3 282 70
173 324 17
242 415 33
385 404 11
3 197 44
36 406 80
338 342 2
30 373 5
347 419 22
38 117 3
387 428 63
142 155 91
8 329 65
263 494 58
127 423 76
145 152 24
159 245 10
158 343 8
156 428 23
155 389 94
77 468 7
59 385 39
217 454 47
56 440 2
356 414 98
62 115 51
17 417 44
212 340 100
194 275 49
401 470 69
212 217 98
270 414 70
183 388 39
106 222 11
391 491 69
92 334 57
487 494 72
19 152 58
100 195 20
264 349 83
180 457 1
53 483 45
296 399 38
404 479 18
161 286 88
201 482 47
254 347 55
47 296 48
301 342 6
141 150 37
59 136 31
167 361 48
85 472 65
252 272 76
9 22 58
41 303 50
194 321 18
35 302 68
126 487 97
7 373 68
469 488 73
98 114 8
353 405 45
263 328 57
74 320 74
373 398 68
238 441 35
215 301 96
364 489 3
241 299 13
92 367 59
322 377 41
3 380 15
272 312 29
127 441 31
317 399 66
29 324 69
43 428 11
76 113 10
168 249 24
118 456 53
146 153 32
92 375 78
61 132 43
81 169 19
288 446 19
207 410 92
388 428 92
367 455 16
235 418 44
9 330 13
50 470 19
317 371 80
177 418 27
241 448 62
205 472 72
292 462 71
175 356 92
18 329 8
11 201 10
181 190 3
280 305 46
202 288 69
420 483 62
1 186 84
77 332 69
56 448 2
257 361 95
109 355 98
341 464 80
107 453 36
182 369 41
96 218 36
212 403 48
181 191 70
239 272 26
81 386 13
238 282 98
186 334 41
70 122 25
116 303 32
351 453 100
165 287 30
17 79 54
148 425 77
161 319 78
226 403 95
172 361 23
149 324 81
119 237 18
117 395 85
25 99 97
70 491 17
42 308 68
16 64 25
87 194 48
283 366 70
49 312 91
21 470 21
191 456 35
169 238 70
95 280 81
45 389 38
171 201 76
132 327 13
204 438 84
71 270 13
387 415 2
54 341 39
274 365 84
283 408 25
181 263 72
115 120 93
211 308 24
98 130 12
59 143 33
378 405 59
44 450 59
462 493 82
51 54 87
137 240 53
175 254 86
87 110 32
272 394 69
158 320 31
146 281 54
299 311 64
187 205 21
174 300 30
373 487 46
359 484 44
55 279 81
153 390 87
168 411 71
60 177 14
14 236 90
188 422 83
183 224 18
448 493 88
108 233 27
79 192 40
75 162 79
41 333 98
194 425 96
86 224 2
10 46 2
171 403 95
213 369 22
122 436 2
154 179 23
281 359 63
154 301 90
296 491 79
349 369 57
14 66 95
189 262 31
252 318 17
371 445 39
49 455 37
403 456 33
418 484 60
130 184 62
15 412 57
417 437 16
30 487 92
159 447 12
319 489 32
96 301 93
303 470 84
403 447 98
105 124 41
345 375 33
160 334 11
396 413 24
43 391 43
188 320 41
108 151 70
31 164 12
217 305 33
37 484 59
139 429 58
33 476 18
152 200 92
81 179 76
248 261 97
29 215 96
298 324 87
141 348 86
47 400 88
194 495 33
0 499 91
327 425 9
161 224 13
310 494 64
378 387 72
294 400 31
124 462 28
170 324 86
265 350 56
202 294 42
286 437 30
107 135 71
43 196 53
352 375 73
277 356 79
74 184 78
386 417 42
131 414 17
180 329 46
210 333 8
190 249 72
14 359 46
301 379 4
207 215 32
143 405 37
54 265 12
47 448 27
117 161 43
87 443 5
124 244 18
325 448 7
139 434 22
334 374 47
157 386 88
31 462 22
92 358 87
162 278 88
243 286 6
433 449 85
409 436 60
151 437 28
241 319 44
17 273 64
46 458 89
368 392 77
281 316 44
292 390 81
42 83 80
147 203 33
25 90 23
37 431 53
283 440 33
72 173 95
16 30 32
216 304 63
77 214 95
137 482 35
79 161 7
297 313 46
251 445 30
338 462 84
479 481 5
267 449 98
391 410 58
95 185 76
264 480 35
279 351 83
85 272 13
297 311 30
161 304 41
252 397 59
9 174 9
332 422 7
3 466 50
159 187 96
40 159 76
82 216 15
256 475 96
166 470 23
10 132 54
138 180 33
47 319 65
52 403 89
23 264 41
308 361 92
318 342 24
308 415 52
352 474 71
192 331 62
21 349 28
193 373 19
90 386 54
42 200 3
178 321 55
46 253 57
134 483 93
313 337 35
183 433 70
27 186 75
60 217 18
257 484 18
264 305 98
319 469 87
1 256 77
144 252 56
385 433 49
364 422 44
166 472 79
124 327 48
1 143 85
57 202 45
0 12 28
105 281 53
86 339 13
43 59 97
325 343 8
74 281 61
72 220 37
140 289 32
66 349 71
47 136 91
170 292 85
79 384 24
411 429 73
413 414 78
119 356 2
461 490 56
140 434 81
123 276 50
113 202 74
173 303 75
91 412 78
106 202 29
131 412 29
128 371 26
250 349 55
271 443 70
82 436 61
67 281 17
76 249 72
40 373 27
344 411 72
264 345 92
239 273 88
82 221 59
153 446 41
260 365 31
231 469 59
71 188 21
68 347 51
13 39 63
45 352 1
83 157 21
54 127 85
164 272 51
155 277 96
225 319 13
29 37 52
182 284 3
176 381 14
91 211 96
74 475 72
13 266 35
118 214 40
220 385 73
282 331 95
169 346 83
276 281 10
196 426 3
7 27 76
278 287 7
425 482 66
24 258 53
237 366 26
308 405 25
60 400 9
16 168 41
181 314 18
190 363 4
97 386 65
125 369 42
63 259 6
152 476 67
36 210 16
5 274 51
153 330 24
155 347 78
93 357 34
300 449 24
64 484 83
240 333 39
143 408 38
303 436 4
57 265 13
62 412 25
222 427 47
94 250 75
140 205 82
51 415 28
73 406 80
118 497 91
27 214 48
1 427 70
20 337 1
44 50 30
399 426 17
256 425 8
321 481 23
51 149 92
44 188 69
226 262 52
80 140 34
78 212 93
251 419 82
104 227 24
77 275 85
234 416 82
197 207 78
340 429 20
55 256 33
345 428 95
44 381 39
140 329 96
134 189 86
44 131 33
231 317 41
45 182 79
70 493 1
122 268 69
214 491 89
199 255 94
142 345 42
276 437 2
108 118 54
207 402 56
214 363 27
92 296 83
43 130 36
16 172 40
87 331 23
309 394 64
132 357 8
244 361 94
164 231 45
289 313 71
40 145 99
187 471 96
21 265 62
103 207 22
111 229 64
210 416 7
84 194 68
352 427 37
5 26 81
290 346 44
33 462 25
77 343 16
101 493 66
38 478 63
84 156 72
269 452 54
26 169 11
274 335 76
196 460 89
8 432 22
29 166 8
153 333 54
348 375 96
5 314 27
139 333 55
341 465 11
347 349 91
281 356 56
421 442 15
47 80 40
103 133 36
132 212 28
293 344 20
383 477 31
184 255 57
225 390 13
87 102 99
45 71 65
42 407 39
363 449 96
43 99 69
157 283 18
175 476 31
69 189 39
338 487 45
84 247 17
102 313 66
78 444 39
294 487 16
272 497 13
107 409 13
54 386 62
63 410 72
173 271 22
113 494 98
143 334 84
236 241 4
89 467 4
178 322 4
80 228 39
322 434 58
59 316 48
395 424 69
133 176 58
146 362 84
347 417 19
23 434 15
53 413 77
46 406 97
48 393 86
367 496 32
366 466 4
163 378 26
209 287 4
102 459 82
171 475 14
119 182 20
234 486 11
342 389 71
198 209 29
449 455 89
276 422 58
399 415 100
67 469 43
137 375 56
162 442 35
15 226 1
141 441 65
134 490 39
333 431 40
294 336 42
97 298 78
255 361 18
85 340 56
385 415 19
3 200 6
278 387 74
325 468 42
15 423 3
49 192 72
254 452 60
79 495 37
175 267 21
291 457 81
40 227 18
192 296 79
99 242 37
52 436 2
215 231 26
307 448 35
334 393 59
127 492 94
177 311 83
34 79 74
190 389 65
302 353 33
407 442 99
169 408 85
2 335 92
263 442 83
404 409 7
3 105 43
96 183 11
148 182 83
204 483 65
25 476 90
22 27 22
112 213 58
177 440 20
277 395 47
95 235 38
286 429 82
59 121 55
34 316 50
243 439 96
209 309 98
213 241 84
290 331 93
404 413 57
127 321 35
173 357 15
64 231 31
198 279 24
28 201 92
145 424 47
372 464 71
90 450 76
23 359 36
123 270 25
293 375 48
208 250 76
265 390 11
130 227 33
192 209 60
29 67 35
98 244 21
418 421 72
380 476 7
246 323 69
188 478 57
448 450 43
27 443 76
33 384 69
337 346 94
45 253 84
39 243 81
231 440 51
107 169 86
1 109 81
210 484 14
333 444 32
83 355 60
139 283 99
118 424 66
71 495 86
41 447 32
128 132 14
197 413 33
296 486 84
125 239 64
124 178 37
69 219 26
130 480 7
36 114 68
104 496 48
293 484 77
88 481 41
213 359 97
133 246 89
50 305 66
362 394 87
150 431 77
458 489 97
66 326 35
40 264 53
145 423 55
1 84 4
15 452 85
183 459 1
108 251 57
234 427 34
102 259 11
247 392 20
31 297 35
140 373 28
71 471 98
123 491 81
110 490 14
406 442 80
100 459 14
121 282 30
26 458 7
87 429 46
38 347 59
272 399 16
185 412 25
267 345 32
168 396 2
299 337 4
253 380 51
233 427 58
188 497 15
35 215 13
387 445 44
107 181 98
293 448 29
332 404 31
258 483 16
218 446 4
117 171 41
362 486 11
390 490 72
99 285 73
206 473 11
217 239 21
269 379 25
228 270 87
177 201 24
48 142 31
312 366 79
283 371 43
143 428 90
37 482 55
81 219 42
149 218 94
4 191 89
177 293 46
80 186 49
98 325 38
13 392 95
129 218 59
12 323 20
0 117 24
47 259 64
211 395 92
141 332 91
69 247 55
315 468 47
148 188 31
166 351 13
134 286 39
265 423 8
33 165 39
125 453 78
11 287 40
55 390 83
180 478 35
300 419 20
82 445 18
274 316 8
182 354 97
78 309 42
169 416 34
379 463 82
189 349 13
113 401 19
385 401 32
354 387 27
5 107 65
34 391 57
251 469 51
3 487 61
187 389 86
121 205 84
395 475 43
157 452 25
180 216 57
180 238 2
162 337 72
252 405 56
68 239 87
220 373 71
36 334 88
27 141 3
46 445 59
140 427 27
415 497 50
65 171 38
65 479 56
25 163 45
27 90 72
0 24 75
396 457 65
29 73 75
60 281 95
150 422 62
2 326 33
24 105 69
54 331 57
270 453 59
134 174 66
302 373 21
284 326 31
399 445 49
150 378 64
176 227 66
24 497 72
12 256 59
106 373 64
341 492 34
28 477 11
116 229 16
225 251 93
87 363 42
418 467 24
175 188 2
36 429 3
360 496 24
216 372 76
25 168 88
309 375 36
57 491 6
142 236 36
114 119 9
228 325 58
113 440 12
44 378 56
385 429 34
59 281 8
79 454 30
45 288 63
32 209 93
166 190 51
97 376 9
207 232 17
20 161 90
252 485 35
137 386 84
67 429 26
91 325 59
235 384 62
182 436 94
69 426 24
231 468 69
75 289 6
146 434 51
184 364 99
105 231 42
239 342 40
146 207 83
173 475 61
107 193 5
59 196 82
175 276 5
151 211 25
1 197 11
27 129 53
102 123 55
66 209 50
75 458 40
181 297 9
7 426 32
262 418 74
273 375 81
244 347 69
73 464 83
435 488 24
117 237 57
119 342 28
53 236 93
231 493 33
307 497 10
175 227 28
108 311 65
243 252 94
410 423 55
180 448 88
201 413 76
243 259 24
90 153 41
136 188 83
389 404 80
297 335 95
221 483 84
140 347 57
369 378 89
149 295 43
29 418 1
251 296 91
48 434 35
264 377 29
409 419 6
350 367 93
210 349 38
266 310 84
248 415 50
30 137 8
167 409 47
182 324 74
205 432 56
198 371 43
127 343 20
79 116 3
176 245 17
259 361 88
346 437 63
85 466 21
117 195 98
215 237 54
119 359 39
135 317 96
326 356 29
154 284 21
113 144 14
19 232 16
80 189 77
131 224 15
93 151 100
339 435 70
388 482 14
110 281 8
192 291 80
227 271 27
25 235 19
40 493 91
142 422 36
300 320 66
199 419 77
46 90 8
245 444 43
198 430 62
162 498 25
90 143 19
366 463 39
11 283 83
382 456 68
33 66 99
114 377 28
182 478 99
126 428 98
42 429 10
277 308 79
72 402 47
6 290 46
42 289 34
159 303 90
233 306 17
231 399 59
249 384 15
426 492 62
412 436 83
103 245 92
44 169 49
123 158 8
175 252 28
104 278 77
48 489 21
333 384 91
152 321 76
174 196 49
226 406 38
281 305 80
59 193 55
388 432 81
56 219 34
29 117 59
12 440 63
49 210 74
122 179 65
133 403 63
350 368 9
170 426 63
277 490 84
365 422 20
9 284 43
117 232 26
142 448 24
22 327 70
223 450 26
31 433 45
259 276 16
128 414 8
126 432 21
133 467 49
105 381 55
194 295 12
157 236 2
13 21 56
349 426 48
42 265 80
42 252 17
139 306 17
18 135 27
127 258 1
116 363 26
289 489 35
381 395 57
257 267 8
9 273 36
214 464 68
7 440 60
3 110 34
154 369 33
412 413 27
30 183 64
156 274 16
19 300 76
273 440 2
235 237 83
146 263 22
192 410 48
70 213 53
342 401 84
305 499 87
370 436 12
228 322 14
146 186 15
50 326 53
234 413 45
129 242 18
159 299 94
142 415 78
35 429 94
108 246 39
194 331 95
95 395 48
69 342 93
145 450 4
318 463 55
336 471 7
131 144 91
162 367 90
274 356 100
154 259 100
18 102 66
283 456 7
116 282 86
108 181 85
332 463 46
21 442 84
273 474 79
292 378 9
24 243 100
220 310 69
56 221 73
25 233 77
29 42 47
38 73 87
3 352 19
4 342 96
34 162 41
25 95 16
32 429 98
451 499 73
288 296 13
231 354 62
296 324 7
41 295 74
424 463 43
175 301 36
0 162 10
282 291 82
49 413 68
282 435 57
16 139 97
74 459 20
26 89 8
129 483 50
301 477 77
76 378 67
24 495 17
14 438 19
228 424 21
348 420 87
88 394 36
189 364 100
168 367 25
0 366 70
336 411 74
13 102 87
192 442 93
182 497 19
136 331 16
90 448 20
228 256 1
212 477 46
41 383 87
202 462 13
299 487 18
401 415 60
182 453 62
167 316 39
27 270 78
73 439 3
288 307 85
391 435 15
342 491 9
53 159 79
140 400 47
304 470 73
68 88 67
256 358 69
88 333 89
41 309 38
191 383 27
192 378 88
6 36 74
283 374 25
315 430 39
128 177 79
158 403 92
78 381 70
224 447 50
343 472 41
256 288 33
127 356 41
111 391 66
250 469 91
121 124 60
180 245 72
47 402 8
11 77 41
272 424 89
184 394 10
274 290 89
71 113 67
75 317 49
19 96 39
58 220 5
98 113 54
322 375 79
37 217 7
97 204 81
110 189 46
161 308 75
67 497 23
291 405 71
139 183 33
6 229 47
348 445 39
332 392 92
15 314 33
148 426 73
98 220 18
275 423 91
3 198 8
173 234 98
291 461 65
167 446 38
337 377 27
6 219 69
174 371 37
279 352 6
177 198 64
176 411 26
23 408 12
146 260 54
62 401 92
141 449 94
27 366 77
425 455 17
155 377 53
226 470 25
236 326 28
32 264 72
219 475 65
298 490 26
253 358 65
335 350 88
124 222 91
28 400 74
21 461 71
48 112 8
43 401 79
362 481 95
145 432 14
50 164 61
237 256 89
244 409 57
45 262 58
286 407 93
198 481 98
187 206 74
152 340 100
133 273 95
13 241 58
28 190 65
181 447 29
268 325 90
210 312 67
70 96 36
268 314 65
24 314 42
212 292 38
79 457 24
48 318 12
188 283 18
194 366 55
363 364 68
50 346 54
255 398 34
235 443 9
170 242 86
35 119 51
17 171 3
10 341 88
359 443 14
52 374 16
137 265 3
70 113 77
112 393 38
52 451 79
49 51 46
25 31 60
258 458 85
318 401 33
141 345 80
46 158 38
261 408 17
108 345 80
0 464 52
237 413 56
282 418 15
106 466 47
192 445 64
358 464 84
142 335 19
32 333 18
175 257 40
262 407 72
55 471 81
224 241 39
284 324 19
425 457 100
91 167 21
31 327 42
157 290 29
132 215 73
239 352 39
325 361 54
80 480 55
116 246 11
94 198 51
321 484 18
229 339 52
57 257 88
165 340 3
206 465 75
37 203 14
177 465 76
205 453 10
113 391 79
322 449 7
90 373 82
264 472 33
149 207 97
203 352 25
254 428 56
128 223 95
39 391 59
51 203 88
295 323 91
238 400 43
396 437 13
164 205 54
264 379 84
83 224 56
121 379 72
27 289 44
197 231 15
87 394 68
96 345 73
285 423 5
163 255 98
2 117 93
122 424 7
32 258 89
253 315 85
89 310 72
186 495 96
125 445 66
395 493 95
27 140 19
320 432 42
245 468 99
52 155 50
217 457 69
202 223 76
63 400 78
245 478 95
138 171 82
14 228 91
114 157 37
367 389 75
169 315 17
139 246 15
71 326 61
206 309 42
82 189 81
284 287 84
81 370 94
449 497 70
332 369 34
191 308 20
23 482 43
113 393 19
45 249 93
285 495 96
109 356 83
298 379 17
232 246 23
222 362 13
303 305 16
144 378 61
187 216 77
374 459 72
400 443 67
3 203 84
379 398 30
177 477 58
284 394 43
1 463 86
295 409 36
204 278 80
214 340 89
37 490 74
297 299 94
166 173 22
113 303 73
0 129 42
90 304 45
9 62 60
100 288 70
440 474 76
46 350 77
398 412 93
105 291 36
187 256 47
49 499 27
240 384 67
118 158 72
1 361 96
117 332 63
328 478 68
8 291 66
211 446 25
261 345 69
347 403 21
55 154 62
54 111 33
21 498 75
416 477 61
262 437 39
279 362 80
46 305 32
115 172 29
129 339 52
156 292 17
60 119 32
89 131 70
213 232 100
299 418 24
24 125 84
107 221 69
23 31 86
154 467 9
9 355 52
176 414 33
157 407 16
275 368 27
203 355 97
152 254 7
243 467 40
131 425 24
160 170 46
290 428 37
104 417 48
70 290 43
256 329 17
173 184 2
328 349 34
206 210 12
6 411 44
156 309 47
270 492 39
33 171 25
69 475 39
345 484 64
297 434 59
233 280 15
41 381 3
267 275 87
273 395 19
226 402 6
285 391 60
302 388 1
165 309 3
39 422 67
3 312 82
33 200 30
125 132 22
53 389 26
362 456 31
188 256 71
183 255 38
153 349 24
81 140 51
400 489 17
145 353 95
72 337 18
25 356 11
83 346 1
153 203 92
29 489 55
385 468 49
264 389 28
110 335 73
4 275 94
95 279 100
216 271 24
22 276 27
114 165 80
219 446 2
248 416 74
176 202 64
164 174 76
284 457 97
158 379 68
109 205 42
334 407 72
134 176 62
322 352 2
269 440 79
33 47 69
249 308 31
339 376 56
116 219 30
169 259 93
244 277 73
138 485 58
28 165 98
241 479 33
193 432 39
229 240 23
62 251 9
210 397 99
81 384 4
246 293 33
109 370 87
65 405 32
370 399 98
427 499 26
307 336 43
77 489 87
40 450 99
30 361 30
148 205 76
252 433 13
252 446 86
125 184 71
211 253 17
293 498 73
382 465 57
75 306 99
117 431 66
195 296 17
315 365 93
281 462 5
67 458 95
129 457 51
38 357 36
120 167 98
148 216 23
60 355 75
351 369 92
86 179 82
164 398 52
204 420 93
274 401 62
71 481 29
194 394 59
16 201 57
310 472 44
183 446 72
262 326 16
345 390 84
354 402 58
152 227 33
323 335 54
69 468 87
288 466 86
118 430 43
74 326 30
318 439 2
241 271 47
223 491 93
27 112 39
90 483 43
147 272 9
72 151 100
189 306 88
73 312 82
163 186 38
86 458 6
257 290 43
12 145 59
39 471 32
220 377 36
360 394 85
119 372 100
237 277 7
105 385 53
393 424 63
114 141 55
236 261 78
276 456 37
219 260 54
18 193 28
8 463 97
148 280 58
266 428 54
304 465 39
100 155 29
421 423 57
326 421 52
44 256 80
50 95 56
123 159 19
474 484 19
182 301 92
242 244 9
260 340 47
288 410 76
30 364 53
321 384 38
13 147 83
297 392 5
165 421 54
236 315 32
399 416 29
179 186 78
47 334 80
361 395 34
345 405 51
129 400 35
225 471 32
227 294 35
367 438 14
2 298 68
78 482 40
338 481 84
214 489 22
16 438 23
3 114 23
2 90 45
411 431 52
83 491 66
111 474 23
328 471 100
11 23 88
225 343 76
170 407 100
161 407 100
378 494 96
155 476 96
286 395 38
204 484 11
324 348 92
228 241 47
7 485 72
412 459 100
158 387 19
210 249 24
9 160 93
124 303 13
380 473 5
309 476 45
138 455 12
280 368 3
325 374 76
140 224 47
181 438 31
95 237 43
267 324 98
198 495 82
47 476 3
181 280 8
109 394 96
325 463 39
101 115 43
113 352 95
391 406 57
110 448 44
30 192 3
214 484 30
195 252 38
131 369 99
244 401 4
196 323 77
150 331 16
292 387 88
332 366 91
224 456 82
179 363 67
98 347 70
66 90 21
53 471 33
55 273 71
50 171 10
19 125 90
236 490 55
161 281 100
94 417 39
12 49 58
154 267 62
19 307 2
265 323 31
25 499 43
111 313 14
126 296 15
137 460 16
79 477 51
0 380 86
84 456 54
70 383 18
83 414 76
117 352 93
51 322 13
166 410 38
249 408 16
113 229 23
327 484 92
175 477 77
350 401 86
124 146 42
243 330 30
64 164 71
320 350 15
2 491 95
334 390 61
241 439 84
482 497 91
176 206 51
149 201 23
317 376 60
81 379 23
170 499 74
135 280 97
2 339 95
443 463 68
146 265 7
52 280 5
308 330 23
138 191 27
277 309 9
146 436 72
37 342 83
90 116 34
71 305 94
5 34 69
200 308 91
84 407 28
255 327 76
217 330 5
340 493 31
2 85 77
102 389 93
199 206 50
421 487 98
121 210 66
43 202 52
64 217 25
240 414 9
40 488 47
112 117 10
360 478 46
360 476 75
99 273 38
189 462 28
18 308 9
178 332 32
21 26 2
70 448 32
69 415 70
72 495 30
252 403 46
143 383 100
202 276 77
175 377 77
387 395 62
7 178 33
188 341 53
84 236 79
468 499 83
73 384 78
234 376 98
341 401 22
59 231 19
59 444 61
38 341 9
138 448 82
185 399 95
200 449 29
145 427 89
0 207 37
409 418 42
110 316 58
199 316 22
260 467 8
441 453 64
83 141 49
11 235 82
156 332 60
219 496 60
205 273 20
324 325 8
37 286 30
229 440 47
17 378 46
185 430 54
116 371 60
19 85 68
252 498 83
24 221 42
97 447 65
166 181 80
390 452 43
114 126 20
292 367 23
329 428 31
30 66 65
29 371 7
38 297 7
377 457 11
401 422 40
78 322 67
445 464 27
265 407 23
373 478 16
206 242 62
143 234 49
15 402 77
240 306 7
117 280 82
148 368 29
71 477 18
40 396 94
130 222 1
132 477 32
71 218 13
157 376 95
23 319 44
247 372 14
10 130 47
97 440 99
135 358 80
117 403 3
329 346 96
293 316 26
113 371 45
41 112 11
184 258 76
163 336 64
135 229 69
4 338 75
10 435 12
292 389 9
42 319 78
156 447 3
303 395 72
103 241 4
23 498 59
175 191 35
342 363 11
240 376 37
40 407 65
129 199 71
20 224 50
3 91 31
272 280 100
235 330 76
257 495 90
266 368 64
191 462 63
2 99 61
34 94 46
186 239 23
109 171 34
359 447 60
266 335 52
53 292 49
80 81 70
364 499 91
405 454 45
343 442 6
106 295 22
83 353 54
59 131 26
311 384 56
383 407 72
331 376 88
191 345 25
15 372 42
168 479 92
227 416 29
36 141 94
150 474 59
218 380 58
305 414 29
340 422 67
72 154 47
278 311 100
217 418 65
117 222 53
48 346 71
203 302 92
301 407 17
122 452 77
158 213 52
8 458 11
261 358 94
42 215 47
290 414 3
396 460 9
237 257 88
341 457 71
68 368 48
251 452 83
109 314 8
30 62 42
279 304 97
45 456 86
124 479 14
319 422 29
280 408 81
47 258 54
48 269 77
74 108 47
369 452 35
367 498 2
26 297 69
351 438 77
54 141 50
7 55 7
255 412 92
121 224 36
83 212 19
48 107 1
143 261 62
177 206 59
147 190 62
282 381 97
14 85 35
42 53 60
82 99 17
262 459 28
191 340 100
434 498 99
414 421 80
29 125 5
31 260 32
86 251 11
311 393 40
188 313 66
253 470 47
130 277 91
297 427 59
325 408 3
6 342 2
131 262 77
495 496 26
343 389 10
108 256 93
38 210 95
28 206 89
67 236 3
401 431 46
17 105 22
281 424 19
46 370 65
95 477 96
244 272 19
118 432 61
390 435 59
313 338 72
0 66 24
21 468 55
25 100 76
51 295 46
260 419 44
172 470 43
213 229 38
63 417 59
127 333 58
59 259 15
201 298 9
55 222 78
195 401 55
344 361 33
362 365 73
379 419 2
3 33 2
425 499 74
265 430 64
63 469 86
240 447 96
54 155 43
382 492 100
120 383 22
459 463 92
262 435 100
157 176 14
228 450 16
351 468 19
200 411 47
132 149 54
20 406 37
468 485 2
228 255 83
16 219 33
122 270 67
81 357 18
367 451 3
25 260 35
140 378 63
132 282 39
95 206 74
36 385 28
49 484 10
58 426 28
160 379 66
264 452 27
101 264 77
85 383 47
55 285 5
7 224 97
24 359 89
25 457 48
328 446 43
368 413 70
124 359 27
208 257 70
127 226 51
9 496 76
154 328 89
83 267 32
106 118 34
230 314 52
250 341 7
216 475 54
198 480 62
72 353 37
96 483 7
124 153 6
19 117 20
31 126 15
203 394 75
251 431 3
381 387 79
76 170 17
313 424 44
142 254 48
329 446 45
213 393 25
32 153 71
111 448 81
240 339 62
79 188 64
64 128 93
413 450 89
16 112 80
61 470 84
422 445 99
45 422 26
145 377 78
16 441 34
390 495 60
35 155 27
305 355 93
59 144 76
198 212 65
105 337 95
177 295 22
277 284 59
310 414 57
159 274 100
274 375 12
337 363 60
98 431 35
46 451 98
49 218 71
249 367 98
182 231 25
364 421 96
207 296 43
222 279 82
444 468 6
10 334 17
8 132 27
73 129 55
477 483 7
15 207 54
347 380 57
312 416 70
58 391 81
159 432 67
20 65 92
326 443 6
139 302 33
0 237 29
231 428 80
66 301 82
257 416 70
25 57 60
109 316 78
201 290 16
104 450 74
382 496 91
298 391 4
10 105 9
206 244 49
233 295 73
37 57 34
59 434 3
131 337 46
215 326 33
39 77 97
13 312 92
358 422 77
46 257 16
238 498 35
276 342 79
270 328 17
44 228 44
30 69 3
199 420 19
339 493 91
193 412 61
93 210 61
434 461 95
170 434 9
154 348 64
313 407 97
47 437 22
256 302 69
81 115 66
51 53 12
330 334 20
99 422 46
123 340 42
312 330 43
193 334 32
122 147 79
240 461 63
99 376 62
60 348 61
127 474 9
4 390 47
234 340 88
257 369 8
43 293 57
365 394 6
92 190 36
77 127 84
90 344 91
155 475 30
299 305 6
161 309 6
283 416 59
148 309 9
14 178 77
110 442 81
84 228 77
125 482 2
184 474 91
9 472 35
255 440 55
69 332 39
209 418 64
80 203 70
188 253 19
11 226 30
111 316 87
275 404 32
292 496 78
4 228 67
6 202 24
1 487 100
166 303 69
163 302 71
159 377 14
114 166 87
88 454 10
161 195 58
128 232 39
328 470 55
436 447 71
251 329 100
39 315 9
83 264 55
204 366 87
335 401 47
310 432 6
12 199 60
13 457 57
127 235 61
268 379 73
266 348 87
205 260 34
118 186 22
228 488 44
161 185 7
53 294 44
16 289 89
51 133 46
149 367 79
237 344 76
126 335 2
130 146 12
102 114 82
52 445 76
183 313 28
233 256 98
104 482 52
180 280 3
123 281 87
405 458 73
378 424 58
85 107 64
24 204 29
20 40 81
77 151 24
254 350 37
176 247 65
112 132 33
209 411 83
308 399 84
313 342 62
54 488 10
381 391 86
457 479 74
184 492 59
357 436 65
22 293 37
120 239 68
75 481 17
265 366 99
31 358 31
74 119 81
123 228 99
150 243 55
130 248 56
34 235 83
383 464 26
54 274 45
200 393 37
145 447 62
200 280 94
75 412 88
197 362 67
51 188 62
360 462 48
376 439 57
137 488 18
390 469 45
68 91 61
294 490 59
243 347 30
218 220 37
89 161 49
93 451 36
99 137 17
64 315 71
151 445 85
363 416 19
178 197 85
90 348 99
288 480 86
8 373 58
154 493 13
46 294 65
102 241 71
328 397 47
229 318 23
276 397 10
298 380 14
325 475 18
58 334 7
193 481 58
176 281 35
60 122 45
103 475 23
48 130 92
77 458 54
208 261 81
288 409 86
450 483 54
228 487 1
58 198 33
17 184 71
68 270 30
61 77 85
74 257 78
272 464 16
112 280 75
247 343 53
39 233 74
191 346 48
329 410 10
0 81 4
368 411 18
159 450 47
40 45 13
62 429 20
255 392 67
51 187 63
62 326 89
258 263 67
447 490 80
166 291 59
7 73 22
136 189 67
52 128 1
323 384 15
138 355 33
42 396 39
400 444 23
195 384 83
219 392 68
259 368 83
319 498 94
331 386 27
83 446 88
144 334 4
186 306 15
84 174 41
101 148 57
133 453 19
248 286 86
2 87 18
81 340 11
315 440 31
16 341 80
74 493 87
260 268 40
210 350 32
9 274 95
99 347 80
219 384 47
406 407 15
54 372 44
105 486 18
81 91 47
168 420 21
220 496 69
15 149 17
392 487 9
22 445 11
35 132 9
167 246 59
439 465 38
47 488 86
93 189 83
168 357 80
214 299 63
264 290 98
186 291 90
1 118 35
133 488 19
121 331 62
96 134 100
184 223 62
232 251 43
397 474 28
155 435 2
210 434 49
54 447 16
88 376 36
374 452 70
220 321 41
363 413 73
121 246 71
341 472 32
267 464 76
101 453 72
258 388 42
222 464 2
70 462 54
51 311 96
208 445 27
6 286 58
247 334 31
57 141 12
62 153 11
401 479 20
90 375 91
350 423 29
390 496 46
182 432 59
143 451 45
206 374 100
167 419 11
48 283 80
4 356 52
222 234 55
154 396 98
161 235 81
309 440 68
217 301 54
187 340 74
277 329 93
7 363 76
328 360 71
275 284 8
294 440 71
60 195 11
71 331 17
250 352 93
46 182 84
359 437 8
189 266 42
228 352 22
96 123 98
48 281 59
51 370 62
153 201 3
134 231 64
81 324 57
439 484 17
2 345 28
149 245 78
98 168 56
32 150 21
80 318 39
26 292 50
192 275 97
248 362 3
319 339 44
133 352 99
388 453 69
389 408 85
296 298 5
423 462 11
88 160 17
325 492 29
100 272 57
84 110 77
400 420 33
355 475 9
104 240 93
17 110 67
147 446 74
62 219 89
19 310 76
161 275 68
339 346 95
78 110 71
8 113 69
207 436 67
36 274 83
72 92 82
68 280 3
143 312 90
9 388 79
70 128 47
392 424 35
20 476 62
51 209 84
53 214 69
124 224 37
377 487 37
73 481 72
278 307 65
241 427 18
372 468 30
358 450 12
57 223 35
115 246 94
47 271 39
173 436 92
182 200 68
336 423 49
171 346 5
275 473 25
156 181 18
176 283 26
188 267 53
0 260 6
77 465 5
140 241 68
78 242 1
67 422 83
259 393 80
377 384 56
185 208 39
25 200 36
99 102 84
274 330 6
183 292 99
14 121 14
285 293 31
366 386 68
249 304 98
83 477 65
177 219 30
76 120 63
383 442 68
53 423 99
23 84 88
32 228 59
278 433 47
127 366 48
413 437 23
140 323 72
288 360 46
348 437 66
149 242 27
13 281 72
216 407 37
351 486 9
9 489 3
63 386 21
299 323 52
322 446 52
13 469 22
6 32 23
347 486 34
25 65 52
276 349 77
115 466 5
75 271 48
224 290 41
92 284 84
11 329 64
396 430 73
118 188 65
166 453 15
8 296 12
294 446 97
197 412 22
139 378 13
55 472 31
39 210 97
212 301 36
304 315 32
51 146 49
35 253 82
147 296 71
117 410 39
177 337 82
86 234 31
152 271 83
18 50 98
303 330 79
442 477 98
208 228 12
346 450 11
315 414 21
171 499 38
4 38 68
76 337 65
284 466 4
135 369 40
204 486 52
83 272 98
295 400 19
45 319 78
232 365 41
242 416 34
457 498 49
153 288 63
24 248 20
358 410 97
3 427 40
2 133 24
211 332 43
255 265 84
205 374 100
214 494 79
197 496 34
120 403 39
75 122 29
100 462 91
233 494 99
110 238 35
264 496 4
153 370 12
349 359 75
31 335 74
16 406 5
84 495 67
97 119 45
32 115 51
242 364 28
270 341 45
96 219 50
185 332 48
243 397 22
39 88 46
81 82 70
261 394 41
383 492 56
70 326 88
323 337 29
300 468 19
106 167 75
282 321 39
453 478 63
436 486 24
101 379 58
90 324 25
32 410 36
24 86 55
424 466 90
163 316 85
31 344 35
133 422 55
280 403 11
137 182 61
67 313 89
293 451 88
266 413 27
235 246 23
403 487 41
87 134 46
301 492 49
33 253 10
64 183 63
31 403 59
223 445 78
278 443 63
114 419 45
41 263 66
335 384 62
381 499 96
378 400 16
113 310 43
68 262 45
27 86 68
15 468 100
245 386 59
17 42 81
59 111 3
96 316 63
88 448 2
98 457 47
97 192 2
225 226 15
24 448 83
164 385 81
117 296 37
56 94 74
92 108 78
372 380 3
18 278 61
90 447 43
78 488 2
47 369 22
82 298 79
43 324 14
230 271 43
25 134 50
71 228 40
363 385 94
120 381 70
136 173 83
422 489 35
233 284 92
29 312 89
183 341 90
80 90 99
253 369 11
25 304 80
53 97 42
70 410 5
79 324 86
97 238 24
318 389 34
302 484 63
266 498 40
253 382 15
323 360 76
207 499 70
376 462 37
94 410 46
21 190 63
346 460 42
0 46 5
83 330 49
11 138 16
219 442 82
221 393 69
286 418 7
52 68 7
20 48 30
147 154 3
159 412 69
233 445 82
401 411 17
375 412 1
95 472 34
97 334 1
385 416 5
27 205 87
128 468 39
321 442 16
166 459 35
176 268 100
164 494 16
181 255 61
222 255 37
89 300 14
76 410 5
440 477 16
82 207 97
159 407 75
5 168 17
145 276 38
0 463 12
23 397 27
22 388 12
37 426 68
127 163 81
213 224 94
408 436 35
59 405 63
56 311 16
20 276 73
18 253 34
155 455 18
137 196 83
97 209 24
72 375 23
340 428 24
170 386 21
73 183 15
274 418 100
185 414 21
51 155 90
176 470 24
209 212 34
261 392 7
21 272 40
84 229 63
127 205 26
370 407 19
116 215 87
21 397 7
11 74 51
55 333 4
110 181 52
166 372 61
330 484 22
205 338 75
185 429 87
427 466 15
205 443 89
149 487 82
283 476 14
7 325 57
104 332 92
184 499 90
397 405 7
3 374 25
62 223 19
297 383 6
3 74 72
427 428 25
380 456 20
300 415 81
215 404 54
247 393 75
58 359 62
104 351 15
364 365 37
90 240 89
235 276 95
178 430 33
120 249 69
40 486 62
137 245 19
149 293 46
241 326 45
393 476 6
211 426 21
108 495 36
77 255 9
43 137 77
63 315 29
40 263 17
429 448 59
13 84 45
348 495 19
41 467 60
153 367 33
13 250 58
211 456 98
138 142 3
188 270 54
13 267 40
238 415 71
177 317 54
347 437 74
173 416 78
373 389 70
113 412 27
76 307 87
8 405 46
127 234 31
20 112 80
192 218 20
108 258 25
267 307 11
191 405 50
343 355 20
99 309 49
188 385 57
201 450 21
83 278 95
445 461 58
80 314 73
107 256 97
246 382 38
21 247 93
346 457 51
67 384 1
128 247 73
165 328 83
50 330 100
38 296 35
55 367 49
415 440 44
168 298 10
76 315 87
131 423 65
77 456 95
183 291 5
212 392 87
53 198 82
160 465 13
267 413 61
110 371 71
58 284 21
45 473 9
176 403 97
187 298 75
20 292 8
55 372 43
0 482 59
9 408 51
293 398 67
238 315 53
135 183 88
346 408 99
90 357 16
376 498 23
40 54 20
300 463 85
336 362 1
317 475 66
23 58 77
113 478 17
227 407 40
329 330 76
124 426 96
233 293 77
130 412 42
176 359 57
54 179 80
135 136 48
330 388 8
180 400 13
28 286 63
33 498 78
74 495 72
84 164 94
213 496 79
6 30 52
72 439 28
36 489 43
50 240 39
224 326 87
330 479 45
16 143 21
17 119 45
369 485 6
7 421 3
103 167 1
251 422 83
76 276 63
83 464 88
362 371 38
427 469 26
307 369 82
335 442 42
239 362 26
53 88 98
272 281 32
225 357 5
244 432 7
257 263 65
187 485 37
57 478 6
48 381 33
96 449 39
134 170 33
14 354 70
105 149 6
6 98 3
240 495 90
360 406 11
38 268 65
244 458 34
244 485 53
150 173 82
56 322 55
32 426 29
397 459 16
210 354 36
6 353 8
290 291 17
152 260 33
208 270 47
197 334 13
98 182 22
193 405 42
68 232 71
43 280 46
89 143 88
41 178 72
416 420 41
76 244 71
16 401 90
153 281 64
78 392 49
302 461 100
142 443 31
1 296 1
17 117 17
3 147 51
158 201 16
289 400 84
91 495 89
52 448 10
113 483 19
75 314 6
14 186 44
452 458 87
189 200 38
157 266 20
38 351 27
65 120 84
28 57 70
138 443 94
235 463 66
348 434 63
8 425 55
321 438 45
106 497 43
382 488 30
320 348 11
170 266 7
84 186 97
42 426 71
20 275 96
459 495 68
55 432 48
168 186 80
298 414 100
147 371 52
269 280 52
39 449 46
5 289 20
173 214 26
451 466 45
397 463 81
285 359 70
136 138 64
61 175 50
179 479 65
161 344 60
229 323 36
270 371 16
23 180 28
169 395 97
51 352 57
368 421 50
200 454 10
261 340 84
37 124 4
104 269 40
27 67 39
340 458 43
60 416 12
469 476 9
179 238 21
174 201 21
220 474 31
134 472 84
52 100 37
79 482 16
100 357 15
7 149 55
33 149 28
140 382 63
223 259 17
98 198 48
138 306 11
149 473 43
315 443 74
257 424 4
187 420 98
92 224 33
102 182 21
185 456 84
172 484 99
123 382 21
290 447 27
126 239 4
59 276 84
138 231 88
55 232 93
469 487 55
35 436 50
112 232 83
234 370 97
273 469 77
84 100 64
120 307 61
301 426 53
44 181 99
55 179 4
297 468 39
51 356 29
220 255 30
94 403 22
137 173 90
226 482 29
38 421 13
217 236 88
157 302 30
188 257 13
213 269 9
57 274 40
94 140 25
75 228 5
76 134 35
314 476 77
146 262 51
36 43 56
30 64 90
119 313 4
422 426 47
132 300 93
403 433 1
172 437 63
306 491 45
15 59 41
272 321 23
67 388 52
242 425 84
242 359 14
92 489 9
112 367 4
56 352 36
0 362 41
28 481 93
207 227 6
149 408 45
29 411 32
234 445 20
406 445 52
235 317 71
189 199 17
163 346 48
31 428 90
231 408 96
189 417 50
231 484 53
441 452 41
10 205 86
242 312 44
341 436 42
12 56 91
313 449 74
24 484 42
164 321 6
275 387 29
296 423 71
104 490 50
100 318 65
218 367 24
15 329 78
110 472 21
336 349 37
86 198 11
112 215 35
316 459 51
5 494 55
92 365 95
360 456 3
346 482 14
90 341 41
291 304 15
55 480 78
13 209 50
445 487 98
30 259 36
187 390 36
162 226 69
125 322 41
204 286 80
247 376 49
373 467 4
238 486 37
258 371 20
273 361 36
82 421 27
315 374 25
214 408 86
40 116 93
203 488 20
82 295 91
31 329 100
58 224 32
293 418 53
142 343 67
2 103 13
157 292 9
57 185 23
183 298 32
438 468 89
36 368 37
235 454 92
230 358 75
5 228 2
342 438 21
192 234 47
47 455 50
49 134 96
307 399 22
89 190 18
0 208 2
107 197 31
178 244 81
86 264 5
138 491 11
264 333 8
7 87 17
442 482 70
334 476 10
65 221 32
2 240 75
82 462 36
108 386 27
276 457 59
12 242 4
194 490 87
404 475 1
102 281 90
166 414 48
93 330 67
162 210 43
20 28 72
283 431 76
95 246 57
169 174 4
251 266 74
99 465 55
385 452 15
199 353 83
110 397 83
123 177 54
277 383 46
260 297 92
375 426 85
105 168 84
322 422 73
219 308 12
99 160 84
29 364 47
279 444 89
86 163 16
122 195 82
340 393 52
175 210 28
69 343 92
256 472 31
120 496 93
380 383 51
404 482 73
10 144 68
402 487 68
249 448 16
297 353 29
377 399 81
49 152 46
206 245 33
285 492 38
62 150 67
124 156 29
428 460 62
141 427 27
212 260 96
134 238 54
109 319 43
314 477 47
39 235 38
12 48 73
354 490 68
120 424 73
244 414 78
399 465 99
0 55 12
67 450 17
10 349 11
107 329 32
78 225 69
35 322 82
115 158 92
137 223 88
164 451 69
174 310 46
78 315 85
145 355 66
165 247 55
185 401 35
262 478 82
201 311 37
414 420 85
0 120 92
44 250 63
165 198 48
351 389 26
7 301 68
11 489 3
256 336 96
1 283 23
0 105 76
94 384 24
253 474 61
85 485 4
248 331 69
320 347 95
317 491 78
114 175 72
147 230 16
101 442 27
300 454 17
98 412 34
478 483 59
228 368 97
327 475 42
24 27 2
3 6 38
89 329 25
38 430 55
48 407 50
387 436 96
69 389 4
22 147 85
115 342 90
233 277 40
4 301 40
365 373 19
313 440 71
100 448 36
164 346 44
308 443 64
109 110 10
294 414 2
219 483 4
73 323 64
132 277 56
245 482 60
329 361 25
47 91 3
64 397 55
54 359 67
144 463 3
132 229 100
111 280 92
152 367 87
23 192 84
42 402 86
29 160 22
56 466 81
262 283 30
121 302 96
7 285 32
392 479 15
285 486 60
192 422 82
222 455 23
169 489 34
11 66 50
394 465 66
255 424 75
198 220 46
0 461 19
4 391 60
324 424 7
222 384 89
120 451 87
208 428 3
81 443 9
185 333 100
144 203 79
4 197 47
91 264 1
63 121 4
81 245 51
64 211 31
184 493 2
174 438 31
10 186 77
79 110 15
142 252 31
226 283 14
148 414 53
136 386 11
383 463 29
305 354 6
53 484 76
29 461 71
187 276 88
145 426 58
95 238 38
230 278 73
256 480 95
9 344 35
194 356 70
125 303 2
1 199 5
255 289 70
159 458 57
69 308 60
103 113 71
378 427 91
390 407 33
287 442 82
391 493 71
103 434 38
44 370 88
177 228 11
70 351 79
423 463 2
140 194 94
45 350 73
160 467 96
118 297 39
93 97 9
66 188 83
84 185 29
382 408 43
77 447 78
354 390 27
77 466 90
134 240 67
95 341 2
282 403 97
215 468 3
26 210 100
122 494 77
48 457 37
338 442 58
125 484 94
358 362 18
182 329 79
72 247 19
230 391 34
253 300 81
357 466 27
8 333 92
67 364 38
218 463 30
210 342 45
231 445 90
63 127 25
217 304 52
20 149 67
294 397 49
127 276 48
224 398 16
328 490 14
15 450 48
143 316 26
52 70 99
64 318 79
274 386 85
93 333 66
249 283 44
307 368 59
154 240 2
207 368 73
244 246 70
142 202 25
148 464 43
267 290 46
203 421 59
151 272 57
103 454 31
154 273 15
35 57 51
3 227 76
19 365 88
33 399 59
174 296 42
35 90 82
323 397 25
323 451 42
383 403 71
81 493 72
8 215 96
46 402 50
177 205 93
94 237 87
111 392 33
110 479 38
116 304 39
172 246 83
255 313 14
131 246 49
153 418 40
64 379 100
24 58 8
291 370 40
190 328 91
126 357 99
208 280 30
223 392 4
169 327 32
89 461 83
109 206 14
80 201 49
9 81 40
7 242 51
46 125 13
45 105 65
97 256 72
257 393 16
299 442 14
124 437 100
247 455 56
345 451 82
96 462 78
415 450 64
14 255 75
67 308 49
68 463 41
144 404 45
161 264 70
36 465 67
178 201 95
158 442 37
94 200 62
157 210 93
124 302 5
284 310 10
128 287 31
147 444 13
116 125 25
198 468 38
263 475 84
171 360 22
117 485 73
73 177 1
176 262 25
2 238 55
36 282 55
75 254 67
385 474 32
96 409 81
45 412 72
130 325 51
108 218 42
251 294 38
354 364 26
87 232 73
35 414 88
123 406 94
314 329 24
12 117 1
39 358 48
35 255 57
316 384 94
123 304 40
35 230 13
59 377 32
280 457 24
43 87 2
285 327 72
5 21 89
192 193 21
400 445 41
134 257 80
142 288 95
320 450 72
121 268 54
65 108 10
9 306 92
186 296 84
297 408 31
158 450 70
149 180 91
396 404 95
79 327 45
252 384 61
12 303 21
1 346 94
451 472 59
322 383 61
83 496 51
287 421 63
304 343 40
192 495 95
399 443 44
210 437 39
207 448 63
128 220 45
75 433 52
14 55 41
25 175 25
29 68 95
124 184 18
326 399 77
128 357 42
178 229 24
105 379 77
390 487 55
267 360 89
328 489 46
95 247 81
145 229 42
446 477 20
336 344 98
27 198 89
183 324 92
128 464 90
190 210 37
296 394 31
204 304 1
251 385 18
373 432 90
60 225 100
198 392 4
144 471 41
24 223 11
89 411 31
34 404 34
0 345 21
279 456 18
92 404 59
68 246 46
221 474 70
208 343 27
6 79 17
91 207 25
367 450 47
139 176 56
57 310 44
253 498 51
215 474 83
50 426 64
27 232 50
316 458 45
270 417 91
83 302 98
215 390 30
332 383 93
200 208 27
258 353 46
251 273 78
40 208 84
119 185 100
109 475 3
168 268 50
23 262 57
6 280 9
223 242 27
22 221 95
130 239 10
160 189 97
47 357 10
369 445 17
125 135 86
461 496 36
124 219 37
64 470 38
358 364 55
280 417 8
257 447 38
135 384 62
3 443 9
344 373 33
401 442 81
67 108 73
165 446 4
138 458 16
6 16 17
154 218 63
317 348 5
7 36 25
72 491 98
92 421 31
169 362 24
202 457 68
50 82 33
250 332 48
204 335 12
214 276 23
90 269 96
281 332 74
437 489 15
9 363 41
58 465 21
358 486 31
84 216 31
258 343 87
159 306 96
94 437 43
82 161 35
252 291 7
142 198 99
175 404 71
190 395 38
24 45 70
95 241 99
275 287 70
375 390 10
273 279 41
251 291 15
209 356 31
31 36 26
295 425 35
106 252 88
1 354 49
340 370 87
176 256 70
43 389 73
52 353 76
277 462 6
114 137 84
43 392 98
63 487 22
73 371 27
80 325 35
134 278 33
485 486 83
195 438 38
123 206 84
82 464 45
156 367 66
81 466 53
345 477 22
374 472 36
251 309 98
148 157 73
235 455 46
59 379 21
218 363 47
193 219 36
315 495 66
307 486 33
84 183 71
390 402 36
165 207 85
250 424 23
316 357 41
67 292 96
260 350 80
245 374 30
33 463 96
420 428 95
25 193 64
136 455 66
236 374 100
283 475 80
257 353 100
48 353 22
371 416 54
82 218 29
218 482 52
271 341 5
123 258 24
6 95 12
350 489 29
103 299 81
306 388 60
241 475 69
7 299 26
208 449 50
171 440 61
174 278 91
195 363 75
41 488 91
185 295 99
218 373 41
89 292 22
85 416 88
271 278 6
141 286 94
207 380 8
270 401 27
154 457 88
169 415 99
172 298 100
25 322 69
101 439 37
29 352 80
157 340 49
347 394 30
108 317 67
25 464 91
322 453 75
208 300 82
13 359 15
233 273 40
8 362 30
45 499 35
360 422 73
39 110 6
282 421 25
342 367 16
206 431 97
83 483 42
111 180 46
39 345 25
11 263 65
155 483 74
28 159 19
200 358 52
98 428 63
154 158 48
132 256 61
102 403 73
48 95 15
378 418 39
215 425 1
70 328 22
37 94 23
53 56 44
56 150 27
9 57 16
180 382 95
73 485 73
127 216 62
361 443 7
372 412 81
231 395 69
299 336 85
57 459 67
340 363 83
31 68 81
157 186 87
109 214 10
27 239 35
277 465 30
31 43 82
4 469 12
6 407 14
40 267 64
262 392 24
26 496 25
59 205 61
277 348 12
244 440 22
298 390 1
290 438 69
228 469 88
74 368 70
310 335 40
165 294 64
86 95 85
316 365 47
51 419 68
402 464 74
125 281 99
64 355 56
345 471 93
61 216 75
268 338 55
45 308 76
7 175 26
151 422 43
265 458 70
111 307 24
14 465 27
171 281 82
231 326 88
78 329 17
308 467 97
160 466 26
64 67 89
287 306 43
455 496 72
112 491 80
61 480 82
115 322 91
155 477 53
216 441 44
303 408 90
127 405 91
139 159 16
92 251 45
190 232 97
186 250 15
227 240 64
269 273 67
170 263 95
202 392 31
72 221 59
108 344 80
304 475 67
29 398 70
372 404 44
75 94 2
79 386 14
101 139 60
223 323 59
141 326 42
42 105 31
216 391 66
3 84 98
28 72 46
39 75 99
146 438 45
137 208 80
321 396 63
54 282 41
102 154 52
350 456 33
392 401 39
206 358 31
75 393 88
58 437 61
202 375 78
38 393 80
195 483 87
380 425 51
19 470 92
211 344 73
47 325 16
59 454 74
88 142 48
78 319 13
75 239 72
138 141 67
67 97 45
18 93 58
80 369 24
102 200 90
72 153 76
64 494 1
253 459 88
267 375 52
160 475 34
31 148 31
161 394 27
250 434 82
363 494 15
52 306 5
355 376 87
340 413 51
106 346 67
225 405 48
298 413 85
255 278 29
54 117 86
269 432 51
393 438 58
94 146 67
48 149 96
287 340 2
139 322 98
129 272 11
18 319 45
127 457 27
198 282 20
209 243 73
42 307 68
3 79 14
87 446 73
71 344 10
218 445 96
21 426 8
384 411 87
86 189 10
264 397 1
318 320 9
39 341 73
167 272 48
197 249 56
150 298 37
90 287 88
30 273 11
169 476 76
62 272 95
68 75 57
318 435 12
3 431 53
143 446 46
226 232 38
4 207 19
61 442 66
215 470 9
205 209 7
10 225 34
288 289 44
136 444 66
62 64 95
208 348 74
147 464 9
166 262 17
281 407 7
156 331 45
17 246 38
433 443 97
8 498 86
52 331 5
64 70 74
24 487 15
125 494 39
193 498 64
281 370 26
294 321 91
370 497 32
158 339 95
20 411 30
58 71 21
47 321 57
125 189 100
288 391 22
124 229 29
462 474 56
232 322 78
61 201 86
100 301 37
13 133 43
97 455 58
151 366 76
383 438 11
114 216 93
1 229 45
170 180 85
93 401 15
239 489 70
141 321 67
29 332 45
392 485 83
193 327 57
43 306 2
261 493 14
183 409 79
60 71 57
224 248 65
185 194 18
409 425 57
35 88 43
222 428 34
113 424 44
138 425 90
164 335 56
206 343 97
82 419 63
164 348 2
147 398 7
5 44 62
306 443 19
41 168 8
202 330 66
379 473 76
350 442 44
162 301 98
38 89 67
62 245 49
110 477 32
152 368 5
354 435 44
42 383 100
24 212 82
77 191 70
103 492 27
116 160 68
109 389 71
185 345 91
236 397 60
36 248 2
46 374 61
94 492 75
412 480 56
280 310 87
17 305 98
74 133 37
150 420 81
231 300 6
75 390 4
145 440 28
240 317 95
147 316 43
203 310 42
24 287 72
77 209 72
186 211 93
116 314 84
19 149 93
157 433 63
224 256 27
433 457 90
99 142 86
156 172 3
168 187 94
195 218 64
107 473 91
203 383 97
162 352 66
258 271 2
209 472 60
404 433 93
20 340 89
131 178 99
107 452 43
33 490 33
101 299 84
383 427 58
305 377 52
315 324 38
163 345 12
228 357 29
241 397 89
81 173 1
313 403 3
202 446 18
208 464 62
443 473 50
261 412 1
19 289 38
177 316 59
151 386 36
288 407 18
105 253 41
295 395 79
176 269 36
361 375 9
123 400 20
236 462 98
183 326 6
60 83 99
270 418 29
63 296 100
173 374 70
220 243 84
92 360 48
49 297 29
111 136 7
33 158 84
202 439 77
415 487 16
20 413 28
250 273 62
177 310 29
17 233 92
4 349 49
219 237 40
269 339 26
138 495 56
294 467 53
257 496 94
101 446 65
283 493 40
17 349 26
113 363 37
13 242 58
303 423 52
128 241 31
146 185 22
25 377 29
278 371 75
128 219 16
272 324 62
46 369 85
101 199 98
212 494 66
40 494 81
211 485 4
109 296 23
80 130 61
161 493 64
26 45 70
43 357 33
75 323 24
250 331 16
380 491 65
373 406 1
147 258 59
58 60 41
94 357 56
153 326 26
288 417 54
450 460 11
93 304 61
35 201 35
16 56 32
48 442 29
167 253 31
452 478 5
79 283 61
181 398 83
92 366 83
137 228 70
413 468 84
29 251 60
382 444 26
87 288 45
231 372 92
198 201 99
91 356 40
375 474 39
222 449 100
378 470 28
83 409 88
255 457 12
26 36 23
141 357 73
233 271 46
69 269 40
10 486 65
83 437 12
172 391 70
261 318 62
16 371 74
192 332 1
42 178 19
11 472 4
38 185 73
85 374 69
326 433 20
229 316 65
215 353 97
395 399 41
101 175 97
351 410 24
224 394 60
269 423 23
8 376 32
292 483 17
137 365 88
6 182 41
126 470 6
253 295 1
12 471 21
3 137 78
89 382 40
293 431 36
23 187 93
199 375 73
19 394 62
146 270 46
360 395 90
53 248 11
186 215 51
251 258 66
100 432 63
289 449 30
102 497 80
198 393 66
114 143 97
83 435 24
8 82 89
58 307 4
152 333 28
65 460 55
185 307 11
158 180 67
160 499 16
226 368 22
9 229 12
156 329 81
232 343 92
43 103 98
283 296 13
408 411 28
68 377 28
33 359 16
149 330 99
78 158 59
104 329 21
390 441 86
184 428 49
190 495 34
128 283 97
123 486 41
144 352 23
298 456 97
99 208 86
21 309 14
93 266 14
156 455 65
301 449 59
317 321 90
110 229 22
336 417 40
0 385 22
252 447 70
196 346 89
5 225 67
136 218 94
283 286 82
218 316 16
10 183 66
135 301 84
41 302 37
17 259 88
271 457 8
183 464 14
66 426 3
21 128 62
297 439 26
83 404 71
102 425 56
179 442 4
3 237 21
217 226 15
134 403 17
46 162 60
204 224 53
176 380 84
401 426 89
439 455 29
92 155 93
120 393 97
159 466 2
151 222 77
320 444 15
313 355 51
13 401 83
83 221 17
112 354 50
75 305 99
323 468 41
143 445 12
24 114 71
289 290 36
142 285 16
23 490 50
9 268 85
67 418 43
154 340 14
111 351 18
33 228 57
160 309 48
141 255 100
162 365 9
22 334 57
278 322 33
33 398 87
93 127 68
88 130 48
143 193 43
162 185 92
252 369 91
79 195 70
244 448 72
413 493 44
151 264 92
179 285 75
280 341 55
65 432 87
76 421 47
149 182 58
227 445 18
6 447 67
268 397 46
228 351 27
18 39 6
53 326 93
153 410 46
5 118 97
48 437 59
120 188 31
19 375 34
114 240 76
384 397 7
5 19 6
84 211 48
52 192 6
325 479 97
135 263 52
326 431 68
316 378 56
17 381 78
217 326 48
46 279 43
71 451 1
354 491 56
121 423 23
280 352 41
68 181 51
100 422 85
272 494 74
151 249 49
319 374 43
121 403 31
321 418 75
6 160 47
0 26 11
144 382 34
195 202 75
271 294 92
232 383 8
144 380 7
4 210 67
286 375 4
134 439 97
158 458 71
86 463 99
310 348 26
28 379 10
114 158 73
59 363 39
275 294 23
16 334 38
139 369 58
132 170 12
68 230 27
32 48 82
281 351 55
269 291 34
105 480 11
16 272 40
340 463 63
148 153 21
26 466 19
171 263 3
146 413 56
111 245 5
60 223 28
229 380 68
95 122 58
91 289 16
264 371 93
112 326 57
3 153 100
240 428 56
105 204 19
72 280 86
26 110 7
158 337 89
199 207 35
9 165 47
375 420 94
282 472 25
272 478 79
384 454 82
100 184 37
362 479 58
33 395 46
62 77 47
30 155 17
110 279 7
305 411 75
62 472 71
9 71 83
200 210 77
1 220 26
284 391 52
61 193 45
182 219 45
57 306 9
286 423 24
228 340 82
29 270 9
2 346 88
48 82 28
360 393 81
216 409 69
31 212 3
95 366 25
74 329 99
65 403 57
274 315 18
207 268 55
120 436 45
85 424 73
132 452 10
319 499 22
203 440 4
89 366 36
277 438 79
175 498 27
239 477 80
400 407 77
105 340 25
155 272 92
156 276 20
190 309 19
98 166 24
441 492 52
116 259 87
327 387 65
147 284 60
143 391 75
38 60 20
231 275 57
26 270 2
97 234 55
311 432 9
22 208 9
315 357 42
47 268 30
16 279 63
250 353 40
191 270 79
83 121 27
15 127 76
46 395 74
91 280 1
14 278 97
252 388 85
156 275 23
210 334 61
186 386 62
95 388 73
139 305 89
212 399 16
216 313 44
37 50 97
178 338 86
237 478 48
222 496 57
367 388 56
59 480 53
165 184 93
432 460 61
25 138 20
83 292 18
330 431 62
318 488 62
109 224 97
53 142 4
45 326 98
292 369 74
490 491 32
58 343 81
423 465 9
221 381 35
141 481 40
364 376 55
121 433 30
227 492 53
44 304 88
147 495 80
122 196 91
200 492 11
45 374 67
12 371 20
164 264 69
89 121 94
45 305 18
217 319 43
357 374 22
85 488 12
81 355 87
424 488 6
92 333 91
452 490 4
52 465 99
251 274 32
9 317 44
15 24 55
381 473 6
138 288 95
371 471 37
419 441 54
167 196 38
25 436 47
113 343 24
301 473 87
321 334 42
7 388 65
341 474 38
15 76 57
57 305 40
132 451 13
412 420 97
266 410 21
171 442 86
382 458 47
26 103 72
92 261 39
63 91 40
19 155 53
92 216 75
1 113 8
287 354 90
0 497 86
76 336 51
150 348 24
247 275 31
23 311 93
39 93 70
122 235 56
187 440 16
188 251 13
128 441 87
246 467 48
145 294 78
334 371 14
289 293 61
70 209 25
67 484 52
76 145 64
112 192 99
110 180 67
2 81 35
149 457 75
251 489 53
201 431 92
147 337 67
26 153 22
278 411 50
114 461 13
174 323 85
1 429 93
126 361 21
267 442 13
81 320 67
205 224 91
258 340 73
107 162 55
161 323 23
386 465 63
62 418 70
331 375 39
125 215 88
39 158 36
54 100 44
266 321 23
122 287 80
123 318 57
290 371 34
110 498 32
138 188 10
216 275 81
195 279 47
201 456 1
13 89 85
293 489 64
280 420 46
372 453 79
77 318 38
237 280 73
130 207 80
20 97 31
281 456 73
173 293 60
123 201 13
283 333 95
101 463 11
33 325 69
287 465 96
473 487 82
80 137 95
88 324 52
184 435 20
57 472 32
241 351 96
216 434 28
195 321 50
389 491 20
283 406 19
270 423 71
339 422 99
240 372 50
31 116 56
36 443 43
94 383 11
153 341 81
243 270 41
168 264 6
288 344 96
85 339 44
283 321 42
219 318 12
240 296 43
40 386 44
74 339 89
93 134 34
80 491 10
76 237 46
108 190 57
89 90 30
247 492 89
190 478 93
326 347 89
10 146 63
174 234 52
175 196 12
55 307 65
141 262 47
24 192 64
214 294 96
332 497 84
59 317 72
214 352 21
205 418 76
378 380 54
75 440 40
126 337 58
272 498 96
178 294 28
181 260 35
220 459 41
20 103 99
0 186 27
277 287 76
81 331 19
86 186 40
211 265 95
33 75 39
186 212 5
51 408 90
367 413 33
160 233 95
278 476 13
180 287 65
76 263 83
200 407 42
186 354 97
256 276 27
19 198 51
43 349 39
36 252 19
230 369 10
408 439 37
91 149 10
279 446 6
149 299 14
288 412 91
400 419 56
187 405 60
126 132 1
189 376 11
2 348 79
394 417 1
193 314 47
138 276 77
419 440 98
123 438 1
393 494 62
277 363 64
38 56 46
106 400 57
109 221 39
383 432 4
107 273 48
128 321 88
445 462 75
53 218 33
8 25 95
238 360 85
302 442 78
1 362 30
21 373 13
165 443 50
224 239 10
116 472 78
121 477 52
182 338 74
66 214 17
426 451 34
466 495 10
76 448 42
286 290 98
206 357 15
159 460 17
447 462 30
307 308 91
88 411 21
55 163 8
72 171 67
106 297 91
171 303 59
97 269 3
12 397 35
335 407 86
202 482 18
205 451 25
214 314 100
56 233 91
333 380 27
139 412 30
133 368 31
188 235 37
299 461 54
145 209 45
66 284 27
53 432 43
206 417 20
98 311 72
144 358 55
160 464 15
349 480 52
252 341 23
66 392 56
77 366 2
118 216 58
123 485 26
323 455 31
333 473 8
88 451 30
469 471 43
175 230 41
256 347 41
278 300 87
110 271 39
224 252 37
115 146 14
133 175 99
320 449 13
143 209 95
291 467 80
176 406 49
466 480 59
94 158 8
72 174 51
191 360 15
319 475 19
7 286 96
247 419 90
183 364 96
187 322 13
139 161 90
268 307 92
28 227 18
283 313 4
274 312 62
336 371 5
188 362 35
26 285 58
121 132 17
115 475 30
334 493 5
173 190 75
83 418 50
32 313 9
234 431 63
277 300 86
17 261 42
119 167 6
155 471 11
202 242 45
56 347 42
280 468 35
5 472 17
104 387 14
148 178 2
180 365 82
367 449 98
40 340 21
3 403 77
106 357 70
131 139 14
150 153 19
266 434 79
35 108 89
144 339 97
400 474 92
452 468 72
161 239 12
59 257 55
97 99 8
266 496 88
179 428 16
335 475 84
455 493 44
29 88 64
51 325 11
268 384 12
409 456 24
77 336 98
6 349 34
10 401 93
341 445 21
232 382 98
251 361 82
179 256 2
84 226 92
230 403 68
151 291 85
123 367 73
301 458 8
23 110 45
168 337 97
67 332 95
357 408 27
87 185 66
252 281 72
103 210 24
98 478 80
289 385 83
44 318 17
163 463 80
307 345 79
416 482 82
345 414 59
27 468 52
41 185 51
46 136 23
226 288 70
365 483 86
281 489 68
241 491 53
394 423 3
33 466 48
58 190 30
61 238 74
364 459 33
290 385 25
60 62 76
26 462 67
239 290 26
123 140 53
60 467 67
374 408 68
7 177 6
75 116 63
14 335 77
361 404 53
412 483 31
48 421 68
120 363 70
22 315 64
407 472 14
204 409 87
52 228 82
147 372 75
25 313 65
86 486 75
231 377 44
190 423 85
145 219 78
300 375 99
36 494 31
69 151 28
138 437 40
229 250 58
161 361 73
155 274 86
123 346 1
239 297 41
3 350 18
254 405 53
156 445 42
425 436 94
37 92 60
343 346 51
21 170 14
159 251 15
42 194 83
46 245 54
156 228 72
357 486 34
287 496 32
177 270 23
125 333 42
334 341 1
155 419 30
207 221 47
409 458 9
70 411 86
287 316 54
308 439 42
159 452 55
331 452 34
48 345 55
361 400 67
0 413 67
130 165 21
419 444 68
304 440 97
56 217 24
411 490 98
379 446 54
137 402 88
14 270 60
452 471 53
261 276 34
8 412 42
204 364 53
325 497 26
65 381 79
27 118 63
170 183 86
382 396 15
99 292 94
120 371 89
199 325 63
383 444 91
213 498 15
259 491 52
239 394 85
276 459 28
110 221 78
189 217 62
158 499 97
117 493 57
216 401 55
156 249 72
72 175 74
434 449 72
104 304 43
0 8 52
382 463 58
146 217 78
8 244 69
134 203 9
215 282 58
73 430 82
270 410 24
102 189 76
61 78 57
232 355 75
83 284 60
333 424 4
80 443 47
330 492 63
300 394 41
242 253 67
147 170 50
95 374 41
94 155 54
85 128 58
46 188 98
105 181 53
127 392 1
203 206 77
357 462 32
237 315 47
354 379 97
331 369 47
41 427 55
327 497 5
39 475 91
6 317 12
1 383 21
192 387 73
65 270 44
140 160 64
163 417 48
359 441 86
482 499 58
75 111 7
292 352 15
89 441 17
84 90 14
110 129 12
238 469 33
44 484 45
80 88 79
34 275 28
98 338 74
79 348 25
57 311 54
144 484 18
347 447 71
243 436 91
206 438 54
273 489 7
51 175 74
51 420 5
415 455 35
179 485 41
412 497 24
49 287 7
363 418 47
151 178 86
47 365 7
256 266 41
37 39 62
135 171 28
31 354 32
113 346 40
205 363 32
244 319 51
299 439 51
413 439 13
152 415 97
3 441 78
205 336 35
134 198 94
295 459 2
172 300 12
24 253 24
242 387 29
33 363 5
1 172 53
66 203 81
145 249 83
28 350 56
343 494 91
58 415 64
39 328 35
363 431 52
142 184 52
223 244 32
397 410 59
46 495 78
291 415 82
167 486 76
164 281 76
371 386 48
157 478 49
361 427 22
29 127 7
71 476 27
180 186 56
200 269 67
37 280 4
323 454 90
301 413 37
214 244 3
138 249 13
136 395 87
294 455 21
234 449 50
225 430 2
267 437 45
162 441 92
93 443 43
226 289 70
337 338 37
174 390 85
429 468 81
443 483 41
368 494 76
100 150 6
357 359 90
304 313 96
15 138 62
233 382 11
77 260 1
133 231 3
187 272 30
195 489 26
216 415 86
171 373 35
107 128 88
130 334 63
87 256 34
212 488 43
167 433 82
292 412 94
166 499 84
198 330 76
118 341 68
86 354 88
150 353 15
99 217 79
207 251 76
101 103 37
107 417 54
143 253 37
242 264 73
87 393 28
45 178 14
455 459 41
407 409 41
244 496 48
161 338 76
461 482 43
108 150 18
178 247 2
212 448 30
72 414 88
452 483 19
141 377 19
13 390 49
34 341 21
6 176 39
69 479 7
352 366 89
188 402 80
23 221 37
256 381 48
263 280 41
291 482 5
10 30 60
92 416 5
28 414 76
188 204 23
263 318 26
271 418 60
242 390 61
27 495 3
185 301 63
13 173 32
96 97 72
295 369 53
225 334 5
149 472 56
352 476 28
160 350 87
235 472 70
186 342 6
68 440 65
207 411 96
192 316 95
18 304 57
51 469 76
69 327 71
56 348 95
427 454 37
269 467 44
229 341 89
287 322 69
20 52 24
208 429 68
333 479 48
216 366 26
148 391 62
0 284 31
52 266 50
73 266 50
251 333 3
34 133 54
70 481 69
86 170 38
117 351 88
14 189 47
66 160 20
35 63 62
99 236 93
82 279 40
137 237 20
98 438 50
151 482 80
89 335 12
72 84 56
444 469 81
177 453 23
248 424 81
306 381 94
317 456 32
412 432 21
258 421 73
14 490 23
125 455 72
0 316 56
244 445 23
182 272 55
42 134 20
25 452 95
105 470 88
244 267 83
269 277 93
163 220 93
79 471 30
271 358 4
146 266 72
195 220 79
384 443 45
310 403 6
71 281 85
350 470 60
95 434 23
317 355 21
181 477 29
84 250 93
149 475 99
383 390 34
315 422 86
241 296 99
181 253 8
324 448 45
15 114 50
192 393 29
384 460 86
154 322 34
165 370 94
14 97 89
129 468 8
333 493 62
440 493 87
68 473 46
105 159 26
36 249 5
80 190 79
7 209 53
76 261 78
94 386 1
101 169 60
107 307 43
59 455 52
193 358 74
276 408 28
34 366 15
41 459 23
85 356 22
55 158 46
125 274 31
261 406 45
128 449 43
300 414 74
134 296 97
43 183 17
289 418 78
219 288 16
230 231 14
142 295 87
329 368 15
266 344 20
133 357 23
48 429 14
119 382 54
111 478 36
255 441 65
300 395 94
246 373 92
226 486 57
42 391 61
143 368 10
455 499 36
49 439 17
14 241 69
118 340 55
242 442 8
445 489 22
36 380 93
57 405 45
200 486 21
5 12 33
92 324 54
104 369 38
480 499 15
470 484 92
105 144 15
0 198 56
174 226 3
89 434 31
435 449 1
33 487 82
285 434 99
78 350 39
272 356 4
115 429 28
0 203 61
178 445 86
284 295 47
75 232 93
68 378 38
221 351 96
13 478 5
148 346 14
111 346 34
126 434 17
173 248 12
39 226 10
134 279 66
70 134 82
124 370 20
323 449 95
377 426 66
124 321 61
204 414 53
106 135 35
173 264 49
6 301 96
283 345 29
384 466 57
216 396 37
39 197 58
54 287 79
128 406 82
255 387 20
59 302 9
220 231 77
2 392 81
32 205 93
0 251 9
49 262 17
269 300 45
44 355 35
2 68 79
303 463 12
195 436 8
232 288 42
156 399 75
90 419 26
65 76 74
341 414 64
144 406 83
84 108 67
7 32 96
274 486 37
189 412 74
214 324 50
313 396 34
25 278 61
285 294 94
75 322 76
108 438 73
113 474 40
328 346 100
139 233 12
226 334 95
210 222 65
272 402 90
106 229 12
210 230 45
15 466 29
71 148 80
130 172 47
90 249 60
36 272 29
37 184 17
177 382 69
128 431 88
91 122 84
308 486 18
194 343 20
289 471 55
154 251 51
169 379 13
70 234 17
148 227 70
116 473 25
346 368 86
207 308 15
79 350 95
53 380 34
185 187 96
187 395 92
153 468 81
85 317 52
36 193 95
9 275 91
88 427 32
313 441 19
119 153 39
247 273 59
304 376 98
354 381 11
183 195 86
335 427 14
32 303 8
155 487 34
43 413 70
8 248 80
354 439 37
319 476 11
56 332 32
100 204 9
36 304 70
45 358 53
163 408 85
307 349 69
59 477 57
184 253 84
161 223 78
456 461 59
19 212 9
28 66 51
165 190 85
359 424 21
31 332 23
73 330 88
64 126 61
64 306 25
84 439 14
72 170 17
207 435 90
148 486 39
97 373 63
411 486 42
335 469 49
132 364 15
56 298 63
82 458 65
230 318 99
167 324 19
139 494 43
198 444 77
100 137 71
37 366 7
195 303 57
38 384 61
83 405 2
172 216 91
71 97 29
17 40 32
147 313 6
139 491 8
160 324 4
175 373 56
47 244 18
75 90 63
160 474 86
400 457 41
108 263 94
298 473 79
85 371 33
79 250 97
170 496 1
1 397 76
127 243 56
85 181 44
46 88 53
297 346 93
121 167 72
94 215 64
28 495 95
230 410 32
108 279 85
110 256 22
56 144 96
257 330 48
274 297 12
232 488 90
25 303 82
113 287 32
371 425 77
131 300 18
113 422 100
160 401 26
8 17 15
407 483 79
158 492 14
362 446 9
391 462 88
155 313 80
23 100 69
28 48 41
63 159 28
84 160 76
65 174 39
94 393 64
90 250 69
298 425 15
151 286 26
108 164 18
121 196 51
271 382 85
165 344 100
186 286 29
75 131 42
152 395 50
401 435 51
299 470 62
41 252 13
232 252 26
89 399 44
144 150 58
365 495 4
268 455 26
50 389 13
71 157 92
3 468 12
167 221 66
345 389 66
21 380 7
362 410 33
31 98 70
22 162 6
179 318 98
57 452 70
465 498 61
264 298 83
162 478 44
197 417 74
76 180 79
56 261 9
181 390 94
202 458 82
80 420 72
43 88 98
316 319 54
272 492 91
189 270 34
321 471 75
154 346 45
349 445 44
190 213 40
27 184 43
340 450 18
276 387 30
355 419 91
251 298 94
217 444 52
22 297 100
74 376 15
191 371 54
293 456 50
255 401 89
32 41 73
232 271 24
58 68 39
122 222 7
331 414 47
93 476 69
150 383 81
401 480 49
110 489 58
426 442 3
64 196 28
58 240 17
7 203 47
397 427 27
318 390 25
67 474 4
300 397 81
4 259 46
100 309 73
201 388 47
89 487 72
248 392 27
5 83 35
146 264 39
137 473 53
71 143 48
134 449 70
123 473 85
116 377 15
319 337 58
15 107 50
346 349 36
145 315 16
79 105 88
120 401 93
133 402 17
215 228 21
85 178 5
84 410 36
72 180 46
35 166 36
211 262 50
174 490 80
17 366 82
198 473 55
197 308 27
149 273 46
106 182 80
240 453 49
26 461 91
205 426 16
55 73 22
125 403 30
138 242 57
13 452 56
407 455 65
329 349 86
2 296 73
157 482 33
148 245 22
386 464 19
143 429 18
232 396 81
53 224 14
222 320 100
2 123 65
34 398 66
236 346 19
86 303 59
196 220 90
383 470 13
285 324 81
188 418 84
431 432 6
391 434 6
126 463 72
327 437 47
120 210 3
295 342 34
68 209 69
105 268 49
4 321 100
185 485 57
86 342 65
185 432 91
185 292 4
13 48 10
33 470 59
106 269 74
400 458 57
40 93 45
244 453 59
10 91 85
191 307 10
58 468 29
272 463 41
359 376 56
0 311 79
351 473 87
3 226 44
4 411 55
423 470 63
191 413 98
142 354 79
343 487 74
136 259 93
2 201 92
139 198 76
141 145 74
153 412 93
12 226 23
53 278 75
147 346 22
244 324 14
199 225 77
301 406 68
190 360 6
238 457 18
178 343 29
340 479 48
180 483 14
1 271 4
356 441 12
154 398 30
191 339 43
206 335 79
107 110 90
127 312 14
141 206 68
203 495 25
25 29 68
16 354 11
152 163 63
403 453 7
192 475 2
293 452 88
11 51 85
92 231 44
104 333 9
146 351 71
5 112 77
15 129 85
406 425 53
287 464 96
52 429 28
316 422 18
233 423 42
91 401 90
132 222 11
300 440 51
66 235 64
176 178 31
182 470 10
184 445 41
16 282 70
113 491 57
279 392 94
248 374 93
161 222 4
135 484 52
227 381 51
1 381 88
53 496 37
116 169 98
423 496 87
126 219 59
336 495 64
144 198 10
196 430 73
381 487 19
268 365 69
35 426 54
99 467 98
125 251 90
117 455 39
434 439 86
184 439 19
249 479 9
84 127 70
280 313 86
146 169 66
208 296 10
320 494 13
287 431 45
60 473 26
421 435 4
473 493 59
144 384 62
159 372 4
227 433 14
147 266 41
50 471 93
81 483 8
96 220 17
190 259 8
91 254 79
30 394 27
294 406 56
317 358 92
173 430 51
58 229 96
66 412 13
126 159 56
292 388 31
203 235 5
260 339 83
213 222 52
165 441 63
222 499 28
151 452 22
60 243 69
230 425 17
36 122 78
92 408 52
17 367 57
18 30 32
79 185 43
141 471 98
138 364 96
43 199 86
63 269 32
481 494 6
270 373 7
209 366 49
209 217 89
82 170 87
307 386 55
210 441 5
143 269 91
157 243 100
51 464 46
177 463 46
83 128 47
111 314 38
99 345 5
77 280 85
218 429 56
322 374 96
379 382 39
6 26 87
253 444 38
295 416 12
175 398 37
429 454 7
71 379 12
28 391 85
260 454 34
293 377 79
154 271 95
71 332 75
149 161 43
282 327 3
108 377 43
147 173 26
368 435 63
269 419 71
406 483 87
7 183 59
176 335 84
147 279 7
112 310 9
176 364 55
2 200 65
35 478 23
29 219 26
61 269 76
182 420 86
87 402 95
17 481 43
155 207 36
133 443 73
4 214 27
255 290 16
290 413 18
3 496 18
467 478 56
119 281 11
82 137 58
0 85 46
204 452 34
167 321 57
103 314 74
49 279 21
222 461 69
469 478 95
261 416 6
1 461 95
99 139 32
57 157 100
203 279 73
406 447 75
24 309 54
289 291 94
10 397 5
107 456 53
252 407 24
4 50 58
131 161 47
75 452 93
353 489 78
320 404 75
152 423 72
126 230 97
114 274 40
71 79 92
247 441 12
153 262 73
320 323 82
370 405 87
352 391 13
67 386 81
214 474 34
306 438 58
118 492 3
128 266 27
233 456 73
179 214 98
236 373 36
200 334 66
42 124 2
272 288 36
29 498 15
290 358 66
49 487 45
117 331 10
173 451 17
85 89 10
28 257 97
220 471 36
34 482 91
78 290 29
56 248 44
131 339 23
378 459 13
26 492 85
185 277 3
228 460 42
305 427 50
226 414 99
55 100 93
83 390 33
72 240 79
139 281 31
102 341 35
217 325 28
228 275 73
44 117 45
127 495 16
28 309 62
312 354 67
242 393 43
81 124 29
162 429 33
37 496 18
84 336 51
279 388 70
308 314 71
279 404 55
324 374 51
31 175 14
28 388 94
407 411 34
200 265 32
143 265 18
37 132 58
68 394 34
322 355 59
68 186 52
101 162 46
14 170 57
190 454 69
408 492 71
132 455 60
361 489 75
380 404 13
13 400 93
86 366 34
381 461 55
196 413 4
160 179 37
22 233 93
154 382 87
39 410 67
48 204 82
88 378 70
71 99 15
132 412 92
42 405 24
89 232 79
56 452 44
358 399 74
311 358 74
374 462 8
293 444 45
106 470 63
52 117 59
62 317 58
379 481 34
254 301 95
96 253 80
346 451 84
433 459 94
268 441 24
78 456 97
189 233 83
284 450 35
11 271 88
131 397 9
136 268 14
15 448 47
92 475 80
17 37 8
7 233 53
223 448 55
0 147 95
207 378 42
156 205 82
262 365 3
259 411 28
218 273 16
366 416 49
262 492 14
234 296 56
309 363 19
98 417 38
186 313 58
157 346 87
13 333 77
81 131 67
253 356 4
101 133 53
27 91 25
47 159 30
107 327 75
198 355 62
109 161 55
312 379 52
342 458 10
187 246 87
123 160 45
72 74 13
17 193 34
60 386 98
148 362 27
76 161 94
415 467 3
355 494 35
39 209 61
35 366 78
357 432 45
60 410 84
111 213 1
30 173 29
413 449 19
205 465 51
40 230 30
386 484 48
68 383 84
321 328 59
113 432 41
254 419 82
359 365 12
75 165 89
100 228 67
141 243 13
57 67 72
115 171 85
37 196 71
89 465 5
160 488 95
52 60 92
4 248 100
82 252 9
276 284 74
45 427 44
116 342 93
142 313 70
348 454 25
222 285 43
412 462 91
120 184 80
301 421 75
146 337 77
233 472 89
84 273 25
76 173 94
254 431 72
38 410 51
370 440 100
58 73 36
187 222 53
103 269 77
318 379 44
139 271 57
346 456 40
160 358 21
10 230 6
75 324 16
64 302 71
84 168 87
117 401 5
168 397 39
295 329 17
210 307 97
250 403 69
294 297 71
163 185 56
395 467 52
31 382 58
326 336 90
31 137 21
0 319 79
215 464 55
119 457 13
147 403 94
157 205 99
212 394 77
308 479 29
7 217 40
255 287 42
260 352 16
73 144 85
272 366 46
82 342 84
31 177 98
136 260 13
27 416 65
174 493 25
10 219 82
256 363 97
2 476 89
47 494 88
188 383 93
44 411 15
69 311 65
182 248 39
175 491 58
294 477 88
70 216 47
24 342 47
89 184 80
170 377 79
18 133 99
281 439 78
14 412 2
142 461 78
192 397 14
80 378 14
58 294 77
119 265 100
343 436 44
252 337 39
389 439 27
4 395 7
13 26 69
210 413 21
198 323 8
135 177 21
134 465 34
200 383 34
101 221 52
11 25 5
111 266 70
151 176 100
446 453 43
84 294 10
425 445 65
126 173 81
251 356 94
199 202 74
368 419 84
51 440 59
50 325 54
160 393 66
358 393 86
19 346 92
335 437 8
262 330 10
198 420 10
110 136 1
14 415 13
181 358 30
87 306 31
38 194 18
24 297 43
391 484 96
83 249 72
69 350 69
291 302 60
155 378 88
106 149 77
11 393 38
10 23 42
327 370 62
210 401 44
185 495 17
197 352 8
82 114 87
187 456 25
112 424 42
17 159 1
46 130 95
158 394 100
270 338 23
180 460 87
219 356 21
34 187 74
267 394 45
41 191 50
283 297 69
215 230 66
118 398 10
284 432 23
27 459 99
2 368 47
379 387 41
3 459 51
246 409 94
132 224 22
194 422 9
420 458 27
48 359 8
208 338 15
45 52 31
94 225 5
97 410 74
70 247 88
205 482 9
62 378 96
172 392 60
283 362 41
290 369 69
331 374 6
354 407 86
21 77 38
177 341 2
230 333 43
151 163 69
383 413 97
88 90 12
88 298 94
346 375 4
358 481 10
95 347 8
130 268 27
31 255 60
116 127 40
348 416 70
208 247 31
228 268 87
312 401 60
346 385 41
189 204 76
129 321 9
6 33 43
1 342 51
15 471 49
292 375 71
113 367 83
195 330 12
42 343 49
31 398 70
346 405 55
14 173 1
17 274 93
139 244 65
401 455 65
92 173 83
387 474 99
225 456 8
28 152 69
20 234 53
150 280 5
4 406 63
234 347 51
174 313 14
65 382 13
86 381 44
83 281 10
57 123 42
35 48 78
302 441 50
314 496 93
17 452 70
2 363 48
188 373 36
183 474 62
122 399 42
256 280 30
143 185 69
139 171 24
126 191 93
221 394 58
362 417 30
100 494 56
14 56 14
192 232 33
6 84 53
474 481 63
126 245 77
401 464 46
143 394 37
304 427 74
167 265 15
143 360 26
93 454 2
182 336 21
339 475 17
155 489 78
38 143 94
144 497 85
162 312 43
134 482 27
152 416 43
43 377 24
94 116 44
97 108 22
125 268 62
7 143 14
91 336 3
192 407 59
32 477 31
287 382 83
419 439 43
233 449 75
260 403 38
132 436 81
368 395 95
158 260 79
98 285 30
241 410 45
408 496 51
176 210 75
134 321 2
205 430 45
146 195 7
131 150 29
206 228 29
290 306 37
118 127 34
96 159 34
160 341 70
160 175 98
300 488 55
303 387 39
206 259 22
261 495 24
181 380 97
134 179 62
209 278 90
130 437 44
10 292 63
326 430 84
209 318 34
310 365 11
97 109 75
63 458 14
258 356 99
59 463 70
72 274 68
76 269 45
37 238 20
313 327 63
165 262 52
93 300 2
42 177 85
76 299 83
39 272 30
145 160 63
379 464 90
119 273 99
123 359 82
40 163 39
92 394 20
65 423 1
237 289 90
75 136 31
2 497 26
360 440 32
164 167 92
155 440 41
235 358 1
339 412 38
172 354 21
15 422 46
109 440 73
95 317 62
184 395 62
399 401 72
63 426 34
18 262 91
229 238 51
163 266 2
165 395 87
13 402 54
196 311 99
178 272 87
174 450 24
68 425 41
199 240 77
144 151 73
66 128 74
110 234 6
111 418 100
9 11 54
331 393 36
62 151 3
234 273 86
331 387 72
20 238 33
206 311 95
142 240 15
44 214 70
234 439 75
109 183 39
216 234 41
350 450 11
57 194 96
137 469 23
212 415 63
85 436 43
159 359 12
165 451 10
272 390 62
59 243 50
368 371 65
136 489 35
18 69 35
250 288 77
471 477 39
166 415 10
87 198 29
184 283 75
122 325 8
147 461 1
227 249 86
189 263 13
365 415 73
168 370 31
317 374 77
249 320 17
377 470 13
264 338 56
47 358 55
181 482 70
167 233 79
41 101 61
101 216 97
190 251 1
295 485 54
125 191 81
150 447 88
172 394 15
271 370 76
346 390 53
84 322 46
210 272 57
48 259 11
96 167 63
70 254 98
120 262 35
29 210 98
469 499 76
0 358 40
80 474 13
367 486 2
214 441 8
108 363 94
31 194 9
100 256 5
216 399 50
126 347 44
111 421 88
0 233 96
65 235 98
297 428 13
85 407 47
148 167 85
114 421 31
334 473 46
64 121 89
133 157 16
82 353 25
81 316 23
271 365 5
304 407 27
43 435 59
108 383 36
56 75 57
35 453 13
88 173 69
111 441 45
71 320 83
136 376 7
53 124 11
380 455 15
18 118 59
340 410 20
333 440 23
189 452 25
45 168 97
82 187 23
259 339 27
129 428 53
362 388 48
238 449 53
70 449 2
247 401 69
104 408 5
65 380 80
21 321 26
219 418 64
42 87 78
138 295 76
146 386 39
11 390 14
215 414 80
169 424 3
376 409 67
157 423 77
81 93 24
17 187 73
314 447 53
277 385 53
234 452 47
369 433 73
401 499 62
180 361 30
42 499 17
0 394 38
13 81 15
174 453 99
191 481 54
188 483 25
60 367 20
397 452 6
223 470 23
205 264 82
266 401 38
150 443 2
33 264 93
139 174 66
220 333 52
167 438 7
54 225 38
188 281 10
3 107 15
1 228 94
424 449 3
277 295 38
49 236 71
230 236 48
103 285 30
32 481 20
64 290 60
21 57 84
66 451 81
87 245 10
129 317 26
40 102 24
425 443 82
332 342 71
169 366 25
128 324 75
351 494 87
64 384 78
185 382 52
9 469 95
304 324 37
87 490 30
198 335 100
344 439 43
183 345 76
54 299 11
67 193 19
140 429 26
382 400 72
59 304 32
222 312 79
167 443 51
85 174 69
414 436 93
338 486 53
118 271 29
38 68 47
13 299 83
19 430 57
291 499 75
216 274 52
166 211 14
26 441 52
234 314 48
85 305 27
214 246 74
194 267 46
79 257 59
16 140 59
145 490 80
211 231 75
252 327 67
39 380 77
36 347 84
43 300 21
0 402 57
2 125 57
136 439 42
39 378 39
142 251 55
385 461 51
132 254 42
387 426 39
82 294 22
4 147 34
265 299 64
32 328 50
48 433 68
157 184 35
431 481 34
312 406 41
447 467 13
20 497 3
312 408 99
50 70 85
265 310 41
34 158 54
324 442 41
12 370 50
37 309 1
234 315 10
98 406 16
19 123 91
216 494 49
465 473 69
59 173 98
214 495 47
192 251 7
305 369 2
22 423 27
94 265 38
161 255 85
60 272 94
173 237 4
201 266 86
24 352 41
97 135 56
122 375 44
302 366 31
50 265 77
395 418 55
191 230 58
192 213 55
6 441 63
93 117 1
97 466 87
161 439 38
181 454 21
31 339 13
156 437 75
137 167 16
13 229 14
162 201 52
118 289 92
25 98 13
257 442 73
142 412 94
26 264 41
214 476 15
175 291 39
132 276 66
33 383 78
134 233 9
6 104 56
268 417 22
319 433 92
397 430 48
129 294 73
50 246 21
236 288 61
42 117 5
383 392 86
212 440 58
114 340 19
120 440 65
85 357 17
77 298 5
20 308 98
415 433 48
61 350 81
102 289 97
374 431 6
142 446 91
102 213 18
35 349 98
63 104 28
1 125 61
136 463 95
58 285 45
56 383 25
400 416 26
66 282 72
459 488 70
153 181 93
247 294 29
359 493 36
74 361 80
296 463 15
379 411 100
8 68 89
208 332 66
175 223 53
339 454 91
17 341 39
230 255 100
203 269 98
36 58 36
214 319 69
331 364 22
260 402 97
29 321 59
279 453 49
44 145 89
183 437 5
89 426 55
87 217 93
67 260 54
203 217 62
130 427 91
332 353 43
134 201 86
128 342 21
91 115 80
135 190 68
58 241 41
276 306 77
291 446 62
310 447 22
256 318 66
69 188 17
119 287 25
4 108 8
174 268 24
231 466 57
471 482 81
229 496 36
437 451 93
93 469 78
215 391 34
30 111 66
268 339 57
121 405 20
133 242 2
104 253 50
60 399 78
41 421 86
3 370 41
345 496 41
182 186 100
20 390 55
78 234 11
26 364 36
412 426 17
201 433 95
114 451 30
174 351 9
322 423 99
99 231 100
59 114 91
75 343 34
44 77 63
86 374 43
100 138 38
151 329 45
94 118 72
128 306 8
234 250 43
220 406 29
107 184 61
396 462 54
201 322 15
15 380 48
82 238 67
62 108 94
58 293 46
139 229 36
446 481 47
67 175 63
200 217 62
52 131 82
259 485 60
360 486 44
160 266 70
114 232 87
149 244 86
25 248 99
229 268 25
39 231 59
156 277 4
61 140 33
158 448 34
22 32 23
414 482 99
149 380 66
456 480 6
311 330 94
103 497 93
107 245 31
229 433 25
9 223 80
125 356 69
18 229 8
438 482 34
110 124 77
9 342 13
27 50 85
8 190 22
206 331 34
123 208 68
35 79 15
73 498 29
96 257 37
233 393 12
83 120 56
20 259 17
294 460 56
244 301 83
362 403 99
77 253 32
259 463 68
226 254 73
64 323 96
18 484 19
129 264 85
212 336 49
86 447 77
285 473 66
302 396 48
116 399 2
233 499 55
245 426 7
5 52 94
119 274 24
17 375 85
1 231 2
75 403 46
26 476 37
37 433 92
397 489 75
97 249 15
204 455 42
16 62 36
3 485 21
75 364 66
55 360 38
34 192 71
84 196 71
337 459 79
87 483 9
17 181 46
403 465 7
129 237 80
412 417 74
40 201 67
147 330 64
163 182 54
19 469 81
227 429 35
6 457 67
15 122 24
11 135 30
370 430 11
18 471 86
146 170 19
448 499 16
344 393 67
175 403 41
24 107 84
299 460 9
253 328 55
38 125 31
299 475 63
170 354 74
132 184 1
133 287 16
263 308 64
271 361 98
80 404 9
369 409 97
200 355 34
187 331 60
105 258 44
68 141 48
247 363 9
297 322 51
74 464 43
274 303 30
360 465 27
269 400 99
5 348 49
222 271 31
423 450 42
36 40 60
7 328 90
64 390 57
286 364 22
178 295 76
86 364 33
233 458 51
78 115 28
355 491 35
113 297 39
133 457 51
431 440 18
227 412 16
56 499 54
31 277 83
39 128 34
19 387 83
167 404 81
26 457 96
90 151 42
85 241 59
80 259 10
144 413 55
75 265 72
97 218 88
159 177 26
337 368 63
212 261 14
109 398 67
142 319 15
392 482 64
55 477 11
71 255 61
155 193 90
125 207 100
94 355 32
364 494 8
172 341 85
117 295 53
46 496 90
275 463 98
194 252 93
108 147 95
309 315 26
110 420 100
120 268 61
151 369 54
121 318 38
352 401 55
2 175 17
123 168 11
352 463 80
118 301 36
80 210 93
467 491 29
268 437 34
297 442 86
181 464 5
17 405 77
29 457 55
49 444 31
82 192 40
204 332 60
279 311 52
191 302 22
182 498 69
363 371 96
149 397 25
287 301 19
153 463 31
308 393 72
162 431 16
231 249 76
201 389 20
236 304 9
303 389 67
58 282 3
127 493 95
92 151 33
121 195 65
266 451 40
168 234 28
74 317 24
149 292 46
32 265 24
7 264 6
259 451 100
130 353 13
304 339 22
122 283 91
60 250 88
301 357 76
307 411 92
71 388 78
83 391 79
128 326 23
290 440 36
297 446 2
10 234 100
72 98 36
325 465 37
232 324 51
181 288 28
51 315 44
174 244 65
53 328 28
15 274 63
89 171 62
46 193 1
265 484 94
294 365 52
7 59 16
237 406 6
63 303 19
147 261 18
56 453 96
420 430 38
16 335 46
25 394 85
240 321 10
377 438 95
171 280 73
46 212 45
27 281 89
281 388 41
67 178 66
71 286 46
383 461 97
162 378 17
385 483 79
41 209 38
111 147 74
155 466 18
294 312 47
224 409 83
412 476 34
5 130 29
172 205 28
163 284 17
418 420 51
85 197 33
219 281 31
