500 5900
0 3 36
3 18 56
18 142 67
142 152 86
152 195 18
195 211 45
211 227 81
227 232 43
232 267 3
267 317 25
317 324 86
324 333 13
333 363 9
363 364 22
364 377 31
377 388 39
388 403 3
403 452 76
452 472 23
472 489 88
489 499 4
68 301 75
85 129 30
122 179 23
136 400 95
271 347 41
73 113 5
428 498 82
199 473 78
96 340 39
427 430 88
73 242 74
96 177 4
132 447 15
107 227 85
432 455 34
92 292 68
333 385 60
394 485 92
190 251 96
112 315 80
204 408 100
39 453 90
128 387 93
43 380 82
287 326 54
396 433 49
119 225 22
45 215 44
340 474 27
102 468 94
34 65 94
133 275 5
307 384 50
222 421 9
311 427 79
128 493 32
94 212 70
110 339 80
31 426 66
21 290 80
313 393 5
187 490 29
72 479 62
317 327 84
282 428 62
189 214 91
104 413 96
328 411 18
280 434 53
84 112 86
23 246 95
8 156 94
160 426 100
17 20 17
197 342 78
477 482 3
56 254 31
80 141 17
11 348 53
138 171 79
247 489 90
25 396 38
325 485 11
19 488 59
201 293 80
41 289 56
115 332 24
27 226 85
110 392 62
185 354 99
210 394 93
341 345 23
14 415 18
18 114 84
130 423 55
199 497 60
258 447 92
376 457 93
400 406 36
44 440 51
11 323 48
303 456 20
8 231 82
106 229 96
31 304 89
24 354 75
135 402 97
56 265 26
80 115 92
44 129 43
83 464 57
117 250 37
436 479 78
268 475 24
100 438 24
198 417 6
179 333 24
294 335 57
115 491 24
293 390 96
208 327 24
169 421 47
91 295 16
139 412 26
411 486 22
475 479 96
117 289 10
426 473 78
231 484 66
279 313 5
278 326 85
111 350 32
53 84 62
101 221 42
203 347 55
355 474 6
70 413 24
13 389 75
122 406 95
191 447 34
335 378 13
148 329 6
148 245 16
79 491 27
8 294 2
134 176 77
370 428 70
264 362 33
129 229 53
343 478 3
27 173 28
177 214 83
74 245 78
124 243 93
111 251 58
335 445 16
19 404 42
100 456 66
138 353 57
243 435 5
307 319 5
220 257 85
274 497 30
89 276 28
253 336 20
47 401 66
116 321 98
243 421 25
190 236 81
349 482 40
282 284 55
11 172 4
42 417 47
443 481 74
34 267 88
182 352 51
313 450 49
352 473 34
234 391 1
45 193 43
26 433 18
351 451 33
196 269 26
9 366 41
53 99 57
265 406 43
143 397 49
176 437 10
29 396 80
211 222 51
329 409 25
44 354 66
65 345 43
20 442 66
274 444 70
119 179 41
223 431 75
126 356 34
395 406 86
268 448 41
6 135 37
224 308 25
4 73 6
199 289 7
39 320 57
165 416 18
115 340 10
257 361 19
95 476 70
424 473 54
73 349 61
217 416 88
158 279 14
243 370 26
483 499 18
217 307 17
6 40 34
354 440 4
249 383 34
111 355 79
77 202 92
260 373 3
105 223 46
9 379 75
170 334 25
343 348 70
118 381 31
239 465 97
48 225 48
385 476 24
38 399 27
289 310 92
94 303 27
156 464 57
228 476 29
210 238 5
130 189 97
147 292 19
268 358 88
100 241 28
37 207 72
166 259 56
32 399 59
51 90 54
31 198 91
222 307 100
184 295 96
63 335 27
87 108 99
345 393 78
310 413 41
360 371 86
445 453 42
201 225 97
82 376 29
8 85 59
5 99 89
391 439 64
192 430 6
42 49 73
150 384 45
174 377 55
197 297 42
28 474 84
61 149 29
140 243 77
76 309 65
49 251 94
80 358 31
60 104 97
260 355 6
30 95 19
239 346 24
113 290 62
254 376 22
309 464 42
43 392 6
340 386 20
79 219 11
20 293 41
118 477 65
294 417 38
68 217 71
80 345 8
40 297 54
139 197 22
42 403 53
79 420 89
27 54 82
25 210 100
289 345 93
366 419 96
216 315 86
95 285 46
23 316 8
176 266 61
256 303 84
218 443 42
49 88 16
125 481 75
110 420 22
301 481 88
84 386 78
73 404 88
61 380 8
265 414 19
175 297 56
147 153 44
100 301 15
208 283 51
174 191 75
215 385 71
157 259 28
243 432 100
115 329 42
222 247 14
60 188 51
370 477 68
170 269 91
262 337 44
1 431 9
191 300 17
164 462 66
192 485 44
169 433 84
13 256 64
70 140 91
100 367 13
128 406 26
385 489 7
165 284 73
289 311 44
77 304 37
70 453 20
218 317 10
361 470 75
287 387 37
210 355 34
362 483 53
171 200 7
80 259 75
131 262 7
61 129 7
373 377 42
269 329 63
8 331 18
64 343 24
71 373 1
159 381 3
174 316 23
193 265 78
217 295 53
228 452 16
11 478 57
16 465 92
10 236 89
183 359 48
187 263 61
259 493 94
18 99 58
163 366 75
253 398 63
114 418 60
109 111 7
174 199 98
382 479 8
265 449 33
280 350 89
26 463 55
147 199 98
32 255 64
228 494 6
220 433 87
184 297 30
422 491 36
145 489 67
18 63 43
359 448 93
476 484 34
77 224 33
80 360 28
269 424 75
265 464 45
71 467 94
410 426 44
289 404 69
34 124 90
479 485 66
30 358 32
126 430 49
344 489 25
465 487 55
289 483 44
99 209 53
113 177 61
137 344 15
44 198 29
50 225 86
369 487 41
85 455 56
4 209 56
249 344 27
213 393 45
72 106 11
124 457 23
4 39 75
71 370 56
90 124 19
154 199 51
61 93 24
30 105 74
372 386 66
78 379 38
44 60 20
5 390 65
3 357 75
58 304 44
201 493 27
0 68 72
33 78 91
20 444 72
195 266 62
129 356 10
113 315 2
290 303 24
70 378 19
16 286 86
264 443 93
274 317 83
58 465 3
221 356 96
217 480 68
44 483 1
53 255 72
19 96 67
261 370 16
326 474 72
364 384 74
39 446 55
46 370 5
169 280 58
58 373 83
188 305 31
238 264 43
71 449 99
132 279 66
372 405 68
176 313 11
203 281 33
104 337 65
56 88 75
236 302 19
308 470 88
130 405 19
5 41 5
329 336 76
65 114 80
125 220 95
488 496 4
192 230 87
180 332 50
55 337 21
83 452 32
311 450 66
260 324 84
25 255 66
196 352 95
89 91 35
315 459 59
323 360 28
116 471 73
109 274 89
219 369 29
344 393 49
57 323 46
156 163 11
93 275 50
245 387 24
189 227 82
54 104 38
310 498 87
250 373 8
64 456 16
156 281 20
162 173 52
93 256 37
251 292 64
149 488 43
355 459 44
362 363 66
226 391 63
27 369 61
203 447 65
285 496 90
253 465 91
305 439 56
241 444 37
99 481 56
71 495 57
208 348 97
14 342 71
65 360 49
0 427 50
352 452 44
268 420 97
50 276 17
34 305 37
338 372 64
42 227 64
210 497 42
300 444 25
333 493 93
79 143 46
129 177 86
46 89 65
44 293 73
236 484 76
95 137 49
68 108 44
112 474 20
0 132 38
24 406 80
13 201 79
200 325 61
216 423 47
15 134 45
102 453 3
51 399 44
261 417 29
435 446 8
169 325 40
156 286 63
269 480 33
35 347 60
45 372 20
358 363 60
82 407 48
229 319 55
80 448 85
203 413 5
298 478 16
188 350 23
240 475 26
225 452 27
381 485 89
182 276 95
51 173 45
67 438 6
96 412 67
64 238 41
66 255 64
358 376 8
316 463 87
134 476 23
9 185 37
112 198 30
6 51 87
409 484 100
21 160 3
254 349 68
41 80 93
11 225 23
409 455 71
116 274 65
281 466 26
153 304 48
482 495 57
242 358 53
94 309 86
11 425 81
217 321 18
343 360 92
111 302 4
467 474 61
142 378 89
196 425 60
349 385 62
114 185 98
62 157 81
51 348 26
15 161 17
164 415 80
252 432 64
178 467 61
276 386 95
4 255 4
138 429 85
241 492 82
204 207 58
177 428 46
68 252 68
72 116 88
336 343 10
99 280 18
188 370 98
85 456 2
353 495 68
56 213 31
180 320 85
151 484 98
37 471 44
230 270 43
224 386 75
156 410 100
128 446 51
82 229 46
38 53 17
298 435 62
226 286 8
39 278 90
164 379 39
195 358 79
357 464 67
54 253 84
424 467 94
52 84 20
56 315 16
22 140 53
123 490 80
324 465 55
128 269 9
229 494 95
291 448 20
29 453 24
121 208 67
205 410 50
8 298 81
201 466 96
243 298 85
20 279 25
80 102 10
145 386 74
129 225 97
114 426 22
210 450 18
305 471 60
134 373 46
126 328 63
398 414 91
194 477 98
23 28 58
97 481 16
76 401 52
252 386 3
271 297 33
138 203 33
135 315 45
182 210 54
51 239 3
312 380 75
122 248 21
46 107 66
263 310 39
383 410 36
91 132 2
345 366 33
169 499 97
73 112 40
49 476 55
199 450 58
198 357 26
392 413 60
123 449 54
148 175 75
321 442 31
184 421 22
189 242 47
71 157 88
298 342 5
238 457 42
72 120 3
447 482 15
263 353 67
49 385 16
304 389 97
79 337 49
6 496 65
179 373 43
404 409 81
273 478 12
258 406 5
102 464 97
441 449 1
269 347 29
250 494 66
382 486 67
259 475 70
42 350 35
125 382 65
142 240 100
230 284 97
105 472 41
8 390 13
110 401 50
322 481 17
286 314 92
423 499 52
66 99 3
48 107 16
180 396 41
131 311 58
11 306 28
99 363 91
24 333 46
275 401 33
329 497 81
91 375 91
36 471 7
267 304 23
21 474 39
133 141 54
106 485 52
63 440 45
310 358 82
313 398 75
7 115 9
122 489 97
120 394 99
164 294 92
179 414 13
25 56 73
88 417 43
164 290 21
85 214 62
164 442 37
282 372 69
23 98 30
201 388 30
279 439 51
264 432 99
216 239 10
123 399 59
168 239 32
23 158 48
106 437 76
59 339 18
35 218 88
73 177 63
13 376 87
284 309 87
52 474 42
63 142 100
273 406 62
227 297 100
29 342 96
222 257 12
60 202 92
135 463 71
18 116 48
461 478 33
183 378 13
325 477 25
151 352 68
140 474 21
263 466 54
70 267 89
89 478 5
116 376 22
352 412 64
107 409 72
217 276 29
107 286 1
442 462 16
291 420 13
164 167 31
231 296 96
79 81 13
91 372 63
361 412 10
297 347 25
85 426 80
48 178 28
22 125 73
230 298 38
172 460 79
9 247 55
82 184 40
50 379 68
25 310 98
249 469 6
12 38 37
98 436 23
8 37 52
76 104 46
164 268 9
7 158 59
212 341 39
314 336 19
120 471 98
220 323 57
19 433 64
38 103 97
81 309 6
62 439 31
107 168 21
85 150 40
113 136 21
84 121 87
161 464 61
271 497 18
225 445 94
257 359 30
5 394 36
263 443 65
8 132 89
161 391 72
235 402 65
117 293 48
82 272 79
130 270 91
46 168 96
187 220 7
380 469 41
65 308 62
101 338 33
302 415 27
307 363 40
91 240 75
334 413 56
56 439 23
130 296 54
190 262 16
285 303 31
16 479 59
0 438 49
177 279 95
259 498 47
71 215 25
58 441 92
225 421 94
48 61 40
72 239 17
29 406 47
24 176 26
92 201 15
99 427 71
93 99 52
123 469 9
44 193 3
250 490 44
211 369 99
176 227 30
54 495 91
8 321 24
321 432 21
50 279 93
40 401 17
170 202 43
32 107 62
397 477 16
62 307 16
427 436 47
238 471 75
297 314 30
427 482 49
84 223 41
207 215 60
179 216 39
195 477 99
143 408 40
31 331 29
176 212 12
96 495 36
367 412 95
32 418 54
38 403 73
113 255 46
291 440 98
117 268 13
42 129 100
284 497 47
124 443 48
95 173 70
67 442 31
118 162 39
256 415 92
9 297 51
101 190 43
122 303 1
173 184 13
214 411 45
244 302 14
75 320 49
48 325 57
159 408 31
45 48 49
207 308 4
106 434 3
135 423 32
213 271 30
134 395 67
57 353 15
33 428 58
390 497 32
296 312 65
119 481 87
68 118 49
89 260 36
106 203 30
171 372 65
41 342 78
207 477 1
122 159 43
150 160 55
104 254 43
86 327 15
185 193 12
79 251 67
61 416 96
44 368 38
24 347 5
153 373 99
180 385 1
372 375 99
73 325 34
143 183 99
73 431 86
348 483 30
54 111 60
365 374 27
330 442 21
200 253 41
2 224 36
436 463 96
213 457 17
1 278 6
150 304 100
93 401 68
7 344 29
92 481 93
232 356 14
189 423 1
31 207 15
146 349 6
134 225 81
320 490 87
107 234 18
54 469 73
66 383 66
329 389 46
115 416 41
328 420 43
74 172 90
174 271 83
101 491 12
252 255 54
16 40 71
254 256 84
370 478 54
30 423 37
1 348 44
85 441 21
11 460 72
354 417 5
255 476 74
189 355 72
423 486 46
25 327 96
353 366 94
134 391 75
265 439 44
133 480 41
130 498 76
63 494 99
315 429 66
244 246 40
100 472 77
309 327 53
53 310 48
94 273 88
28 112 94
128 404 92
27 353 87
64 268 21
204 211 72
0 429 12
218 376 92
15 454 51
205 404 83
139 146 64
106 430 34
120 226 60
356 409 7
157 262 70
24 283 25
66 468 44
370 399 17
92 423 1
226 370 20
16 299 87
203 251 52
94 172 89
215 277 57
271 317 51
14 494 80
107 282 9
136 479 89
153 337 8
156 370 19
339 422 32
377 447 73
109 222 54
112 297 39
465 492 3
441 486 73
117 378 48
82 144 39
150 290 75
54 242 89
167 194 24
246 448 57
208 400 75
118 424 73
158 356 27
15 411 17
211 376 1
158 159 20
60 243 9
172 353 62
30 101 89
357 480 35
429 436 5
69 337 4
171 431 69
61 134 27
60 477 15
350 471 5
280 393 46
84 97 87
449 472 68
22 94 87
49 77 43
131 182 6
281 319 7
132 196 28
77 368 22
218 498 87
175 206 66
2 115 99
246 383 10
52 306 12
111 471 43
168 414 75
33 140 60
44 284 21
412 442 54
84 227 3
188 398 97
439 469 58
139 435 21
32 96 36
163 283 28
195 482 100
377 497 83
29 365 43
80 171 89
130 439 1
135 176 44
209 261 48
30 63 76
146 428 79
43 490 35
47 156 68
323 420 43
341 388 25
372 493 57
22 62 59
101 474 50
288 477 37
77 118 6
34 129 99
140 447 30
168 321 24
152 213 44
48 87 12
466 481 31
14 214 67
118 282 14
54 344 68
104 412 45
184 334 45
165 464 5
7 34 52
288 324 72
51 360 78
155 206 52
60 410 4
233 391 16
80 202 31
338 441 18
161 166 35
315 391 40
134 236 48
185 429 59
206 440 24
74 233 18
134 487 11
127 237 24
61 483 68
95 307 74
138 254 25
390 401 53
73 457 46
393 423 6
5 145 90
358 373 4
162 166 59
351 367 36
263 482 32
98 121 70
49 59 72
384 408 28
48 436 17
157 396 3
336 472 77
359 377 43
124 485 28
279 443 63
24 455 87
97 195 96
349 355 24
271 432 17
309 323 61
62 375 5
166 308 52
255 306 53
241 395 89
466 496 68
149 433 43
285 474 4
164 188 64
177 379 18
128 453 33
319 410 51
12 80 85
258 449 3
0 89 49
431 483 39
194 279 50
4 37 6
429 476 45
225 407 56
6 162 56
8 488 53
460 471 33
19 395 18
140 463 68
60 482 10
137 427 70
86 497 90
240 441 89
162 390 57
408 459 86
98 350 51
74 404 25
110 211 67
212 323 1
147 463 26
403 434 68
55 274 58
76 492 72
103 151 4
111 252 99
250 413 33
257 338 69
82 98 54
228 470 82
163 272 54
266 365 42
327 403 70
90 106 18
203 356 73
300 400 53
76 435 100
365 445 76
90 463 79
119 242 49
97 271 14
267 333 38
351 441 3
60 121 16
178 297 63
163 195 11
278 497 20
85 284 52
58 266 9
88 484 33
44 239 86
39 196 57
238 312 4
70 375 21
363 481 41
28 164 19
97 245 11
108 278 16
178 449 58
221 324 23
152 411 81
194 200 72
43 347 58
199 243 70
368 383 65
30 390 19
156 461 3
35 419 45
337 351 4
234 451 95
211 411 70
281 419 20
206 424 64
148 351 69
198 467 86
201 347 72
132 149 94
57 484 84
178 425 1
21 232 50
148 237 40
151 392 77
306 407 75
221 371 50
237 480 79
68 409 72
244 295 2
136 173 82
58 311 69
322 462 93
210 339 15
97 347 88
248 257 96
330 387 89
88 183 82
11 408 71
203 310 19
243 491 26
177 400 52
287 335 58
66 453 74
323 400 10
124 296 90
277 448 81
42 171 2
41 337 1
112 290 70
262 375 26
312 404 3
174 179 32
410 485 29
52 65 34
243 490 76
182 253 83
295 419 48
193 421 68
100 480 27
247 491 93
76 208 71
206 454 63
109 123 79
27 122 26
72 403 87
17 344 41
203 425 57
130 153 42
366 373 16
258 456 87
67 372 80
167 296 7
324 352 12
213 380 47
140 406 93
171 362 1
178 463 23
193 337 83
272 307 97
187 319 25
284 304 96
197 324 71
239 403 40
97 246 8
20 102 28
8 438 88
120 140 62
181 382 94
3 249 38
77 328 7
130 285 54
14 69 33
209 386 75
13 130 18
130 365 2
287 487 83
9 221 63
134 356 23
50 109 96
26 139 48
134 268 19
73 129 94
302 497 3
291 386 63
185 357 23
185 318 17
237 390 90
31 179 31
76 499 68
94 360 22
210 215 96
59 282 86
106 465 100
1 392 88
309 468 39
130 133 69
268 457 65
202 386 84
15 430 99
411 421 40
188 437 60
185 271 61
122 133 87
71 159 95
226 362 26
162 421 99
307 368 71
64 69 13
382 393 75
276 394 94
204 490 43
31 283 3
119 302 49
238 378 51
128 275 37
131 387 51
111 289 77
233 386 98
338 452 3
49 296 25
352 386 75
287 442 4
347 435 20
399 449 47
114 212 4
43 235 57
165 422 71
366 462 30
376 462 47
58 60 71
145 466 66
200 422 84
306 493 47
323 325 31
248 423 92
139 142 100
263 269 36
47 136 78
92 410 93
26 179 33
115 337 5
65 160 5
140 280 91
155 406 70
120 486 1
128 492 23
306 490 27
26 215 80
62 173 38
108 397 11
281 426 72
132 324 50
9 134 81
247 439 82
332 366 94
221 401 84
419 458 1
33 246 93
128 284 41
108 112 98
95 458 85
298 386 78
13 53 77
439 445 18
188 247 43
157 288 100
90 232 44
299 435 7
332 351 14
258 452 24
62 185 75
159 167 37
366 458 29
325 355 2
72 392 38
77 117 46
1 230 89
280 430 95
204 212 15
30 149 58
269 477 75
25 203 14
154 315 92
286 292 61
158 171 29
60 418 61
108 246 83
104 302 61
103 136 20
156 213 91
170 315 28
148 483 10
194 319 35
182 311 58
119 288 5
102 484 43
307 484 98
74 150 7
93 350 54
109 358 23
21 387 87
435 487 18
376 421 15
224 228 98
43 94 50
49 211 43
339 485 6
127 183 3
68 315 58
201 292 87
71 282 43
77 353 48
270 387 21
162 429 42
154 209 9
74 403 28
135 340 36
264 295 11
13 65 6
278 495 85
174 348 7
257 352 12
201 207 92
85 425 38
37 68 15
212 451 56
76 114 36
115 383 33
278 441 20
127 491 10
352 425 40
262 374 17
75 372 77
138 209 2
221 268 94
140 348 40
154 390 61
449 455 30
433 464 4
8 316 88
130 238 92
254 431 4
164 369 36
376 393 47
358 449 44
199 435 77
178 210 27
176 420 59
176 463 3
267 332 93
188 488 88
158 281 84
172 318 96
71 457 2
134 191 69
459 469 37
186 482 45
183 199 8
221 272 78
49 115 99
175 326 68
166 484 60
211 251 60
197 310 15
199 368 43
95 257 22
13 412 45
483 494 19
291 317 15
13 457 13
55 476 54
44 256 38
405 455 29
67 147 65
164 343 90
61 143 18
132 414 10
300 378 79
301 328 6
43 62 96
67 239 74
26 168 5
32 456 26
198 381 25
295 446 4
38 139 29
31 253 57
46 170 71
169 449 55
164 289 24
278 464 13
332 355 63
363 380 58
81 168 88
14 462 100
138 467 82
18 103 4
103 381 97
481 483 35
234 478 29
8 421 3
77 265 14
21 411 88
116 314 3
367 451 21
68 168 67
438 445 91
54 324 74
202 282 41
125 385 13
408 425 84
118 330 71
275 277 38
36 213 15
99 465 34
189 246 48
290 426 31
148 284 63
297 300 43
126 167 39
114 344 56
86 149 64
400 411 71
73 198 28
207 256 45
16 415 30
177 262 78
386 444 18
68 406 76
114 286 75
52 224 32
162 211 80
97 284 59
3 197 3
50 139 95
234 462 41
78 449 4
314 444 79
102 344 7
470 474 68
175 229 88
256 444 72
232 401 57
306 497 16
36 439 7
63 316 82
156 251 19
92 477 15
199 299 58
185 471 47
310 369 91
119 355 52
93 422 95
237 270 27
53 458 20
146 304 34
36 113 22
183 362 72
57 465 19
114 264 38
163 309 71
234 305 48
222 324 17
25 403 8
37 59 61
249 356 61
124 286 96
200 337 64
44 416 86
249 461 96
134 362 37
8 167 59
87 283 52
37 320 94
159 161 34
359 459 47
61 254 62
59 138 91
139 342 65
241 248 85
282 460 80
180 249 33
203 483 83
210 371 84
46 73 84
183 327 45
39 366 3
142 413 3
131 281 83
117 400 53
58 244 67
98 192 30
172 233 57
43 326 100
128 212 70
256 435 30
27 186 93
50 278 14
254 375 54
70 200 30
275 380 33
395 449 90
184 316 13
27 455 65
35 80 30
349 496 70
304 407 13
281 338 23
247 360 95
68 340 31
178 352 21
161 230 55
390 458 26
250 330 93
165 301 39
115 229 34
86 482 41
185 206 40
118 231 5
57 418 37
78 117 21
5 74 100
267 449 87
153 225 53
250 407 87
55 309 50
402 459 7
293 488 47
166 390 72
59 475 2
381 433 15
300 374 42
39 402 30
149 468 66
38 449 35
58 120 67
198 322 84
118 417 79
174 238 73
98 371 70
214 234 68
187 254 72
75 190 51
203 248 52
1 2 66
245 279 46
250 445 19
65 101 7
169 455 55
122 353 32
70 208 95
244 312 21
381 466 56
211 285 4
385 442 33
93 379 46
42 310 72
39 382 87
173 493 71
220 280 29
119 342 79
53 495 100
145 274 78
241 250 77
302 330 93
292 318 46
173 347 54
115 279 84
80 222 98
461 493 84
10 13 76
250 262 78
169 480 22
284 407 90
205 258 37
443 456 2
92 123 43
265 333 37
21 423 41
150 221 89
166 194 30
224 489 27
101 370 28
323 353 4
220 389 81
355 470 31
326 498 90
140 368 7
253 282 40
6 70 41
37 472 68
27 312 73
82 214 62
150 350 2
87 435 58
53 405 86
412 449 78
31 127 95
213 428 74
293 305 43
93 394 64
205 350 28
188 240 38
52 307 57
342 451 55
67 355 8
48 300 34
61 214 75
242 317 89
188 235 22
423 473 54
62 330 60
9 421 1
352 375 81
151 405 13
301 473 61
105 401 17
191 381 28
105 450 67
426 461 22
371 484 64
74 373 46
319 493 95
405 487 71
216 257 68
111 319 97
199 240 62
251 451 85
279 296 86
95 457 14
98 167 13
73 399 99
63 398 65
90 214 86
15 324 29
53 430 80
221 380 46
154 264 33
229 473 69
44 201 19
386 407 88
89 272 66
360 440 27
281 297 73
247 311 49
71 317 67
131 197 66
20 466 49
90 331 50
272 473 50
156 448 5
10 91 75
137 173 56
282 438 72
198 451 60
145 375 76
215 426 83
156 192 95
341 474 64
134 292 90
128 194 73
235 383 88
314 321 87
142 489 33
247 262 78
176 454 7
306 466 80
254 332 43
282 417 98
65 139 27
198 320 92
38 222 66
399 412 31
43 325 19
357 435 42
133 356 79
159 356 91
289 338 94
259 452 30
102 282 77
156 371 33
121 183 53
28 391 58
244 391 35
366 428 28
11 19 27
402 454 1
19 304 11
35 321 40
194 362 90
0 251 12
223 266 87
272 322 2
109 221 91
168 244 71
27 291 48
100 386 16
206 297 47
54 66 99
6 109 80
3 449 36
2 489 41
155 180 58
151 204 27
168 374 94
58 202 99
426 433 80
273 305 16
66 492 68
53 380 6
357 437 98
32 395 62
10 268 74
54 468 37
53 287 20
182 307 10
230 456 24
269 279 81
48 238 31
123 137 2
161 430 47
17 131 28
281 439 46
33 261 50
277 482 53
130 239 87
104 478 97
190 231 75
332 451 21
270 305 92
204 393 15
10 459 75
417 448 59
49 449 21
166 170 26
85 478 13
276 360 18
434 484 83
19 175 73
338 485 72
62 203 25
107 298 50
430 450 49
225 241 94
22 147 66
341 427 92
429 458 10
143 147 95
311 424 86
24 243 13
41 44 85
164 492 84
28 413 4
136 436 40
139 433 60
2 318 88
60 242 4
23 369 66
157 203 13
17 435 85
6 177 94
202 449 6
288 394 66
30 321 88
56 273 95
215 349 34
44 219 49
54 251 27
55 312 71
145 370 44
67 266 91
83 283 88
360 458 14
214 446 27
327 373 100
174 225 52
320 432 29
15 479 28
95 101 58
91 196 19
253 488 36
220 281 4
77 321 61
128 152 86
35 146 22
3 266 58
354 415 32
416 450 17
157 459 47
129 335 24
258 373 77
177 289 30
27 195 59
369 454 92
460 483 41
91 462 57
122 351 13
24 414 96
66 363 79
248 477 81
423 495 32
74 208 40
21 183 1
97 168 78
66 261 61
394 454 27
63 342 51
113 421 51
3 393 63
39 299 22
59 160 51
119 129 7
137 474 12
136 165 90
276 453 17
411 448 48
33 358 60
223 353 4
3 289 16
120 311 9
323 365 40
297 468 53
71 239 23
13 22 58
40 249 67
99 211 28
199 253 46
167 212 68
238 463 6
221 224 2
127 345 82
165 375 59
241 331 29
249 364 13
388 430 22
274 400 77
164 296 24
271 418 75
202 368 88
56 224 18
237 333 59
236 416 16
92 142 92
2 134 86
27 413 2
240 456 64
206 306 84
290 318 63
15 400 36
94 429 74
48 368 76
60 282 90
439 459 49
262 394 14
102 134 81
297 313 94
481 490 75
6 118 19
145 487 66
19 337 67
438 492 69
170 191 83
203 496 44
187 273 94
153 159 32
267 453 30
136 260 100
149 396 39
8 373 34
80 177 65
453 465 64
364 482 60
401 468 33
92 140 68
325 450 68
31 457 61
117 170 11
105 480 54
12 360 96
277 315 87
30 341 14
85 220 72
280 452 2
25 215 87
25 134 27
420 463 97
326 397 75
1 5 4
165 189 68
216 254 18
248 364 13
342 421 71
54 455 9
191 449 55
406 414 19
285 427 87
140 166 17
132 261 14
379 475 79
234 257 23
192 215 5
157 175 2
216 494 53
212 265 67
17 380 86
22 149 17
291 466 32
162 289 18
41 62 29
83 162 1
18 207 2
338 403 33
41 401 84
132 161 53
468 497 91
68 377 10
290 435 79
130 371 80
252 291 33
23 364 41
47 428 67
133 417 73
37 261 30
248 326 43
21 489 59
316 401 63
5 353 82
189 333 68
181 304 41
136 206 93
5 277 88
33 72 23
31 383 25
85 490 46
356 414 10
266 406 86
200 363 48
121 421 79
427 450 77
144 369 11
199 402 11
118 306 50
264 438 79
104 162 4
109 197 8
8 365 97
206 426 67
329 363 58
43 200 72
248 482 59
30 35 41
285 410 25
29 117 21
231 293 57
199 411 35
390 392 51
174 308 69
36 431 70
121 271 36
36 109 28
373 469 28
34 249 7
202 349 3
125 491 42
299 378 41
92 314 73
225 483 88
252 458 44
255 347 34
348 365 16
48 170 79
125 170 28
12 286 54
17 292 40
207 311 34
299 483 8
240 486 6
190 244 25
224 266 27
201 368 63
52 60 71
4 76 16
163 421 94
122 127 28
133 291 89
336 461 18
233 251 7
229 460 3
140 499 79
237 301 49
187 435 3
138 471 42
178 475 54
93 338 29
8 193 56
56 133 29
78 463 35
23 239 56
51 288 79
38 478 2
12 216 64
143 456 19
356 442 9
97 475 41
43 79 53
168 394 65
354 484 60
173 180 72
47 194 54
96 125 45
4 287 40
215 424 67
323 341 64
209 343 83
258 351 39
176 256 78
118 401 82
273 329 67
261 277 22
413 470 23
97 193 16
153 478 5
116 401 6
50 247 9
46 362 1
208 415 79
21 220 85
301 370 6
23 34 42
161 467 57
150 383 56
15 34 67
11 210 1
405 452 58
109 498 56
118 155 56
136 387 68
234 355 24
115 338 53
355 475 51
153 191 15
185 480 18
165 417 30
66 70 77
256 354 29
208 406 63
205 271 82
309 357 91
30 376 62
16 472 64
152 160 62
327 366 77
119 247 20
66 193 6
253 261 24
191 471 50
20 41 69
300 484 73
77 365 44
51 338 4
325 369 22
297 301 65
170 227 52
319 432 44
109 396 71
19 32 66
35 254 30
231 277 93
349 375 80
120 383 40
35 455 28
122 239 5
75 192 37
330 471 32
79 309 79
106 121 50
13 80 28
147 154 71
158 398 21
119 280 89
330 453 26
165 193 60
116 139 9
7 113 40
69 133 60
55 489 74
283 427 92
29 274 57
85 145 62
93 94 77
191 341 42
139 233 55
221 323 71
125 486 61
57 220 27
174 318 92
205 295 83
131 493 73
24 449 99
120 341 70
295 474 14
176 300 51
138 168 7
230 262 4
310 497 7
144 434 85
211 336 28
34 255 63
313 409 19
34 90 71
24 73 83
129 467 90
121 240 51
11 188 36
202 461 34
49 406 59
375 431 70
183 285 89
217 274 8
386 390 10
195 222 69
188 385 52
29 114 62
486 494 22
30 335 53
364 476 36
29 258 100
295 376 8
0 130 11
191 332 26
248 338 74
234 496 32
30 129 3
98 163 53
30 103 1
26 399 26
24 119 66
222 478 39
338 437 41
65 162 76
224 296 10
240 273 97
131 337 13
200 367 17
42 56 30
92 158 47
153 307 3
277 292 87
275 299 58
73 398 3
158 282 70
140 204 13
226 248 29
170 236 54
60 392 60
111 212 28
255 325 45
0 92 98
274 398 79
304 466 12
20 385 94
30 200 72
142 488 60
335 403 91
319 471 19
85 202 29
39 204 20
355 423 7
4 250 57
295 375 75
245 286 38
44 410 27
235 422 41
31 452 42
36 277 69
221 432 28
245 367 15
80 218 44
152 440 68
115 366 73
171 485 80
13 29 85
154 269 19
187 237 82
76 86 37
104 483 68
74 252 92
142 393 93
171 395 26
252 457 43
149 409 61
143 251 99
18 283 64
343 467 17
298 394 28
130 235 82
51 369 16
173 384 60
1 473 81
62 235 61
56 276 44
51 212 83
163 244 89
69 106 73
272 389 61
142 310 66
234 395 63
58 424 7
23 362 64
212 235 84
174 405 10
221 370 88
0 487 19
378 420 96
81 110 41
116 480 93
286 301 82
75 94 47
98 377 54
10 458 40
271 397 67
128 464 41
236 271 9
207 363 6
207 440 75
162 190 31
84 294 13
231 260 96
11 175 41
171 338 70
121 307 90
50 343 2
235 489 6
88 377 66
89 405 6
317 462 63
304 485 65
123 206 45
352 359 98
338 365 48
142 231 9
167 464 1
220 480 48
285 353 5
188 327 49
183 284 95
100 185 71
66 357 25
132 197 81
210 265 32
56 268 37
220 226 33
144 422 29
272 382 62
136 463 24
296 467 62
63 377 79
266 268 15
142 392 86
133 177 95
110 131 4
455 470 59
151 225 47
185 448 31
142 315 26
243 276 7
125 429 49
205 416 36
64 408 68
86 175 87
391 417 57
28 193 5
106 413 95
8 434 93
246 382 61
264 420 4
119 327 49
42 433 7
248 250 87
270 281 86
179 470 92
141 168 59
388 477 100
145 298 98
234 338 84
306 344 63
199 219 88
225 460 75
216 348 34
302 469 100
54 192 86
266 404 1
334 470 9
153 208 79
215 327 31
460 491 89
74 331 55
63 160 95
321 347 28
353 437 1
326 344 84
392 399 93
270 345 10
68 448 29
285 395 24
229 477 59
251 287 38
49 364 14
429 452 89
21 234 89
443 477 16
172 200 53
154 446 21
47 66 12
198 290 27
124 414 47
259 442 89
6 486 96
166 248 27
136 272 72
238 299 6
223 363 63
96 469 1
112 230 1
94 377 99
7 471 70
224 411 20
400 442 1
126 373 13
188 363 58
88 284 75
166 238 91
269 320 31
252 319 79
318 373 49
151 481 9
250 286 17
220 398 19
130 162 11
162 393 2
272 358 46
195 468 49
58 148 92
143 161 65
247 446 48
111 402 91
260 475 8
62 493 85
92 305 96
43 169 55
57 132 67
304 413 11
57 156 47
22 190 12
122 253 15
124 498 67
48 152 73
285 394 75
428 478 21
339 460 93
409 416 18
200 225 5
217 286 22
282 343 95
13 57 97
337 421 7
22 117 83
78 386 79
110 417 92
156 379 98
306 370 43
150 480 48
136 230 12
117 156 24
175 412 24
154 393 81
115 471 42
98 357 52
358 445 77
77 110 81
183 265 7
82 145 12
301 326 43
47 195 33
210 319 21
91 210 7
40 285 96
338 422 7
103 117 28
67 455 34
208 475 56
377 472 1
208 402 100
256 428 23
208 351 66
411 499 70
121 302 1
51 367 34
51 443 3
211 242 39
79 97 70
50 65 17
389 473 54
187 438 45
254 439 49
12 97 87
246 301 34
139 316 58
277 299 21
214 240 31
187 332 81
456 467 14
75 151 79
129 362 9
368 381 26
178 391 71
12 57 28
197 298 91
346 482 23
214 289 99
197 436 53
47 300 66
170 216 30
104 348 60
268 410 13
117 249 56
243 413 62
433 489 45
290 457 9
79 200 44
224 255 67
258 435 22
96 128 44
359 461 7
67 471 28
335 361 48
237 375 49
385 450 63
21 260 19
19 217 50
140 454 60
330 450 74
158 343 85
173 332 71
86 368 34
249 349 36
123 487 68
215 216 86
36 314 13
15 432 61
99 471 15
306 354 94
59 173 87
155 172 45
257 360 91
49 158 86
123 304 49
153 414 81
265 364 64
166 340 12
226 357 61
215 458 92
27 330 72
95 436 49
160 190 33
44 196 11
356 420 19
219 350 23
77 241 32
84 451 98
19 156 46
257 484 58
210 420 6
390 418 15
65 377 73
197 358 65
97 291 7
75 367 56
441 451 42
105 340 39
277 290 30
287 391 89
152 207 24
18 489 14
147 259 52
327 378 19
323 372 1
34 212 63
7 166 7
143 420 7
4 476 32
403 461 12
180 384 62
97 358 28
40 303 77
92 267 84
233 430 62
153 155 35
124 450 3
360 459 83
219 307 99
203 326 34
416 475 51
341 473 70
333 434 59
24 337 36
184 349 85
197 432 79
112 231 4
47 71 77
111 333 99
76 111 68
88 359 55
85 183 36
283 468 15
43 443 26
170 230 23
367 428 68
237 311 6
429 459 59
181 330 69
295 463 30
98 322 20
113 231 66
51 322 97
64 213 29
241 437 64
12 348 50
162 470 45
15 481 4
66 78 13
207 209 78
236 278 36
100 227 49
160 440 75
287 473 23
5 265 85
284 452 65
408 469 20
17 144 59
53 83 87
350 403 66
140 358 21
335 442 15
129 251 31
112 480 5
223 447 5
319 460 5
318 469 12
57 415 24
118 214 25
234 311 48
178 440 70
232 430 13
18 499 46
83 319 31
433 488 56
380 475 57
61 210 81
87 128 58
310 350 62
238 441 27
409 440 53
206 270 83
48 458 67
114 120 4
91 320 47
179 372 95
191 420 35
175 463 6
105 478 37
53 391 12
179 468 88
215 255 44
99 396 94
277 494 84
0 255 83
25 158 58
400 441 7
36 66 67
248 371 84
147 158 55
368 460 24
100 488 50
43 185 75
304 434 55
184 458 49
166 319 16
431 444 58
7 173 17
203 296 59
420 457 56
244 305 37
106 255 47
31 226 13
405 484 25
112 234 17
450 471 55
84 372 66
289 383 52
137 280 1
77 480 20
140 359 70
461 464 51
124 364 46
190 345 34
37 102 83
373 378 53
242 305 49
279 314 97
190 391 98
153 362 85
163 468 68
165 269 1
6 483 94
56 331 25
357 366 93
142 412 61
129 176 68
354 435 47
20 376 75
0 134 10
331 394 17
3 149 39
160 265 86
4 110 60
348 476 38
37 480 29
124 305 78
285 465 87
73 384 64
174 240 81
118 408 45
326 453 94
282 489 79
318 347 96
206 237 39
216 351 85
150 327 32
326 499 8
61 348 12
255 294 84
133 182 49
68 496 43
409 472 33
97 273 7
343 461 33
96 405 13
17 437 99
127 473 33
255 335 85
92 270 20
29 426 48
366 475 31
254 321 11
119 349 32
430 481 58
120 336 83
187 196 91
141 274 99
91 237 55
109 416 26
243 328 64
129 329 87
10 404 71
50 111 16
321 427 67
21 195 17
261 332 73
55 164 45
179 346 78
7 459 43
301 451 81
159 271 66
54 285 43
154 198 74
241 446 4
19 317 66
34 247 87
108 330 45
78 105 78
103 104 59
141 291 79
442 485 84
76 302 13
149 295 30
95 382 97
139 274 11
39 285 32
179 360 36
127 309 59
162 483 80
43 61 25
57 433 20
310 465 99
99 357 8
33 165 61
297 441 61
52 414 3
332 468 8
189 339 36
298 465 2
170 200 20
8 443 80
134 406 89
63 340 66
305 354 54
38 129 61
227 387 84
41 71 94
110 408 5
247 378 69
399 499 17
168 298 44
36 190 79
77 440 31
1 463 64
211 343 27
167 247 98
198 380 28
271 451 12
278 463 66
47 422 85
55 393 33
169 193 57
230 372 52
392 496 56
18 68 79
327 417 30
9 487 1
325 416 40
253 305 52
86 311 30
9 15 70
32 325 54
220 495 66
149 303 3
225 229 50
54 223 27
233 307 14
102 279 5
322 451 36
345 374 78
155 475 29
86 372 46
88 443 57
449 493 87
1 360 84
370 423 12
185 443 82
245 366 54
103 402 68
108 433 53
302 354 82
63 439 95
79 316 9
88 256 89
66 438 76
200 369 45
148 195 36
3 281 75
36 492 12
87 350 36
392 422 44
21 74 37
14 359 16
195 248 97
128 478 4
458 494 16
6 195 46
46 250 72
162 474 82
399 432 80
34 121 30
68 190 68
262 359 14
139 297 14
38 359 56
309 431 29
100 113 25
358 477 91
148 447 83
85 492 1
190 271 24
191 456 90
67 237 27
41 165 67
6 213 43
61 77 99
73 351 57
226 284 99
60 334 19
72 198 86
319 404 6
123 149 70
49 203 20
46 133 94
55 93 37
179 461 43
46 200 64
44 127 33
368 454 81
202 406 91
116 344 65
71 141 96
2 231 39
394 496 17
36 350 43
4 351 21
358 391 32
60 490 33
93 120 16
60 223 44
413 499 75
31 165 34
15 382 36
334 338 65
16 163 38
220 285 31
207 298 93
230 241 13
89 268 34
264 441 36
15 43 54
234 276 26
202 413 99
13 186 92
225 357 20
108 343 16
118 158 82
49 146 88
39 132 29
373 494 3
173 421 75
321 332 88
250 344 56
307 445 4
31 222 16
261 443 61
126 232 40
101 316 89
25 117 49
269 400 15
32 60 24
135 240 24
31 233 90
22 195 4
412 487 45
164 427 68
28 153 5
400 457 15
28 352 1
157 451 97
386 415 50
33 310 10
94 490 98
287 403 95
7 401 63
348 484 89
70 256 76
93 343 9
348 415 53
170 297 39
124 393 93
370 451 87
112 329 47
95 222 89
89 192 98
391 479 62
200 290 18
95 115 67
231 258 46
225 268 64
120 234 5
366 425 46
194 314 56
116 227 43
88 289 16
168 443 24
446 450 76
113 219 20
100 373 60
225 437 21
68 454 43
340 454 53
123 243 6
127 466 52
178 362 35
166 201 91
367 416 25
24 328 61
366 493 5
403 415 24
126 439 18
133 330 96
57 470 7
378 477 3
260 375 15
212 335 14
366 444 62
276 419 100
264 323 82
257 340 40
212 409 5
3 344 6
140 440 9
330 404 81
124 203 63
140 401 32
25 404 20
205 424 66
253 427 33
318 436 37
99 479 68
75 455 95
188 309 67
57 447 3
87 381 38
188 464 29
208 241 91
123 378 30
36 434 91
79 99 15
87 456 90
339 378 5
10 328 84
10 48 3
93 136 14
141 411 64
55 207 6
303 328 60
50 130 90
212 290 22
33 322 26
18 210 8
143 272 83
143 429 44
163 459 21
193 361 32
98 104 94
83 161 92
137 171 35
252 475 12
168 468 71
133 155 56
95 191 43
113 300 23
57 382 24
337 374 24
204 467 97
194 235 68
78 122 40
210 330 34
129 368 1
26 84 3
26 147 92
323 330 46
218 340 97
305 363 3
143 351 54
104 271 30
214 431 76
49 86 68
312 482 84
42 261 42
311 476 36
20 269 18
7 89 30
80 203 73
76 260 66
87 307 23
224 472 30
81 375 98
261 439 6
3 100 36
244 423 22
158 335 60
363 425 84
196 292 60
95 174 97
72 476 64
3 335 87
120 298 56
50 254 12
4 427 2
26 322 18
323 332 89
223 257 72
90 465 77
44 182 61
220 221 35
21 210 55
16 351 48
352 457 69
99 364 80
337 453 71
62 464 34
425 457 59
30 302 4
60 217 9
167 250 60
35 92 95
201 397 51
252 310 57
93 486 86
196 392 78
317 412 61
170 174 7
77 450 9
171 313 8
10 447 75
192 424 35
40 361 4
32 170 30
111 496 26
106 226 52
106 241 69
202 323 42
133 306 56
76 253 24
96 307 98
20 31 78
221 449 33
5 263 85
1 76 56
46 179 26
193 326 5
94 206 64
141 245 51
275 465 92
1 317 63
219 379 8
149 427 51
458 493 15
293 382 18
156 403 4
83 445 68
275 292 6
186 321 20
174 299 52
102 215 100
38 330 77
95 274 66
168 312 76
65 123 29
377 445 27
251 260 48
312 453 50
106 436 6
196 246 91
434 460 40
9 453 51
22 69 32
86 146 96
70 283 8
403 451 81
199 245 53
86 302 73
199 423 35
88 276 65
7 335 91
415 419 54
174 484 91
27 386 88
425 499 35
22 421 46
326 427 67
367 415 84
95 443 8
28 232 73
151 154 71
96 337 40
389 408 91
108 421 43
146 484 95
129 409 4
121 466 67
58 346 39
193 203 74
158 227 94
63 139 79
35 144 21
354 449 73
351 359 98
274 301 8
299 469 33
181 402 55
252 464 69
79 341 59
213 342 45
225 246 47
239 481 31
306 392 1
71 341 24
21 145 48
177 476 9
116 120 24
39 274 36
210 438 97
125 406 95
123 479 52
221 366 68
494 498 60
181 253 15
223 252 67
192 445 15
470 495 62
163 395 64
250 412 17
295 426 66
233 354 85
350 464 1
453 469 55
178 337 31
63 456 98
390 426 57
198 436 93
149 216 72
177 309 25
100 376 38
107 173 63
206 248 77
57 485 81
103 259 13
89 289 70
10 237 22
61 457 19
114 333 37
37 366 21
316 418 15
127 452 83
133 385 30
7 438 27
192 455 97
309 394 76
321 379 26
1 214 29
108 186 70
41 388 56
51 76 85
280 429 57
51 232 69
131 149 53
269 359 62
214 372 83
136 328 55
2 54 67
213 460 88
143 315 35
99 222 15
79 196 7
50 281 23
120 475 36
57 293 74
210 287 87
337 369 82
170 245 47
31 160 63
201 428 17
238 346 31
46 97 100
387 424 66
44 114 68
95 270 92
415 416 19
76 416 37
122 209 41
109 270 93
95 409 34
82 291 12
89 152 8
267 492 96
71 367 95
343 346 26
167 404 26
269 457 62
166 341 72
330 406 81
251 401 54
8 465 79
45 114 87
161 381 89
29 123 6
274 340 24
41 88 96
100 353 5
18 314 61
158 160 78
416 493 94
1 376 48
345 395 13
46 98 97
132 144 47
113 234 38
0 20 5
292 452 51
99 361 9
108 193 8
366 496 26
321 418 82
3 387 82
394 437 86
248 282 61
279 360 6
153 409 100
228 248 48
331 450 57
37 368 10
70 394 70
299 406 75
92 313 40
153 242 58
368 485 71
175 280 24
168 317 30
388 400 40
22 212 65
6 386 11
44 246 70
31 200 41
121 194 14
127 355 15
131 299 53
95 201 66
135 189 97
228 443 55
55 263 53
118 434 29
447 497 3
267 403 97
23 205 25
188 476 19
265 335 94
74 145 25
188 463 6
141 436 34
53 402 20
305 451 49
246 445 74
89 150 32
250 479 74
211 254 29
155 193 93
28 172 71
23 463 85
152 310 65
247 298 5
323 349 56
380 405 85
253 298 79
5 189 76
324 486 87
166 491 84
281 493 70
363 499 35
112 461 70
159 368 43
98 369 100
3 240 14
17 37 43
44 107 51
113 355 5
377 399 14
46 447 47
280 313 79
30 481 63
87 449 19
245 317 46
442 467 34
217 341 23
49 440 87
11 458 90
26 413 48
104 136 86
306 446 29
209 394 83
117 123 100
130 207 6
150 307 41
50 199 4
291 424 41
186 458 10
276 369 52
57 117 40
258 411 18
260 449 60
186 366 32
180 421 3
80 191 51
25 408 69
253 290 60
263 450 75
73 179 88
161 253 38
210 461 1
128 244 11
293 481 61
152 362 30
25 432 29
78 497 99
101 290 63
65 228 40
157 354 5
81 410 9
225 362 93
88 469 16
236 344 43
52 416 89
21 287 33
64 214 40
335 386 32
28 490 21
107 397 68
414 462 52
156 435 12
478 482 82
66 200 28
128 211 82
332 416 50
190 347 96
6 99 20
259 354 85
58 211 80
155 211 70
56 81 76
4 99 93
317 348 30
262 493 46
10 221 95
238 280 22
69 275 70
126 432 98
50 210 67
151 308 36
65 279 86
215 406 14
213 365 56
371 392 27
118 349 3
340 470 75
166 268 61
380 444 55
368 417 6
75 245 61
154 296 5
316 385 8
45 284 97
318 422 100
194 471 63
13 27 77
34 117 16
189 256 5
5 466 5
45 384 49
17 218 33
411 428 10
356 404 50
49 142 57
25 487 19
8 429 63
67 431 52
13 255 43
7 94 71
327 481 64
173 444 12
150 319 96
78 367 40
12 437 30
78 406 95
57 64 38
58 228 18
93 435 9
81 343 3
59 378 95
70 474 62
106 378 19
204 387 60
404 419 19
75 360 86
116 342 78
144 292 60
98 158 55
59 129 37
137 345 20
44 395 55
87 340 97
187 277 59
66 483 97
108 260 28
97 348 28
201 421 51
332 341 46
278 324 37
7 468 84
133 413 36
380 399 11
151 300 60
219 305 48
358 405 33
197 398 75
445 452 16
379 421 96
360 475 42
141 286 73
80 233 13
161 459 73
284 328 22
298 469 57
50 400 38
188 495 31
257 426 62
35 201 35
47 265 47
327 416 28
414 472 7
406 440 89
67 212 88
124 368 48
103 269 78
125 158 78
51 104 48
340 418 56
36 486 14
4 105 34
351 494 95
60 493 35
31 498 39
130 493 92
242 303 12
39 201 33
219 237 73
247 273 26
65 374 12
182 446 97
160 307 67
96 407 86
165 381 59
106 483 70
336 497 20
397 491 13
335 414 65
302 457 26
29 90 70
242 263 98
1 400 75
15 333 52
440 462 36
17 329 30
172 195 1
101 277 89
483 495 96
133 300 42
192 308 26
275 487 12
243 351 59
128 263 96
13 274 4
22 449 78
119 485 13
44 490 93
336 397 92
131 361 46
319 330 34
20 473 22
183 233 18
246 475 21
143 478 65
12 302 98
274 303 63
94 438 16
347 378 35
254 348 75
3 306 2
170 253 84
40 158 38
76 122 16
122 440 39
388 456 32
319 355 52
171 432 100
61 87 48
16 195 34
95 408 69
65 198 1
103 131 61
192 292 36
100 209 5
252 272 22
202 474 47
5 358 31
94 265 91
200 469 57
89 270 78
152 387 78
186 404 20
21 270 35
30 499 10
83 99 49
259 380 77
7 430 28
159 324 77
51 63 56
179 475 77
306 454 61
159 461 28
231 284 63
93 359 8
70 179 14
4 397 80
33 121 59
108 361 49
145 205 32
97 279 81
147 254 28
139 488 32
248 373 74
47 226 60
296 439 7
49 281 51
88 380 34
127 303 48
157 341 13
198 484 23
4 295 35
200 410 50
34 275 56
148 178 30
290 405 31
374 452 60
195 461 41
280 390 77
168 379 63
69 372 67
184 387 71
70 134 100
129 174 14
424 469 32
66 337 57
252 323 84
115 120 20
236 431 24
107 171 32
258 378 43
257 301 39
421 434 12
1 147 15
123 244 49
84 168 1
17 78 67
86 429 1
45 87 14
82 379 22
175 239 76
273 370 70
188 192 48
173 185 8
117 484 66
344 394 82
28 305 26
185 284 74
222 460 77
73 472 20
193 468 84
44 197 10
153 291 14
99 274 11
42 88 88
70 289 73
256 328 62
74 183 12
65 237 66
257 451 18
164 225 99
172 250 8
315 443 15
228 385 37
18 497 61
189 477 16
51 206 79
143 441 89
313 470 66
303 375 15
98 487 3
173 262 49
139 448 80
125 246 39
151 432 8
262 371 9
88 141 91
146 311 91
383 402 97
214 285 86
13 378 71
6 194 91
118 211 71
365 450 20
209 435 10
267 269 53
87 342 59
184 228 29
74 493 88
63 490 99
394 431 91
107 176 26
171 279 40
359 474 53
39 69 47
406 463 76
91 443 77
34 159 53
1 101 85
259 275 98
308 452 98
105 367 69
66 331 69
174 201 71
50 354 71
232 398 1
148 241 6
50 176 18
223 355 39
1 417 91
160 250 94
13 111 79
186 217 5
158 299 97
344 392 40
47 133 62
91 383 93
87 167 3
208 446 63
233 412 79
110 275 35
127 140 74
195 285 20
50 238 12
195 409 83
176 352 28
87 409 71
204 278 41
226 378 80
62 270 19
189 244 42
80 214 19
140 490 68
128 496 97
24 239 21
360 405 29
81 214 90
234 306 12
170 480 19
14 273 80
213 346 98
45 282 70
91 195 42
31 47 94
16 352 70
287 347 12
135 163 96
137 398 69
378 478 47
200 347 31
80 167 32
259 474 15
295 360 16
125 378 53
129 299 64
230 415 59
370 382 16
334 466 41
332 401 48
59 242 31
92 311 67
154 482 47
97 149 42
292 436 59
220 255 94
306 403 32
96 144 85
0 111 90
256 313 75
114 429 60
85 240 52
209 214 9
53 289 11
278 352 38
97 493 67
131 263 61
227 378 65
49 129 41
350 411 50
58 246 46
101 329 50
83 403 78
56 228 50
172 269 65
181 358 29
12 345 26
246 363 16
394 458 47
206 486 75
168 170 66
114 222 69
184 190 21
37 97 93
208 316 51
321 401 45
300 449 8
210 270 13
292 391 34
38 265 86
256 422 7
293 321 28
48 385 64
319 443 63
49 98 66
10 192 84
411 419 30
261 494 76
340 380 18
188 419 67
184 434 7
49 409 49
79 376 24
8 39 97
59 139 99
10 304 85
94 439 88
5 289 54
232 269 54
82 273 84
156 214 39
223 234 16
147 470 42
148 248 43
400 480 45
303 315 39
39 65 36
6 436 78
135 181 60
222 250 64
229 325 15
411 465 46
108 217 86
223 274 12
51 62 96
113 461 89
166 471 44
81 295 39
91 120 55
346 371 88
109 349 27
140 392 69
4 389 18
58 447 74
287 314 80
291 426 10
254 353 53
91 290 36
240 263 34
406 470 46
145 270 56
40 315 100
25 67 15
107 461 100
15 462 98
200 270 100
43 460 91
27 499 90
333 359 64
19 487 9
360 378 28
63 223 50
125 272 17
76 417 92
209 398 10
287 498 56
90 216 17
210 496 4
194 364 19
105 356 68
74 478 34
216 410 13
370 439 75
37 215 70
93 161 92
61 78 72
375 448 84
71 357 65
216 370 84
6 313 61
396 498 35
297 444 70
57 127 74
402 467 78
81 436 86
97 212 26
78 279 24
129 469 18
270 433 45
418 434 20
136 375 24
66 487 40
143 365 58
215 285 6
179 430 64
313 383 34
106 341 83
319 413 68
147 201 23
216 391 25
161 301 45
384 453 69
77 82 18
92 389 30
14 36 65
177 246 17
300 417 60
5 262 11
37 299 77
26 64 15
206 261 74
8 436 43
172 255 39
310 324 17
398 487 13
114 491 48
176 484 95
55 142 55
274 482 80
367 453 12
220 488 34
89 220 7
52 125 42
54 496 76
181 262 89
85 192 90
218 377 17
170 206 7
369 377 49
246 423 96
245 475 6
110 364 83
184 225 88
107 122 35
86 462 91
89 200 61
108 394 73
145 430 74
105 118 58
206 210 12
250 455 68
185 392 41
70 406 39
320 437 48
21 214 2
96 112 19
71 405 45
131 202 56
320 419 65
403 407 93
277 437 66
173 189 31
48 202 22
112 194 53
30 243 70
245 424 59
70 136 31
148 257 89
112 395 3
352 475 56
381 421 1
17 140 47
203 398 6
153 251 59
193 244 44
58 374 36
195 443 77
91 328 69
143 226 96
89 382 84
10 21 60
80 180 41
175 348 57
299 495 89
28 251 95
220 351 70
1 283 60
4 282 27
36 182 93
295 434 60
329 401 76
72 75 84
25 461 21
79 452 20
100 107 94
59 342 50
274 364 90
29 385 97
13 362 52
155 448 14
120 334 29
363 396 4
83 427 44
208 366 80
75 237 60
11 286 17
263 342 53
151 351 16
224 357 8
376 420 6
346 492 57
213 272 14
162 329 37
156 222 43
36 433 96
74 326 89
387 451 63
172 324 4
46 423 4
351 412 64
165 321 45
82 420 47
476 479 20
137 219 19
316 357 40
29 198 86
108 139 5
255 327 24
58 420 88
266 477 2
8 223 53
301 478 41
219 421 69
14 291 97
242 362 40
12 478 28
102 475 70
336 469 37
133 418 9
92 253 73
201 300 30
111 310 7
90 373 62
93 453 58
408 466 20
74 126 39
130 242 4
235 425 39
259 295 41
151 179 76
90 212 5
68 322 85
61 484 60
95 209 42
14 126 89
23 305 71
309 320 15
148 218 10
60 245 49
106 124 90
271 460 98
117 394 59
305 335 100
111 371 35
33 399 23
328 351 18
23 288 46
233 446 53
279 323 53
214 308 16
90 230 4
24 139 40
7 189 46
179 217 40
233 371 10
441 491 19
163 173 66
250 287 25
36 203 66
62 295 80
303 431 40
36 464 8
277 352 81
357 369 2
363 416 34
9 262 92
88 439 37
33 467 21
31 372 100
53 469 76
155 325 76
344 462 4
330 457 79
33 417 92
59 248 62
87 432 10
169 190 3
414 433 50
217 288 63
295 449 35
64 156 76
183 221 8
198 400 92
479 497 42
31 182 68
167 428 79
108 453 32
181 324 42
32 93 22
213 464 30
0 77 51
25 284 33
86 145 91
71 126 49
444 488 23
71 154 40
275 429 59
122 172 29
134 344 45
36 377 91
154 266 31
170 212 29
96 215 63
260 278 13
53 344 95
259 270 78
154 367 29
203 423 88
0 228 60
283 398 89
7 97 80
65 397 74
172 391 85
89 415 49
90 252 26
125 417 92
137 313 56
91 302 46
15 421 95
21 182 28
37 490 73
20 77 85
108 324 2
127 185 22
248 422 27
82 85 31
342 420 39
201 264 88
65 193 55
211 270 45
240 260 55
19 264 78
35 165 32
62 263 45
220 342 42
231 323 68
130 477 9
243 293 47
383 403 82
29 79 5
44 134 55
104 305 55
94 332 1
156 478 56
173 279 65
240 384 44
118 151 64
31 482 57
219 401 77
25 272 40
205 310 3
31 495 37
71 238 24
402 412 63
23 244 98
259 267 38
80 229 84
393 495 55
88 270 22
188 323 83
109 420 59
68 96 35
220 410 100
265 266 49
55 91 62
389 456 67
1 437 80
193 282 24
32 488 77
280 459 90
56 217 9
208 431 84
359 419 95
23 350 40
126 136 30
365 392 86
142 477 96
242 470 95
110 429 40
360 369 67
11 405 77
129 171 51
214 471 83
387 462 97
151 415 76
373 389 5
10 114 27
181 272 9
127 167 75
408 436 4
164 390 32
109 260 32
108 109 24
80 412 10
93 397 77
75 318 74
214 382 68
299 407 28
292 364 47
68 361 57
371 379 27
274 318 51
285 358 25
16 427 85
160 308 72
28 151 37
39 93 10
168 330 69
72 316 61
91 310 89
151 276 1
228 254 9
41 439 21
304 417 96
34 109 95
99 464 99
231 261 5
86 183 70
264 288 24
267 469 75
434 443 18
73 239 8
105 414 66
27 495 56
103 238 72
63 485 80
84 162 92
215 497 78
37 244 88
112 186 62
137 190 51
12 332 23
25 407 65
46 440 67
356 494 98
266 269 46
31 395 81
244 277 86
134 379 47
60 326 24
213 357 100
155 459 8
105 311 18
27 69 34
76 349 13
104 417 55
344 486 35
164 325 45
293 464 36
163 334 32
221 437 81
169 228 99
106 278 24
365 434 91
63 302 19
109 285 45
394 477 8
114 479 36
153 223 48
123 437 73
15 452 1
219 359 59
77 454 38
419 422 53
92 266 19
316 464 50
361 459 83
58 206 28
292 425 66
60 231 50
46 461 44
311 325 70
322 420 68
32 409 32
73 388 71
101 300 4
403 476 30
43 338 39
20 85 82
159 397 32
422 478 2
94 454 72
308 496 56
397 408 95
370 496 71
393 487 62
16 75 2
216 247 69
416 466 3
287 354 96
80 438 83
32 430 25
217 302 29
470 490 71
46 361 98
51 307 98
89 306 36
5 256 79
130 412 51
135 419 53
302 361 61
425 460 88
192 384 18
137 200 56
213 324 46
378 480 61
354 431 59
87 242 22
139 227 60
15 151 46
386 404 48
45 491 59
187 326 25
148 482 12
135 141 92
56 120 60
238 430 7
278 375 46
25 460 29
8 329 20
82 268 57
203 482 21
81 448 46
126 189 25
36 311 5
172 280 94
205 218 12
45 457 24
13 148 20
65 438 25
192 488 74
108 244 54
227 325 61
63 212 14
41 492 2
108 281 100
65 248 91
361 397 23
109 393 15
127 297 78
123 143 97
47 467 23
42 252 31
36 124 14
212 488 37
115 371 72
106 267 41
51 52 18
80 178 26
390 461 58
25 267 2
85 152 6
423 452 6
328 414 58
36 427 5
23 101 60
268 488 13
99 212 67
139 289 74
90 211 70
267 401 80
216 292 95
226 321 54
245 452 87
352 370 39
76 292 80
260 363 21
127 134 100
248 382 65
232 244 45
457 489 24
25 228 13
64 398 74
219 397 74
263 264 79
79 275 35
418 430 50
230 289 61
74 420 87
222 316 62
14 190 94
223 434 93
17 280 64
376 381 71
58 489 73
72 264 14
37 293 91
53 400 73
158 195 34
117 225 58
254 471 13
284 390 77
276 355 65
155 389 19
194 381 40
97 156 56
124 185 21
122 434 40
62 106 16
48 389 6
306 331 10
277 303 6
389 416 50
81 370 96
219 240 47
246 463 66
249 331 4
185 239 55
290 444 70
280 352 81
133 397 31
15 388 2
122 187 88
171 369 22
410 483 5
279 308 68
195 346 42
37 302 85
293 408 6
188 207 87
175 227 6
344 422 42
130 132 31
57 277 95
99 198 55
170 244 86
226 409 89
65 74 31
482 486 92
158 322 12
230 332 91
85 383 95
63 217 25
32 45 45
266 479 78
17 220 69
184 199 5
36 436 94
104 106 91
0 425 92
314 412 99
21 138 1
63 467 2
4 215 83
424 479 26
163 386 95
37 357 79
17 115 24
95 314 27
302 483 78
248 366 18
253 314 75
25 110 16
103 226 46
73 366 85
449 479 70
246 352 64
131 314 23
415 466 6
259 455 79
400 432 13
206 368 99
49 404 84
8 59 81
0 237 93
152 418 22
3 161 86
1 497 85
209 464 5
161 242 19
34 495 55
213 388 1
180 311 40
91 484 47
383 475 38
140 356 8
393 449 18
49 448 94
266 271 75
52 271 11
76 318 81
27 72 4
16 173 20
364 434 80
188 311 40
103 273 62
248 269 78
42 311 33
96 474 60
55 230 93
115 409 68
163 341 65
218 368 27
151 282 70
68 415 22
181 386 94
29 205 47
261 476 55
113 492 44
62 370 49
148 448 17
249 479 94
46 270 74
168 370 78
258 390 97
240 269 35
318 384 87
115 335 38
113 357 58
185 223 52
423 428 79
182 382 95
36 219 55
187 280 21
404 498 91
84 117 98
314 401 32
67 495 51
139 370 21
151 343 56
233 492 21
385 441 29
133 250 62
46 452 18
111 125 89
74 88 15
41 435 55
223 405 53
114 321 19
46 450 46
343 384 67
184 453 48
52 429 59
58 341 12
75 205 87
31 308 52
331 382 48
212 350 16
146 238 47
389 414 42
106 123 22
330 469 15
227 486 67
76 464 22
32 272 31
156 348 95
47 491 59
165 169 22
55 431 70
159 433 82
190 259 68
43 350 23
248 377 70
330 461 54
310 320 65
75 226 28
331 339 78
425 449 12
396 427 3
25 338 6
244 353 8
236 380 87
80 420 68
336 427 38
325 351 66
104 270 49
71 459 60
23 81 46
312 360 41
171 413 72
73 476 33
216 255 36
148 399 97
243 366 51
79 290 47
75 443 62
195 335 25
17 134 59
153 342 32
121 359 72
91 335 54
157 358 73
295 415 97
234 302 51
358 446 36
278 408 52
128 247 2
382 475 62
312 369 30
70 88 47
7 454 29
278 439 45
161 330 74
244 346 100
12 363 54
197 395 73
111 426 26
4 333 13
221 375 99
338 480 13
107 259 92
27 270 68
344 366 1
389 421 60
168 280 57
390 413 93
15 242 56
91 389 60
88 121 84
161 245 38
203 427 72
252 374 33
64 200 71
278 280 87
230 454 59
22 112 39
62 176 90
99 161 91
341 361 29
300 310 9
75 159 40
448 468 10
144 215 97
94 162 13
270 364 38
105 344 84
172 278 32
265 448 62
169 278 81
23 105 5
34 122 20
94 229 61
26 267 7
28 283 44
23 149 18
416 477 27
16 156 35
145 428 8
76 268 71
101 186 59
262 276 5
147 417 51
47 57 27
49 362 81
51 213 17
25 388 78
356 445 80
72 251 29
113 293 92
34 263 84
195 286 70
170 426 67
144 333 25
345 470 41
305 432 37
11 448 1
127 455 19
149 369 82
289 449 97
252 270 78
102 403 51
116 364 16
194 224 72
16 307 78
310 342 70
78 150 97
23 298 92
352 470 65
172 312 59
248 258 53
140 381 17
27 251 56
261 419 34
95 273 35
337 427 74
252 263 91
264 472 59
6 62 43
177 488 94
13 291 8
286 406 88
200 249 59
171 498 43
282 436 59
271 492 21
249 465 77
10 17 71
29 398 1
29 305 68
323 496 28
155 283 41
278 477 69
201 416 34
59 327 59
23 192 21
230 448 14
3 353 52
310 366 25
254 327 11
11 492 17
213 373 15
94 378 68
68 88 54
22 480 51
72 148 91
350 398 51
6 291 88
122 311 19
11 279 87
16 424 10
290 495 66
230 470 93
251 351 19
79 174 22
31 364 22
441 488 9
157 248 23
15 466 11
8 91 6
112 453 9
170 441 43
66 117 88
58 411 14
57 174 95
26 71 48
399 498 100
188 208 98
211 396 18
31 217 12
296 307 37
250 255 61
24 448 78
6 55 64
115 459 32
126 140 79
4 111 64
7 372 14
123 235 49
150 159 18
436 439 15
27 31 25
198 212 27
381 435 40
90 474 16
233 339 82
113 342 62
64 396 9
268 387 78
141 471 90
165 474 3
61 492 32
60 399 2
244 395 57
213 392 8
397 446 81
221 343 46
210 275 10
85 125 79
215 314 67
153 321 10
25 426 76
34 69 65
304 326 80
32 385 51
431 489 46
87 471 64
359 460 43
144 324 34
244 364 36
286 288 37
48 104 49
298 353 46
113 183 74
162 487 54
264 415 23
120 386 29
64 264 26
349 367 15
295 394 80
155 367 35
174 314 25
23 36 83
147 183 88
32 343 3
269 493 64
254 271 92
252 479 59
195 476 10
201 348 88
79 112 1
60 133 46
429 435 84
121 394 86
154 473 53
12 28 76
101 181 47
277 416 38
439 470 25
165 215 89
424 436 42
24 217 52
2 102 88
85 277 34
242 428 85
302 351 37
61 455 70
341 435 93
260 261 36
232 366 68
143 354 62
105 124 75
261 275 83
86 119 10
220 230 4
212 496 44
9 183 78
320 482 78
231 382 89
190 223 58
245 288 22
166 443 36
35 384 3
77 244 74
211 366 17
34 246 31
201 454 98
99 395 14
43 181 54
18 274 46
13 165 51
8 257 90
78 240 85
153 434 86
75 157 53
111 404 6
200 305 61
276 299 42
51 453 80
214 484 50
100 204 57
150 406 38
246 468 86
98 219 74
7 327 21
33 494 79
137 350 16
114 164 28
73 316 41
55 341 89
473 493 9
289 480 58
91 423 74
170 443 23
53 65 70
123 258 83
307 458 12
361 471 25
327 384 29
60 211 27
8 391 21
63 158 93
42 144 21
148 379 18
104 113 51
146 198 72
257 342 13
262 275 57
155 262 41
23 275 59
80 314 28
476 499 83
90 271 45
330 363 98
1 178 62
394 459 42
152 435 75
21 325 45
51 225 16
168 369 9
314 358 85
69 107 75
309 329 24
237 339 67
212 416 78
156 395 97
232 488 86
32 44 76
159 460 67
106 382 44
9 201 6
170 494 79
142 352 14
69 435 58
296 350 83
121 380 30
224 382 5
131 428 29
149 205 90
15 244 85
3 332 57
109 499 97
7 63 86
160 483 15
57 144 96
369 372 9
20 411 13
116 282 42
106 237 94
144 451 52
73 368 7
24 399 59
7 136 80
84 297 85
223 236 22
399 479 66
270 437 1
60 393 15
43 243 15
311 454 80
23 67 86
38 379 77
223 301 54
250 322 12
336 374 53
102 106 85
56 371 28
6 10 91
377 411 90
227 303 33
327 494 46
27 108 96
118 350 65
132 306 31
62 251 97
320 355 80
99 107 40
204 433 6
196 379 83
15 355 7
218 237 9
75 331 83
74 393 87
184 450 76
307 325 45
41 419 20
347 468 92
140 252 21
34 56 82
388 487 13
30 119 47
182 240 58
33 487 12
65 245 83
430 469 83
80 205 64
332 357 51
191 205 69
156 274 19
173 328 60
85 104 13
270 353 23
177 470 33
278 409 81
53 252 8
152 338 28
47 248 7
205 252 23
468 480 48
81 206 67
37 191 64
288 349 98
27 228 77
11 37 28
166 303 84
60 290 69
125 133 82
123 450 85
353 421 19
275 365 91
119 474 55
62 366 95
234 326 72
151 457 43
85 406 3
64 225 74
253 469 3
148 171 75
16 187 84
157 365 12
314 435 68
382 469 53
57 321 54
296 319 63
208 217 16
155 349 14
35 401 20
154 480 43
279 380 45
191 339 9
337 475 1
1 381 37
130 155 47
41 348 71
122 411 50
177 388 94
301 420 94
61 128 98
11 124 80
320 461 8
5 485 12
60 312 69
143 262 33
174 275 51
278 442 6
256 310 81
302 320 96
148 163 59
272 323 96
66 330 75
79 232 9
4 350 72
144 294 88
73 424 83
37 131 84
133 343 55
142 444 58
183 364 33
23 371 43
10 19 32
182 198 64
157 293 22
18 405 59
348 495 59
232 259 76
15 64 43
305 449 3
98 335 75
200 371 85
309 345 87
261 274 57
30 320 2
65 367 42
257 354 39
10 151 28
153 213 47
61 218 49
112 353 75
14 408 32
80 303 73
26 316 16
224 460 59
76 359 87
114 124 49
408 453 47
130 163 60
404 434 95
34 448 17
128 393 72
75 268 92
405 440 72
61 393 33
208 486 74
41 467 17
2 277 79
107 287 99
18 82 44
21 177 70
406 479 77
32 435 91
108 473 41
40 351 52
130 311 10
37 280 13
6 444 84
16 110 81
232 239 36
54 227 9
24 173 100
232 260 52
62 219 64
230 457 33
207 382 88
397 413 1
16 183 76
136 265 95
194 483 35
374 439 82
250 303 98
227 357 87
39 49 52
346 423 41
400 453 3
1 205 2
113 185 22
399 422 91
343 471 4
309 423 38
305 340 47
240 267 85
172 480 26
4 407 81
151 394 83
245 405 33
230 484 91
26 445 43
311 405 73
231 372 35
73 341 9
57 346 97
200 499 60
83 486 5
61 320 83
112 187 86
175 325 56
133 218 72
75 109 26
48 279 23
197 309 5
269 495 99
238 472 36
43 316 53
340 428 74
71 168 43
328 438 27
180 337 50
248 426 57
142 445 13
14 219 11
125 377 72
330 371 62
42 219 42
39 56 40
229 273 62
48 336 57
319 475 84
179 368 1
347 476 34
230 255 93
257 372 2
179 313 95
84 295 50
127 428 17
346 447 87
168 384 65
272 321 81
98 392 62
91 232 19
276 314 47
48 490 70
175 496 80
151 414 90
264 463 52
234 265 57
80 456 48
157 426 19
89 188 36
137 333 84
86 213 32
57 204 34
387 440 56
296 380 98
67 407 70
67 127 38
203 247 60
164 363 82
67 461 41
23 493 13
393 478 15
152 458 73
246 436 21
221 421 34
360 364 45
128 222 35
53 151 68
35 480 36
206 444 4
11 388 21
418 472 65
193 476 30
282 475 37
63 416 19
120 437 14
75 253 56
43 330 14
283 419 48
12 156 74
87 148 39
326 471 29
266 360 65
27 221 6
35 180 17
7 313 76
209 328 46
324 386 88
238 485 68
103 491 18
10 229 13
150 171 24
45 433 48
233 465 56
318 417 89
52 218 58
27 247 89
109 405 81
132 263 47
270 432 63
116 147 50
239 336 23
109 389 50
87 228 13
213 306 41
59 441 6
287 293 65
288 494 58
73 144 32
405 460 31
291 445 4
93 392 57
126 447 98
211 464 52
373 449 12
52 413 98
345 416 39
145 220 57
64 260 92
45 116 57
153 417 92
95 250 12
249 297 92
112 489 64
374 398 84
28 420 49
58 73 71
303 464 54
131 376 54
51 392 20
144 348 32
74 130 27
44 278 33
272 410 65
35 493 100
128 229 54
260 378 94
52 133 89
274 283 72
122 438 70
245 359 97
171 420 39
96 201 8
182 241 14
215 387 77
315 471 86
165 450 10
38 120 88
244 477 74
4 496 31
142 320 2
170 193 97
224 393 53
244 444 41
88 229 88
248 301 10
439 496 86
268 279 28
161 284 57
271 339 79
71 469 32
157 255 74
55 216 29
27 264 27
370 482 28
82 298 97
48 367 90
170 319 70
84 378 1
117 261 27
258 270 74
122 155 37
62 272 96
61 154 99
166 199 94
124 232 52
237 385 39
358 385 7
409 462 31
12 139 95
327 355 74
51 446 59
136 145 35
161 399 56
342 440 72
112 300 40
120 285 68
112 284 65
333 408 68
89 124 82
7 494 29
57 386 93
385 434 80
73 409 2
109 126 12
129 310 38
169 199 69
17 141 86
111 258 82
74 389 18
167 391 13
141 238 89
258 343 82
17 219 41
158 473 81
269 327 84
142 296 62
80 121 65
6 87 19
115 372 77
210 269 21
107 335 37
35 207 6
201 342 34
67 215 47
129 220 40
0 353 89
56 388 36
17 375 68
246 264 14
204 470 75
130 278 3
252 258 17
150 358 55
55 77 9
222 245 82
346 436 82
322 450 7
109 486 37
205 291 71
377 452 13
410 498 19
245 425 45
52 333 64
153 388 95
103 115 87
395 496 83
123 434 23
217 304 76
356 495 50
71 263 71
102 480 26
155 400 64
417 467 32
156 157 2
158 436 78
80 453 97
200 283 55
3 212 16
367 432 10
325 353 69
213 482 52
149 211 91
262 484 81
242 276 28
85 191 46
242 461 19
131 438 22
267 426 34
58 210 82
265 288 81
26 102 9
41 393 18
223 304 9
73 206 36
299 478 63
90 153 42
432 487 51
96 278 62
209 216 63
136 290 69
245 355 3
4 319 76
265 446 67
306 437 92
245 386 92
111 437 89
148 406 43
457 482 89
182 192 39
140 249 59
56 379 44
142 415 85
194 479 61
120 342 39
277 490 72
296 355 46
65 259 97
126 426 97
175 220 5
43 95 8
309 367 50
391 469 13
197 207 81
377 437 96
122 148 10
29 451 82
10 246 50
28 161 8
216 390 58
83 248 87
101 465 24
131 462 24
59 366 62
67 400 57
102 124 79
86 133 38
368 398 39
168 256 100
172 290 68
138 234 91
354 460 57
195 240 72
312 319 90
177 358 51
166 214 94
119 289 61
19 253 79
235 346 78
291 347 66
310 391 10
244 438 89
249 405 3
341 403 11
339 391 42
21 147 70
91 214 64
13 405 83
240 366 67
239 389 38
16 412 66
22 445 51
449 454 41
401 475 60
364 490 94
38 471 62
37 210 80
363 417 62
205 482 85
33 196 20
285 392 69
332 399 79
6 26 13
291 434 63
149 226 7
224 306 39
35 181 51
272 350 24
165 484 2
226 416 63
80 200 93
123 480 11
227 330 52
189 449 60
230 386 82
458 482 50
378 448 33
199 223 24
23 276 49
120 219 19
415 425 33
45 468 10
419 471 44
68 213 60
71 216 97
92 468 16
35 215 47
238 275 26
21 123 19
68 176 78
317 401 39
202 283 55
395 429 44
264 304 24
16 455 3
48 208 49
73 255 14
58 303 22
90 437 52
83 325 41
154 321 100
294 311 36
242 340 79
150 404 72
28 76 36
176 282 86
289 492 40
453 493 32
37 384 30
6 80 87
52 163 9
472 475 32
44 261 29
112 317 12
16 441 61
43 268 11
251 466 13
258 288 9
257 324 73
49 58 98
114 278 33
357 476 58
9 461 60
338 347 94
254 374 97
55 269 55
327 390 54
38 187 7
129 453 91
6 385 80
207 390 39
169 249 30
50 83 74
154 385 18
181 289 35
453 457 9
199 499 88
105 119 93
116 413 54
17 316 55
122 163 66
96 169 82
25 370 1
353 458 31
91 319 66
2 265 40
187 311 45
126 388 33
35 461 20
102 118 15
195 423 32
35 205 98
25 490 77
309 442 73
57 242 13
73 419 70
440 443 47
80 190 86
39 435 26
191 387 13
83 366 66
7 41 17
77 464 85
241 379 44
118 198 99
418 494 92
85 334 35
256 407 70
139 243 64
38 462 76
31 408 85
255 263 99
94 288 7
137 215 36
155 201 68
141 273 51
196 449 76
4 380 1
373 447 27
82 279 40
37 383 90
5 446 88
414 435 9
49 290 46
22 388 11
80 433 31
12 183 81
303 378 13
10 412 27
51 379 26
207 466 75
343 434 81
96 368 48
332 425 20
251 267 64
152 345 69
467 488 63
162 440 67
186 431 11
164 317 61
210 419 51
104 196 70
3 242 3
6 164 5
174 177 19
118 181 3
134 409 64
25 257 75
247 387 10
76 466 78
119 138 70
291 344 19
133 134 97
377 401 23
97 488 35
197 236 76
176 305 45
120 371 38
330 346 96
143 257 38
20 470 31
174 289 84
222 224 38
257 353 24
315 458 69
132 213 90
2 194 6
109 410 89
63 418 89
195 256 29
182 274 11
91 379 15
35 273 33
89 315 14
247 338 36
390 435 8
319 377 97
34 150 14
8 222 33
97 228 58
32 451 7
259 488 56
115 200 35
101 199 21
337 472 99
172 461 82
271 291 57
351 458 38
29 420 43
244 455 36
169 264 10
273 355 100
51 480 33
290 387 27
116 140 59
99 171 14
59 302 41
188 377 15
230 411 40
222 440 30
234 291 4
144 447 22
134 464 68
70 212 70
10 473 9
223 311 35
41 486 86
296 320 64
415 489 85
8 130 87
32 352 96
434 472 29
11 265 30
50 104 91
12 195 4
234 448 45
300 332 13
283 397 83
134 147 3
207 305 27
319 336 57
171 472 67
216 416 94
83 221 21
3 251 40
285 393 77
103 135 58
419 496 39
186 454 20
117 336 40
1 99 99
184 342 65
17 31 25
3 471 55
63 453 69
162 406 96
162 439 43
48 465 45
69 221 63
180 418 53
116 144 99
27 460 86
284 441 45
119 469 24
371 411 27
143 253 79
66 182 33
30 229 19
285 489 22
173 300 20
13 338 14
375 495 36
51 423 19
38 199 56
222 388 79
177 281 56
146 341 31
138 430 79
17 487 9
136 486 4
332 368 32
20 305 30
206 429 11
23 449 39
36 370 43
325 466 97
407 414 21
110 229 26
88 425 60
239 260 24
158 406 4
277 331 7
255 372 24
128 414 86
42 109 80
254 284 37
383 457 42
233 329 24
123 356 17
36 41 60
77 318 84
59 163 84
194 282 79
56 324 53
100 186 35
287 294 40
62 88 26
366 369 75
157 484 43
135 250 98
337 493 24
322 328 32
59 209 63
296 490 28
103 301 61
263 295 100
210 429 77
186 331 48
387 452 17
56 317 44
19 319 56
154 435 80
50 129 3
298 328 65
5 308 59
69 428 16
170 499 88
71 435 3
173 206 5
283 333 61
169 252 72
160 386 30
122 306 34
66 110 15
223 440 93
9 26 16
17 159 90
87 466 25
157 364 25
429 441 31
13 494 50
165 275 40
78 372 10
332 370 90
399 404 44
26 114 28
457 495 20
438 472 38
406 497 3
312 326 16
259 434 61
197 435 99
140 241 58
159 210 11
66 112 45
185 457 25
247 412 71
119 379 77
30 446 74
60 316 85
128 197 7
181 349 9
141 311 55
23 421 50
186 312 14
35 221 70
49 368 30
146 416 28
46 313 11
58 337 98
7 466 52
111 223 67
346 362 32
137 167 2
280 496 32
314 370 1
414 454 57
323 409 54
79 287 25
104 145 51
133 367 80
162 251 99
53 294 68
60 294 46
84 423 12
105 312 66
95 401 60
51 261 20
330 475 26
5 318 89
14 251 90
300 329 25
41 276 94
101 408 49
285 352 96
129 408 12
270 282 93
241 273 47
66 238 46
141 193 15
16 171 37
131 410 93
152 290 92
361 493 60
76 433 100
172 242 10
35 211 77
333 446 80
276 357 30
143 424 34
129 411 4
359 481 8
118 241 24
6 239 89
213 431 49
171 230 19
70 315 53
43 113 5
276 347 32
227 438 13
21 292 24
32 497 35
106 220 3
37 422 73
8 66 27
179 435 92
27 459 35
212 452 16
440 454 81
303 486 83
431 458 96
211 492 98
135 147 46
388 465 73
35 392 49
161 434 53
317 419 26
