500 7900
0 8 54
8 14 85
14 26 31
26 32 58
32 35 60
35 42 97
42 44 61
44 55 91
55 56 52
56 62 34
62 68 18
68 72 2
72 74 53
74 80 98
80 92 98
92 93 14
93 94 17
94 95 37
95 98 53
98 102 29
102 104 32
104 108 20
108 118 5
118 121 19
121 125 9
125 129 53
129 154 6
154 158 26
158 161 89
161 168 18
168 175 33
175 177 36
177 181 19
181 185 20
185 190 7
190 191 92
191 203 75
203 204 91
204 207 69
207 208 92
208 236 52
236 248 21
248 252 17
252 266 73
266 267 38
267 270 61
270 273 74
273 279 16
279 284 2
284 287 41
287 289 38
289 295 23
295 300 37
300 306 60
306 308 63
308 315 96
315 316 68
316 322 12
322 337 10
337 338 39
338 343 26
343 344 98
344 351 86
351 352 98
352 354 94
354 366 21
366 371 64
371 377 90
377 384 67
384 391 10
391 394 13
394 409 3
409 419 20
419 426 18
426 427 5
427 433 68
433 435 27
435 439 39
439 443 18
443 446 75
446 449 20
449 450 65
450 453 64
453 456 41
456 457 49
457 458 87
458 461 81
461 469 37
469 473 90
473 476 31
476 478 22
478 496 63
496 499 42
288 365 89
15 170 46
191 214 40
300 498 2
82 367 63
34 378 70
311 407 54
202 264 86
386 449 87
77 475 93
231 461 52
100 329 98
128 161 17
8 97 38
137 484 43
3 96 86
419 454 36
282 403 98
17 434 34
367 482 42
39 201 56
19 314 37
104 105 62
74 112 67
54 359 39
34 306 10
225 491 79
199 344 90
0 345 98
134 159 80
13 188 35
76 192 25
18 296 58
60 273 39
34 419 70
219 222 60
171 412 27
151 472 70
278 373 84
133 207 84
81 241 82
306 444 19
405 413 92
215 322 49
234 492 50
189 341 90
112 498 42
57 137 95
238 362 94
1 271 54
246 375 32
320 471 74
85 313 54
146 438 62
166 251 85
403 472 25
138 230 15
134 432 43
2 315 35
227 463 65
270 358 40
38 170 32
80 125 12
308 376 23
51 100 33
123 358 72
110 349 47
81 455 75
313 430 95
99 221 99
11 277 10
13 229 29
196 316 34
91 123 24
259 497 7
264 437 55
310 350 11
73 249 19
68 260 34
74 348 21
267 315 34
111 430 74
366 409 74
396 409 49
59 157 25
262 375 47
79 157 30
6 459 20
95 497 48
176 192 30
437 499 29
132 387 48
64 127 41
126 498 95
146 446 56
9 314 90
85 148 63
100 170 56
446 494 81
109 444 87
167 412 78
36 232 2
83 278 6
206 355 5
68 170 1
124 356 96
77 187 31
312 418 18
5 35 79
285 294 48
114 273 88
138 203 19
245 338 39
403 443 98
142 435 59
157 428 30
202 333 77
209 214 61
144 482 56
65 146 86
178 392 41
136 262 60
256 494 38
46 319 82
158 495 75
135 442 32
97 474 50
77 432 75
70 178 45
182 486 5
139 350 16
164 269 65
93 380 44
22 149 77
302 326 24
248 386 35
334 425 38
41 470 5
227 462 31
273 332 19
28 424 69
148 276 51
15 385 63
97 476 91
132 180 80
81 208 40
2 236 56
339 471 39
8 60 80
349 431 56
217 438 55
314 370 68
82 124 31
320 324 66
6 398 48
113 489 73
59 83 92
5 337 57
123 153 95
24 111 38
98 301 23
66 450 9
13 484 97
233 243 50
152 173 95
422 448 42
165 341 6
52 405 38
238 377 31
357 447 22
419 421 69
48 285 38
255 289 87
207 268 49
194 428 2
109 359 56
288 463 40
59 449 75
122 367 9
211 436 71
92 416 62
308 475 62
156 185 8
467 476 27
201 377 67
422 470 85
153 311 47
359 496 97
127 407 57
481 483 40
186 265 8
101 170 11
21 193 76
116 354 25
56 375 37
218 395 41
28 335 48
60 277 54
338 440 34
356 483 49
41 116 39
328 377 52
401 409 34
481 489 13
352 369 1
9 117 68
265 446 79
221 230 1
260 451 69
24 328 40
98 378 16
329 338 32
366 477 58
247 280 85
74 232 12
223 255 43
379 456 13
362 471 47
121 272 95
137 254 7
272 457 42
463 497 75
118 173 18
202 470 25
164 171 96
61 425 84
348 469 7
111 151 55
243 291 37
95 254 36
230 482 5
9 425 33
41 313 94
151 223 3
88 133 71
325 480 97
133 199 83
175 228 41
5 19 11
141 314 26
57 381 63
108 225 81
107 203 52
80 454 62
420 464 8
11 468 79
221 234 89
64 485 55
470 480 59
101 271 11
226 414 97
254 374 86
39 256 14
162 338 29
9 362 92
295 408 10
97 333 81
108 254 77
424 477 65
370 489 46
124 377 24
143 255 92
28 356 26
15 499 53
257 373 9
223 362 23
205 349 15
41 368 98
242 433 45
166 303 70
187 449 65
174 416 68
105 211 97
54 256 78
375 422 93
225 439 58
43 276 40
292 425 72
450 488 76
174 421 22
29 349 4
264 456 93
429 464 10
313 379 7
146 343 45
188 281 91
105 366 30
411 467 51
438 453 2
151 206 71
31 492 41
283 340 15
221 429 32
54 404 57
59 186 71
195 357 13
380 435 95
264 277 12
166 212 58
23 252 9
181 444 78
248 264 89
161 370 10
335 376 60
218 498 100
12 491 11
153 180 66
104 184 94
66 225 15
389 466 6
283 353 4
108 252 30
167 456 30
160 356 55
247 406 61
93 473 7
135 293 8
51 155 41
7 277 87
12 383 94
238 401 6
41 391 55
388 421 70
297 312 32
235 464 42
181 374 64
68 385 67
297 491 34
295 326 93
55 231 38
240 256 78
162 294 47
96 479 56
316 319 11
94 472 47
12 303 50
292 384 46
146 237 53
30 232 37
311 313 21
389 472 24
30 455 92
205 355 34
290 467 53
142 422 38
30 137 53
453 462 6
46 300 67
289 361 39
35 64 89
146 233 25
400 447 14
136 477 38
95 151 6
31 188 11
121 224 59
318 383 2
247 322 25
302 473 25
34 91 30
437 477 100
182 432 8
366 457 23
309 330 72
179 428 87
362 459 58
18 343 35
167 413 46
346 399 11
30 156 84
255 468 30
159 176 60
190 349 80
343 433 93
342 376 84
21 483 10
147 327 28
32 389 97
118 250 11
159 432 16
44 270 35
228 252 33
146 257 62
236 375 79
200 499 18
70 208 9
327 433 56
241 333 64
334 436 85
252 467 29
72 302 30
410 473 31
205 357 81
6 239 98
2 286 86
230 448 15
341 413 98
115 212 77
152 275 29
69 471 92
177 472 8
185 265 25
63 175 42
297 313 60
223 464 67
108 233 44
225 330 36
270 432 59
46 373 20
272 488 12
95 167 5
156 279 14
119 396 36
310 465 63
88 446 66
288 381 61
275 379 14
182 455 4
292 441 68
320 475 37
264 345 30
215 425 11
153 304 29
308 393 72
81 99 97
11 58 23
246 324 63
133 459 18
303 372 22
292 477 71
141 183 89
445 462 47
59 255 12
210 466 63
161 354 48
203 406 74
240 372 3
345 496 81
30 160 23
188 470 76
52 379 93
297 391 47
57 270 86
12 399 74
393 494 95
160 408 43
112 276 80
110 204 66
265 458 39
56 445 15
192 243 75
273 405 28
254 275 46
98 185 37
88 453 45
380 407 57
144 466 44
77 171 98
100 448 100
221 284 73
110 297 95
81 355 20
63 163 64
428 468 31
88 168 97
300 346 66
62 165 67
40 319 37
259 425 69
64 101 80
309 358 36
314 487 53
175 176 2
423 451 64
319 450 99
9 289 4
136 434 5
231 342 44
71 154 60
56 407 70
150 484 19
188 193 59
5 164 28
34 258 25
106 288 36
362 458 64
0 166 92
2 111 74
66 212 65
65 375 36
171 304 94
42 424 64
138 398 5
156 435 25
49 168 72
41 452 33
179 194 73
13 286 70
16 137 16
255 273 76
445 449 53
35 173 46
83 169 94
278 324 38
99 259 65
220 373 36
158 388 41
140 301 40
153 330 59
11 192 33
122 332 13
56 112 19
92 227 55
49 212 14
365 381 81
63 273 77
117 145 17
269 426 28
140 398 88
52 321 2
90 492 79
320 417 17
299 390 46
125 227 19
119 180 15
169 231 62
75 239 20
58 496 45
156 398 73
14 208 49
416 448 40
107 335 93
53 259 43
118 373 3
198 458 85
206 264 14
265 273 86
97 157 5
66 217 79
32 482 51
326 438 51
92 376 26
341 491 38
60 400 28
55 146 35
173 333 37
175 271 26
169 463 94
56 310 67
83 101 9
59 308 58
21 137 71
5 256 5
5 6 42
67 345 64
129 476 26
248 398 5
114 205 30
5 318 73
78 141 46
61 430 82
90 475 49
238 270 53
208 357 43
304 375 25
168 239 42
42 119 98
157 441 20
86 435 68
92 474 63
129 321 79
123 188 19
18 344 24
105 245 39
234 379 56
419 429 65
38 308 48
120 388 11
171 226 98
230 388 50
164 211 57
334 400 77
151 285 79
49 425 11
347 358 16
392 471 73
344 431 12
50 282 99
17 484 42
205 367 53
89 254 90
214 288 15
139 433 23
142 362 12
36 380 19
219 376 2
204 408 3
160 234 29
293 476 58
341 471 61
248 379 54
57 455 48
186 243 52
212 427 10
290 312 3
131 171 16
95 343 15
35 194 99
220 244 64
239 330 12
195 247 88
71 406 85
365 441 78
236 346 88
378 433 46
127 140 29
169 181 37
378 449 11
46 259 53
9 466 58
179 303 67
135 406 66
137 260 66
448 470 83
141 168 35
452 462 80
217 466 17
276 316 89
335 472 21
89 123 16
105 219 7
56 100 73
390 452 75
95 127 22
49 495 22
171 465 95
68 219 47
180 423 86
295 492 32
278 439 3
73 321 11
267 463 47
202 313 81
74 477 57
179 193 24
376 408 14
122 452 88
362 446 19
284 314 73
122 257 26
361 449 88
228 333 54
397 447 21
105 247 32
200 498 9
1 66 57
94 496 35
148 195 69
175 496 49
34 143 91
332 365 45
80 265 27
66 447 44
76 101 43
32 312 24
59 297 57
262 358 43
175 237 2
378 422 83
101 290 32
8 42 50
33 175 23
78 457 99
56 368 93
313 370 15
107 479 14
91 214 44
393 470 97
117 466 98
389 441 59
54 192 74
153 194 81
302 331 76
335 365 97
95 359 31
393 442 98
213 219 98
142 324 91
249 436 19
454 480 85
31 172 68
106 367 39
35 323 13
46 432 53
55 316 23
444 454 68
300 372 63
156 471 57
274 390 4
13 339 72
23 363 47
38 100 43
216 439 56
434 481 4
173 321 9
73 310 96
59 106 64
187 307 41
202 397 70
154 402 62
241 277 88
406 458 83
81 310 64
31 118 64
165 226 42
92 215 29
145 396 16
46 84 1
349 434 69
23 136 31
282 323 90
278 398 19
201 450 9
22 29 68
53 263 94
266 463 79
23 58 83
117 218 34
68 421 2
433 455 89
138 239 66
225 397 47
450 478 82
187 217 14
89 139 61
454 462 87
23 278 7
66 428 26
129 277 31
260 282 48
462 463 88
147 178 99
204 325 27
187 420 43
206 314 94
246 466 47
100 332 61
145 336 5
226 404 14
91 432 4
209 280 37
192 335 82
75 95 36
268 338 21
358 447 61
12 136 78
96 434 70
228 487 95
295 416 92
6 306 16
54 467 29
335 441 50
65 204 44
382 446 15
123 368 19
284 389 68
194 375 55
40 330 13
134 391 56
159 356 75
83 497 69
293 464 39
241 250 47
181 441 85
160 416 50
89 337 69
31 382 89
186 247 90
393 425 50
461 476 96
1 65 75
231 399 81
48 200 89
15 151 77
8 446 28
37 117 47
166 329 65
99 227 15
8 224 53
99 461 11
176 381 99
296 477 28
12 132 69
185 274 38
277 499 46
155 232 33
103 441 10
334 491 3
190 395 95
54 291 2
135 275 17
6 160 89
153 332 48
77 174 73
145 289 14
280 353 90
105 123 72
57 313 35
99 463 70
150 346 25
6 17 82
57 260 16
228 403 9
16 164 62
70 461 14
56 177 57
67 137 24
120 487 36
44 265 95
109 158 79
200 362 73
18 85 53
134 218 74
272 297 28
171 457 35
18 240 44
134 248 71
275 365 21
107 420 44
102 467 49
212 450 43
211 468 8
109 350 15
62 329 29
219 430 96
45 185 75
57 80 34
61 150 79
190 454 41
18 21 42
3 145 56
125 243 90
74 200 10
64 157 22
181 354 95
8 364 74
47 444 34
429 441 45
113 441 81
75 159 9
41 86 78
221 493 38
42 422 63
343 490 74
14 362 21
435 472 38
408 464 7
146 355 28
294 443 43
164 249 13
83 371 57
130 487 93
226 273 33
214 389 97
301 472 66
65 151 72
95 322 52
202 331 70
2 148 11
12 366 17
190 356 74
228 289 60
388 467 18
53 303 23
174 414 10
88 154 11
56 102 56
32 409 72
0 259 8
153 201 50
141 244 8
445 494 70
408 469 75
298 339 32
207 300 28
126 195 47
4 374 88
170 455 68
83 365 58
100 378 100
155 307 4
81 474 37
97 424 98
407 412 86
78 428 3
79 292 21
14 414 18
140 251 46
108 340 44
397 414 54
358 377 87
95 131 31
151 185 45
94 123 38
348 455 42
172 285 57
29 462 15
113 305 4
236 495 14
402 464 90
310 427 2
112 352 9
94 197 56
164 208 82
101 185 85
53 407 91
142 392 90
212 276 76
145 496 85
173 220 78
325 441 5
54 271 29
16 71 62
273 430 86
402 414 73
52 182 59
121 472 4
49 275 19
92 294 53
349 488 48
36 37 96
360 396 65
16 391 62
430 477 70
314 389 5
226 465 70
135 300 69
120 146 45
123 391 48
131 190 93
426 460 30
113 482 66
150 334 45
92 251 90
115 340 39
438 460 45
185 411 55
199 491 91
204 234 80
288 439 76
140 158 71
170 445 30
262 399 7
163 415 13
52 152 26
263 290 32
48 398 68
94 194 32
33 483 34
1 379 81
14 412 86
370 385 20
48 90 19
20 106 22
366 452 3
185 242 7
14 150 88
355 492 50
64 379 43
100 339 19
11 183 59
17 375 100
108 390 1
26 357 95
112 443 59
80 225 75
154 244 31
403 470 62
264 340 57
5 417 33
41 52 55
71 98 12
70 448 100
151 324 12
2 94 9
7 295 64
319 475 51
128 383 16
45 267 91
17 254 21
39 94 79
111 375 41
150 196 35
57 140 99
255 363 72
203 221 66
5 319 77
10 363 25
359 479 20
101 187 64
171 189 29
190 354 83
5 79 93
240 435 92
180 187 20
76 153 56
37 150 55
57 476 85
85 198 20
75 260 26
281 388 97
84 335 76
289 464 16
49 179 55
2 36 99
150 409 77
17 450 74
172 257 56
72 187 37
414 440 56
30 200 3
10 365 21
175 466 31
2 468 58
84 308 44
10 450 28
108 414 58
420 473 37
192 287 6
115 343 90
381 415 19
9 446 63
124 185 95
327 344 27
69 378 99
74 318 8
199 296 39
112 425 75
294 398 46
239 250 22
50 459 9
129 465 61
273 335 67
39 129 1
110 203 5
239 266 15
42 169 95
1 429 17
91 170 79
113 470 73
455 461 41
226 234 58
46 196 76
52 416 77
8 333 73
69 310 100
271 433 26
14 445 11
75 286 70
481 499 80
55 237 55
242 430 31
212 271 38
121 135 12
124 155 25
226 286 89
41 345 89
255 460 38
229 478 52
63 368 43
179 365 63
158 450 83
156 342 76
62 172 63
128 410 58
279 394 49
42 188 31
34 342 94
96 195 99
99 369 64
28 396 45
115 226 53
2 58 24
133 202 45
192 419 21
5 260 24
199 218 38
88 470 20
65 247 57
95 479 34
122 126 8
328 467 70
276 492 5
245 309 14
69 274 58
169 449 64
279 474 4
453 479 23
304 409 100
145 247 48
131 362 73
112 194 78
9 393 33
81 209 23
83 460 77
211 488 49
264 331 58
47 107 4
165 304 11
79 223 1
77 81 82
304 309 87
13 411 20
73 232 8
33 315 50
84 419 3
94 294 38
339 394 18
34 437 30
215 437 94
26 94 87
69 349 40
154 267 40
65 216 21
185 489 16
279 450 61
57 171 83
308 314 73
292 360 53
308 441 65
145 263 56
53 125 8
373 375 75
270 460 67
16 489 41
130 174 80
182 382 44
190 217 66
312 496 79
404 410 79
199 481 58
281 466 92
67 462 66
339 447 57
158 389 93
269 488 43
320 378 7
38 163 79
281 472 34
368 499 26
56 166 81
222 392 9
211 373 8
344 369 36
252 398 12
188 227 47
87 475 61
196 414 80
91 315 41
234 393 93
8 236 68
129 217 26
95 108 42
376 380 81
296 403 9
107 159 38
141 159 34
158 351 20
21 51 19
228 443 28
7 173 21
19 201 54
227 445 46
170 458 99
65 352 62
194 488 82
120 348 41
295 467 35
237 488 40
301 448 50
277 472 95
225 253 59
319 491 42
115 396 60
134 211 51
206 487 35
115 144 34
31 41 43
266 453 73
35 259 5
118 171 85
198 307 96
15 139 71
56 382 63
42 209 8
299 380 44
368 448 49
140 153 16
113 354 2
138 401 26
99 304 70
161 330 76
320 340 29
46 203 18
5 335 84
112 207 50
166 471 5
248 268 70
226 479 36
225 419 55
119 490 84
192 291 16
134 311 75
414 428 56
201 370 7
101 257 66
249 459 63
100 250 23
265 320 92
258 435 38
36 303 31
61 387 82
105 170 68
58 296 95
8 123 6
151 258 95
185 338 65
373 399 46
65 300 95
260 323 87
486 497 49
113 351 30
233 487 28
18 212 46
62 380 51
293 314 98
173 247 3
149 393 17
95 480 4
127 248 38
0 226 29
5 173 100
330 350 78
17 390 99
132 426 62
187 243 49
140 142 24
320 405 6
341 474 56
65 244 6
467 475 17
116 447 88
223 486 14
4 212 93
341 378 11
168 374 33
121 306 6
44 146 50
69 483 98
161 239 18
170 321 56
163 321 45
4 460 38
54 423 41
409 420 46
262 331 88
164 298 4
43 135 84
108 339 40
157 468 73
242 412 100
307 475 69
216 323 77
423 431 28
322 427 46
130 470 5
40 233 91
178 256 75
308 398 58
199 307 86
63 216 94
95 329 79
244 336 75
276 360 67
49 271 49
356 469 82
232 473 33
124 442 3
345 372 81
242 401 42
140 414 80
306 486 55
299 403 81
109 365 44
243 310 34
337 343 47
475 495 33
93 252 26
53 110 33
395 478 16
10 50 48
299 492 57
282 397 14
101 158 17
193 286 41
235 431 27
11 57 59
103 263 24
49 331 44
237 477 1
189 242 35
165 195 97
229 321 14
51 181 55
123 492 88
333 469 45
144 418 76
100 360 70
195 435 59
101 388 85
3 267 11
28 47 77
72 120 49
76 217 94
486 498 32
229 315 41
298 437 35
319 363 99
77 388 29
81 246 21
22 42 19
36 385 18
83 478 12
32 62 77
93 440 10
290 315 60
231 285 26
83 314 43
208 340 84
435 469 70
249 309 58
167 308 77
218 342 77
26 437 77
225 396 4
72 114 82
50 413 63
185 450 95
237 493 1
34 400 61
30 194 59
303 394 15
36 267 91
60 411 20
127 437 28
41 133 63
130 342 6
263 376 46
131 404 14
368 402 74
53 348 13
251 490 39
233 360 37
116 333 83
70 90 34
411 446 89
38 374 80
182 221 83
97 284 78
74 333 22
94 345 11
59 335 23
97 448 40
265 301 28
61 313 59
18 342 7
53 481 16
304 317 83
128 182 28
292 422 34
209 345 87
9 480 51
128 319 22
155 401 42
196 324 75
30 97 83
171 270 5
254 365 2
101 222 68
76 308 67
153 475 32
108 197 28
31 181 9
158 318 4
185 433 19
107 485 28
249 369 20
228 491 7
169 207 89
214 451 27
9 278 22
445 446 19
139 252 84
202 490 88
11 56 92
118 165 3
303 325 21
378 412 76
26 466 48
395 416 71
167 309 82
225 301 19
141 333 39
48 179 37
8 214 82
19 372 98
235 486 75
108 299 86
107 229 20
382 440 71
185 189 21
294 411 64
41 415 22
65 165 4
71 171 21
26 226 77
329 365 9
55 434 80
152 373 8
7 293 100
296 457 39
146 153 85
304 363 89
55 80 14
248 396 100
35 367 31
137 348 49
195 278 62
66 319 100
376 463 68
31 276 73
166 389 31
28 97 36
3 330 32
351 473 86
47 316 32
28 333 74
320 411 68
34 422 52
286 349 18
150 487 23
219 244 62
33 69 79
344 417 88
48 73 36
345 468 39
402 443 40
126 154 93
341 445 37
221 444 99
263 317 45
155 415 36
304 420 98
266 424 35
304 359 76
111 492 59
231 302 25
228 346 59
262 315 34
145 364 62
226 363 88
21 321 93
232 382 31
45 210 41
175 303 6
172 435 13
260 262 53
233 342 95
79 258 59
454 478 81
38 76 56
340 345 17
303 497 43
25 152 8
183 284 26
239 373 8
13 361 21
338 476 25
159 290 87
0 480 33
15 41 96
351 496 54
336 381 5
135 338 37
18 136 8
400 416 30
79 467 50
265 395 40
295 481 92
131 209 72
296 401 79
221 275 5
418 494 89
269 447 91
179 285 69
107 316 42
49 483 55
89 242 56
7 463 28
31 306 10
141 219 59
165 211 9
223 409 96
398 441 67
133 285 59
42 263 48
1 224 89
62 240 2
51 146 65
24 79 86
63 462 8
110 396 31
180 350 82
306 365 13
363 428 96
264 404 4
41 291 66
105 477 69
60 469 28
116 123 58
268 395 91
265 290 77
313 369 55
108 249 27
17 127 73
159 267 88
283 394 60
138 425 70
30 295 53
353 398 85
31 92 51
308 480 45
72 107 28
30 258 85
158 467 29
204 330 53
233 275 90
24 166 60
411 461 48
342 363 39
176 375 61
170 425 100
233 288 62
85 122 25
398 443 71
23 64 29
127 420 74
41 112 26
429 439 59
163 466 39
287 406 19
202 472 21
423 491 31
248 429 1
4 62 34
94 227 39
429 487 17
84 114 63
21 100 8
58 492 45
230 486 69
251 398 82
72 218 33
179 228 22
15 199 87
269 380 95
184 482 9
80 317 65
48 59 55
328 434 81
204 412 37
439 480 25
88 441 52
135 267 1
198 221 73
100 449 69
335 366 96
229 412 82
422 449 54
402 477 99
209 290 60
381 422 72
399 436 4
363 494 63
24 355 1
331 494 19
127 440 46
309 490 21
190 419 98
222 252 18
79 427 41
124 194 79
260 471 71
58 372 62
108 184 84
111 150 12
316 429 9
9 321 3
264 420 41
401 484 94
163 384 49
11 73 23
207 420 79
140 421 48
30 145 6
72 219 42
125 233 69
97 453 72
102 178 67
68 179 99
28 298 86
140 284 92
100 287 46
38 41 55
103 453 81
176 366 15
56 467 93
237 335 1
414 416 28
158 260 48
161 336 25
154 438 51
271 332 8
11 110 28
39 290 96
101 199 39
3 102 19
259 424 54
153 314 29
58 196 17
120 224 7
47 158 3
217 225 52
144 363 19
48 354 98
214 297 15
90 281 95
182 351 64
158 329 83
155 275 8
221 390 19
20 160 55
250 355 11
235 350 87
83 290 55
387 436 48
105 370 18
154 253 87
93 362 42
55 387 3
89 373 32
103 268 54
4 362 42
16 40 29
130 427 59
223 423 2
257 422 27
439 454 90
138 318 25
271 440 87
62 199 13
179 443 61
16 352 13
23 152 3
81 82 97
13 242 89
170 343 23
63 154 81
404 422 27
314 468 87
173 255 89
201 251 78
237 404 80
192 475 52
79 430 5
141 299 5
304 454 22
210 229 88
270 321 36
84 488 69
461 481 65
262 310 86
98 328 93
234 343 51
205 427 55
201 229 86
384 446 83
253 295 67
236 246 65
281 478 56
159 451 9
2 298 16
60 227 91
121 219 80
37 50 17
52 301 97
73 160 35
44 498 57
367 499 86
282 326 33
74 314 28
173 492 13
46 481 20
351 487 18
43 240 54
56 143 36
94 235 64
161 359 18
57 241 1
273 435 47
93 490 18
209 462 2
37 272 68
77 177 30
241 292 16
247 431 20
161 175 66
43 172 85
119 440 38
48 397 85
278 350 54
168 246 83
170 287 22
347 375 69
197 462 59
212 229 8
12 47 29
202 440 77
217 343 42
47 123 61
148 161 84
184 360 85
149 348 73
367 481 22
108 332 64
196 287 85
126 444 13
69 201 4
286 330 17
109 206 68
108 239 50
48 329 57
164 190 91
235 327 29
114 402 20
98 106 55
120 169 51
405 494 84
229 383 38
237 293 7
17 158 32
49 105 85
242 484 1
116 470 21
143 150 42
113 264 47
4 154 22
65 428 72
93 254 65
169 237 86
34 429 50
312 490 53
106 408 14
123 238 24
402 413 25
56 270 78
190 303 41
221 436 48
123 154 83
200 270 12
312 354 17
292 348 14
71 418 12
217 308 80
142 284 14
330 453 75
273 275 93
113 469 49
56 188 65
363 441 39
219 354 69
319 360 41
92 363 67
180 488 92
369 487 90
168 211 71
298 414 50
66 203 23
87 153 90
65 338 33
210 344 4
37 498 49
138 366 3
163 315 5
239 335 63
0 434 76
229 380 3
258 317 56
161 213 85
137 313 98
44 118 68
138 471 23
111 379 51
53 131 76
117 380 6
392 482 100
180 422 24
186 355 79
22 423 3
21 360 13
43 227 61
350 440 78
117 314 22
116 395 10
142 246 4
3 272 6
143 250 69
290 379 43
194 352 25
409 481 67
391 488 2
209 498 50
200 239 53
285 295 58
195 335 100
164 281 55
3 207 98
167 393 98
167 284 15
71 499 60
313 393 47
409 477 84
263 426 22
211 287 6
107 448 57
240 314 37
37 443 17
136 182 96
156 385 19
15 211 9
281 370 86
295 389 30
38 220 77
68 190 15
29 48 32
99 387 30
182 346 94
117 481 72
40 299 8
47 58 71
339 370 41
162 450 6
205 397 65
228 357 85
136 372 96
37 279 33
257 380 54
443 465 68
219 428 57
242 255 77
57 368 85
132 465 77
221 438 59
93 409 17
226 433 13
217 322 88
99 435 90
317 488 16
55 291 20
31 366 78
171 286 71
229 242 27
248 474 89
21 82 38
88 438 77
301 323 48
130 397 72
287 366 16
126 284 98
179 292 96
148 324 34
116 167 43
12 43 44
163 390 64
115 385 76
17 212 73
279 337 84
155 448 19
272 371 24
20 189 90
123 401 40
131 280 80
141 144 85
167 367 17
147 186 95
70 239 28
60 266 46
109 472 48
201 216 53
74 213 5
106 114 94
62 140 31
152 408 7
253 424 6
132 434 39
277 310 62
51 378 99
169 375 31
19 380 38
253 282 38
202 365 51
209 423 16
126 486 13
46 229 56
92 244 17
412 425 14
199 482 99
382 494 21
28 43 45
214 216 81
106 134 47
2 130 41
244 481 88
24 51 57
412 469 19
98 441 7
323 393 75
188 199 1
92 442 19
89 435 94
26 48 47
24 31 26
35 415 89
302 362 94
15 369 38
91 175 77
57 414 97
217 405 56
213 494 99
65 324 2
150 263 72
233 418 3
146 241 63
92 332 9
99 328 50
350 352 34
256 449 8
94 100 95
58 471 88
17 194 93
135 181 37
313 473 22
134 143 2
239 297 22
123 288 95
109 417 48
39 430 30
77 260 96
127 384 56
442 466 61
82 135 2
32 438 46
151 448 4
203 450 41
174 296 77
40 497 99
328 331 15
46 381 90
252 368 74
68 232 95
218 367 72
224 272 71
82 222 4
119 218 78
119 416 97
446 489 45
104 390 42
12 141 55
196 387 94
28 220 64
29 74 17
325 464 11
450 479 47
171 377 17
202 371 80
264 357 100
126 493 49
175 309 35
342 348 78
358 371 94
26 199 7
68 250 57
198 471 9
80 218 60
56 215 21
94 420 44
131 181 27
10 33 98
27 320 30
273 353 98
189 280 9
321 411 77
225 374 52
107 183 58
333 354 78
240 499 69
319 439 85
3 27 82
470 472 13
27 312 65
347 408 76
230 499 99
210 309 42
145 244 18
64 455 54
128 339 87
184 298 1
353 496 55
106 434 51
426 457 96
297 418 78
10 467 37
68 353 63
467 473 78
165 344 97
123 390 70
230 310 98
286 364 84
41 216 58
22 86 31
82 127 50
178 183 14
4 417 87
233 358 33
78 220 43
40 295 81
229 379 86
265 354 96
330 338 42
187 495 78
193 359 80
191 447 86
192 342 42
231 444 82
128 443 72
258 390 64
240 358 8
13 438 100
339 456 36
250 276 55
66 133 88
191 410 89
422 430 40
326 358 100
40 255 2
87 189 7
167 249 38
189 236 71
81 428 30
44 84 12
20 90 44
39 141 97
390 401 77
101 127 87
270 364 59
119 456 56
93 327 79
119 171 24
63 430 29
221 346 69
58 60 98
359 361 22
387 493 17
207 382 69
9 355 80
278 368 17
254 359 56
54 147 49
276 294 2
355 484 31
46 354 40
415 439 86
108 415 93
32 439 85
164 361 26
107 239 76
408 438 61
145 278 42
218 446 45
138 263 15
124 369 96
89 360 68
38 111 64
239 355 81
205 328 63
65 319 82
119 407 74
1 376 76
383 450 75
83 268 81
323 406 52
6 383 46
318 360 30
135 168 63
133 210 32
363 408 17
247 430 49
49 385 59
109 443 36
149 453 15
203 405 72
59 446 23
20 24 31
168 424 29
133 410 17
19 168 48
5 498 100
309 409 33
56 184 74
55 462 22
207 295 52
115 266 10
367 411 8
170 270 86
356 474 41
174 297 96
270 318 72
293 462 65
90 266 92
35 67 22
310 413 36
246 487 43
87 428 12
104 142 97
389 405 25
62 100 69
198 379 95
86 280 10
31 462 25
32 279 42
61 354 7
11 131 67
98 137 20
74 366 19
127 277 61
79 487 46
6 467 18
172 290 56
86 316 24
272 356 94
267 478 51
400 406 56
56 63 31
154 281 53
226 380 67
407 432 79
332 340 83
11 478 69
351 449 78
78 378 60
184 302 36
174 431 82
65 339 94
320 336 59
70 436 88
368 494 22
63 297 21
122 128 85
109 493 18
48 430 63
338 346 39
136 443 26
69 124 41
160 418 9
122 305 75
373 415 36
426 474 70
77 270 55
12 104 32
133 479 100
157 187 20
406 480 5
346 362 62
229 302 32
52 159 89
59 439 76
15 300 86
94 367 9
44 256 71
439 491 25
104 389 14
280 499 65
199 369 88
116 379 54
19 410 28
35 295 70
230 273 64
189 334 97
181 393 61
324 484 7
261 399 65
122 241 59
88 332 34
227 490 56
355 409 89
45 306 60
209 461 23
11 143 95
131 272 81
288 451 64
163 446 52
94 447 75
1 303 53
275 474 45
63 349 58
442 478 37
125 344 23
321 467 83
62 182 16
97 473 54
68 306 57
74 346 98
55 472 24
165 375 12
2 250 96
33 101 14
151 346 45
282 383 77
8 332 68
91 427 52
327 422 19
89 429 25
34 89 31
127 370 14
340 366 90
347 401 79
72 380 25
17 148 44
289 349 40
195 399 21
387 416 6
232 289 29
23 214 15
394 414 68
211 473 36
370 496 44
115 400 3
412 482 34
51 412 15
75 350 88
103 484 76
74 190 99
266 339 57
0 266 26
88 240 85
214 243 9
167 353 82
265 468 89
193 218 47
472 483 31
81 392 31
138 476 88
109 457 54
348 471 100
488 496 24
367 431 83
51 498 75
24 348 66
238 451 56
70 469 85
95 228 39
259 346 54
44 154 66
360 453 17
114 293 19
61 213 60
49 446 67
8 238 40
37 93 42
156 260 82
120 472 40
41 405 4
448 453 69
33 247 52
114 413 97
387 411 25
92 290 35
275 368 62
340 399 8
181 237 82
109 480 41
258 447 50
141 208 26
343 397 85
263 461 71
146 368 35
161 450 66
179 413 3
284 430 11
94 198 35
282 486 79
373 423 11
182 466 28
0 263 83
58 442 63
4 189 79
232 488 68
58 187 47
44 496 63
59 310 5
44 285 88
299 414 79
200 269 60
37 216 16
14 40 16
42 460 7
257 299 67
348 402 89
157 233 94
164 410 99
50 302 31
307 345 3
208 406 50
262 345 32
335 411 24
18 62 1
46 401 20
271 302 49
62 315 61
132 193 10
74 304 14
33 83 64
50 78 7
137 208 3
7 268 6
70 139 2
3 386 33
125 174 79
378 463 28
42 485 39
183 311 74
114 208 37
75 457 87
262 383 30
168 408 49
320 350 73
247 343 30
11 427 1
30 181 25
202 307 55
22 143 85
247 391 55
178 343 47
211 332 89
53 222 90
3 85 53
153 338 57
52 315 44
246 319 43
99 391 16
104 373 76
66 338 38
152 217 4
43 209 85
51 369 41
11 202 37
158 313 90
127 230 38
198 320 69
73 326 50
385 430 16
339 440 82
129 267 50
320 476 21
48 100 15
113 413 80
250 298 69
129 466 91
172 260 25
30 428 96
102 251 60
182 444 80
57 64 14
181 355 25
127 252 11
78 232 83
213 393 62
271 416 97
252 405 84
362 418 31
152 407 35
436 437 63
331 443 30
75 143 59
353 486 90
59 144 91
62 351 35
167 313 81
40 496 1
72 346 92
140 481 27
99 434 85
215 227 60
82 341 46
292 433 61
145 178 89
219 420 78
151 214 90
100 474 17
382 412 62
25 167 46
301 322 43
225 282 33
163 335 11
161 383 59
138 204 77
170 407 8
327 371 60
98 437 77
99 138 74
145 317 71
401 434 6
238 398 35
278 470 75
11 214 80
102 141 86
167 235 69
71 285 6
19 356 42
124 274 62
57 158 38
180 391 63
180 185 55
189 253 96
135 398 4
93 193 68
8 444 71
252 362 67
230 399 52
83 225 55
414 493 18
260 291 7
247 267 57
167 342 8
426 461 47
119 370 53
115 374 19
308 365 93
74 376 31
289 368 4
254 360 26
82 476 85
126 275 25
63 109 70
6 81 87
7 118 2
18 288 4
189 360 17
224 347 67
226 241 89
357 434 88
95 207 51
130 426 48
28 45 6
214 434 39
147 315 58
161 256 100
118 457 5
4 446 47
29 381 98
212 269 36
10 133 73
308 470 13
143 396 74
239 432 60
5 186 27
152 261 95
4 271 57
190 195 83
457 459 55
158 303 50
124 311 54
88 131 69
85 407 58
359 375 29
7 44 55
256 324 35
305 451 26
32 252 34
111 409 11
35 201 57
417 426 28
57 139 26
109 166 85
118 163 4
93 255 41
39 247 70
60 468 25
147 373 70
21 52 38
197 355 36
0 181 49
92 433 1
135 494 12
267 486 93
289 433 15
17 472 42
16 112 83
335 397 38
362 453 35
143 351 84
212 379 46
161 399 9
75 497 73
428 448 32
137 169 43
288 388 42
328 354 37
35 49 66
34 130 92
154 218 85
102 420 54
195 363 34
55 307 19
101 217 23
6 468 46
207 317 81
22 356 32
141 243 100
130 272 13
182 307 60
148 328 56
106 120 63
282 391 81
84 88 66
110 473 72
323 428 85
39 153 4
122 434 59
49 248 100
39 381 48
64 416 41
265 455 93
67 388 89
66 128 54
190 213 67
18 126 37
108 178 37
281 444 76
310 375 73
161 321 20
156 486 1
81 183 49
113 134 21
24 337 76
39 190 94
88 214 87
71 177 93
373 411 96
154 460 24
128 497 66
355 408 83
5 223 25
63 112 80
92 192 11
180 344 90
108 378 14
495 498 29
152 237 57
81 487 21
35 379 75
92 236 64
154 458 95
20 148 98
195 461 20
315 486 52
82 225 18
27 121 78
59 104 64
361 388 22
134 386 99
8 436 8
144 390 51
296 420 85
284 331 78
65 439 84
90 231 64
353 433 29
404 419 17
334 499 69
25 213 30
457 462 61
297 388 83
23 289 33
339 352 84
80 184 45
98 413 17
110 404 43
239 430 54
346 361 50
377 450 17
185 299 82
327 497 27
104 419 83
381 478 41
302 494 98
149 258 42
116 197 70
9 188 49
81 358 50
250 497 47
201 261 29
10 91 39
11 306 5
269 478 69
126 176 32
208 333 62
224 251 70
179 301 95
337 391 52
210 484 95
424 438 16
49 235 26
149 240 71
191 402 55
10 164 12
163 283 33
205 286 68
108 438 74
139 466 47
138 262 56
259 396 71
68 409 80
353 462 46
196 229 53
90 444 53
101 164 88
2 42 36
10 146 10
131 345 77
447 479 61
16 266 100
11 405 36
167 405 59
7 377 33
68 393 23
57 253 81
131 330 12
169 476 87
122 145 8
112 479 65
52 247 87
169 370 40
44 476 17
122 287 72
26 273 96
20 412 53
264 445 99
304 447 72
59 447 70
396 487 34
433 483 28
158 281 87
221 495 28
189 380 54
18 70 33
110 401 88
98 435 42
155 422 78
27 458 59
125 244 52
38 332 71
165 408 77
201 232 83
2 390 56
388 470 68
15 59 36
15 253 90
337 436 68
364 499 6
362 409 41
305 481 60
126 295 19
139 162 36
119 458 86
165 474 26
352 488 96
474 485 24
188 298 49
0 499 31
122 181 81
153 302 76
19 82 65
328 335 33
273 410 94
95 337 41
193 364 32
218 421 11
12 165 79
120 441 13
83 193 82
318 366 61
140 157 85
12 285 22
322 342 63
21 443 64
147 356 23
301 475 82
383 412 64
327 437 88
157 229 45
115 364 14
42 470 94
38 47 28
334 339 10
199 206 97
388 490 54
117 413 4
93 253 46
296 418 53
173 296 40
145 283 14
196 420 63
414 490 37
297 450 80
311 472 74
263 374 98
111 351 57
90 209 7
370 374 4
54 379 6
61 477 14
236 245 67
57 281 56
145 150 18
58 383 66
426 443 20
147 424 95
96 259 35
320 392 25
185 391 91
179 491 91
105 233 89
78 434 33
324 466 10
60 244 66
238 302 52
209 363 66
44 486 99
332 363 45
57 473 35
79 110 80
13 282 95
289 445 56
27 354 63
44 150 24
29 476 10
105 277 56
314 462 96
28 399 93
263 323 98
298 399 90
325 405 27
58 98 36
91 490 64
188 296 67
299 302 79
389 448 59
366 386 62
49 396 90
75 233 13
187 461 37
213 255 26
209 485 19
52 452 53
235 462 54
137 376 75
149 282 4
111 193 35
92 334 37
467 471 100
382 406 99
337 427 70
194 250 66
364 476 61
56 93 88
147 345 58
487 491 42
36 473 41
285 410 95
135 185 44
229 274 61
46 417 53
170 344 4
199 358 54
382 456 16
16 38 38
178 394 36
58 135 35
358 495 6
300 437 99
13 390 75
148 302 37
60 258 74
87 96 73
142 426 77
76 132 69
400 408 7
110 339 23
240 342 80
397 430 18
185 353 83
78 125 23
154 165 81
266 461 55
272 348 24
110 409 94
209 221 4
250 457 20
239 437 33
171 402 46
283 395 3
17 445 44
211 467 82
11 276 18
168 201 75
347 439 44
97 415 29
460 461 92
364 461 39
301 402 82
4 122 91
25 147 56
394 451 96
331 469 23
28 107 12
105 235 30
206 352 26
74 292 62
302 360 13
304 339 37
62 70 63
44 271 49
141 251 1
333 488 10
204 290 20
22 255 10
285 429 68
230 267 46
317 458 31
189 367 36
277 346 72
235 399 14
232 405 91
159 495 49
148 160 70
363 433 61
38 367 38
287 498 17
226 252 48
147 188 6
39 151 90
422 471 96
219 357 2
128 351 53
37 254 31
67 375 75
150 428 41
6 469 16
393 403 75
62 300 56
61 319 26
368 371 81
161 276 88
97 339 23
178 417 16
102 396 39
363 427 53
207 252 66
229 389 50
234 335 67
292 446 97
245 347 77
164 404 53
89 438 28
70 251 23
346 495 4
113 254 67
10 192 65
115 304 99
196 399 15
52 77 47
352 371 85
31 422 61
294 412 25
152 485 56
0 185 27
216 223 94
51 304 47
354 437 58
77 313 35
187 454 20
280 336 8
380 442 46
249 402 15
137 235 37
215 316 45
162 320 34
65 448 88
95 382 74
287 495 28
211 344 5
349 365 51
297 355 74
251 318 29
208 390 94
269 393 59
212 250 27
310 441 70
195 202 77
60 463 9
152 378 100
203 374 80
23 228 99
303 496 20
20 131 34
116 238 83
103 424 42
33 468 24
40 305 2
228 433 55
74 278 96
4 488 57
279 370 70
239 489 21
253 361 69
45 115 40
126 217 56
261 417 11
286 416 71
198 424 69
144 289 64
105 414 51
315 442 70
33 339 85
118 276 45
203 351 69
129 370 75
245 494 62
214 336 38
2 259 94
341 465 53
223 348 63
48 130 73
284 352 24
312 486 35
215 249 74
176 351 7
196 303 1
235 240 55
161 183 1
129 333 86
330 412 6
336 376 18
72 407 93
329 339 36
432 479 33
140 376 50
223 458 94
33 75 99
170 304 32
13 350 67
14 356 74
124 444 69
254 483 24
101 287 24
468 489 92
196 426 21
212 483 40
191 414 65
6 180 75
4 365 50
175 339 49
268 323 48
311 395 100
91 323 16
275 298 49
23 30 58
176 335 64
12 223 32
268 357 28
136 257 45
352 433 94
69 188 32
207 292 84
241 479 22
247 472 61
94 455 9
52 330 60
74 328 18
128 359 23
250 483 45
148 298 92
28 176 1
399 406 36
225 344 23
104 405 51
289 434 30
112 424 11
40 363 3
41 365 67
195 199 27
252 281 36
80 228 96
402 482 84
52 458 83
38 178 5
128 176 20
32 253 7
168 438 58
73 330 59
175 427 55
247 320 94
190 372 52
113 398 41
79 86 18
63 484 31
338 449 21
232 360 15
162 431 56
390 486 70
298 413 1
3 441 99
136 263 35
287 468 27
170 253 71
30 386 70
307 346 17
125 421 42
185 378 89
27 402 100
339 340 99
253 326 1
259 454 67
39 425 50
215 385 90
151 462 40
189 399 10
220 296 14
149 488 3
57 442 65
194 367 9
66 242 90
211 283 63
385 392 8
6 356 15
257 459 42
158 312 32
54 366 61
123 421 68
298 491 64
264 453 51
301 360 92
277 340 10
172 256 21
320 354 39
19 226 81
90 189 78
19 273 95
17 146 63
104 144 95
66 497 88
221 345 63
355 392 92
53 241 32
114 148 32
116 118 35
51 366 99
104 468 39
324 464 49
7 35 51
239 283 25
29 427 15
372 429 75
55 423 32
193 266 86
163 458 84
144 252 55
20 49 74
7 60 72
33 354 39
295 446 22
448 461 23
9 160 66
122 158 59
389 450 78
275 447 43
185 330 83
206 324 4
58 285 87
385 492 1
167 206 73
39 464 33
36 498 18
408 480 75
85 138 81
179 201 96
15 97 62
156 483 43
7 322 51
233 350 34
66 265 80
80 163 78
10 78 70
57 433 88
40 338 94
99 118 65
103 318 47
156 357 12
400 453 100
155 449 86
131 154 37
35 452 99
213 248 47
49 280 85
278 408 36
99 271 99
153 341 37
280 396 97
41 199 28
128 346 32
34 38 48
109 139 49
0 162 33
8 86 91
208 235 75
392 497 73
0 225 13
211 269 20
70 352 29
272 389 27
101 216 98
452 458 34
203 334 81
320 328 47
7 222 23
152 206 39
48 65 47
130 279 87
41 354 78
261 301 82
488 493 40
70 127 5
69 155 26
120 163 24
54 299 96
128 288 65
326 382 14
156 319 70
97 467 3
469 478 68
69 416 35
4 481 16
159 313 77
161 414 59
49 206 16
121 257 82
311 493 86
148 465 69
119 167 8
28 100 81
383 496 89
190 345 49
58 227 43
163 316 21
437 483 18
389 404 35
173 318 13
5 423 69
126 127 40
204 322 3
217 310 57
214 250 61
137 474 42
156 240 37
162 331 89
132 457 11
48 228 100
39 149 81
316 327 16
295 332 56
489 497 4
97 116 25
321 396 61
203 402 47
323 367 30
93 382 33
158 166 58
139 215 61
157 339 84
350 491 92
32 267 37
262 332 27
30 474 68
255 462 78
110 262 23
15 60 39
69 283 38
328 438 40
137 429 55
314 479 49
375 419 42
59 103 33
305 434 19
31 480 6
92 463 54
176 341 32
306 335 85
29 255 77
292 380 22
239 369 61
353 378 100
10 335 24
125 458 76
86 461 56
147 194 89
262 416 48
176 241 50
175 203 68
40 124 81
2 40 21
121 169 98
88 158 72
139 292 10
0 106 70
126 437 72
250 429 24
164 259 43
343 412 56
381 494 7
269 353 61
2 29 98
23 358 17
261 350 67
337 417 29
256 279 5
149 422 1
177 409 34
80 283 32
9 294 30
155 253 43
21 390 31
42 344 90
101 260 3
192 456 90
135 426 43
375 404 76
47 150 31
6 226 23
228 495 13
99 336 16
339 390 89
197 496 68
57 125 92
144 220 95
173 263 66
33 190 89
70 302 83
200 379 33
237 437 12
412 485 22
217 457 63
342 466 36
200 282 42
351 490 51
56 350 15
57 183 59
123 336 25
122 256 65
150 181 93
77 156 33
89 201 46
67 178 100
128 273 31
40 160 74
114 192 2
69 133 25
5 367 42
133 335 4
73 231 12
114 388 19
28 487 29
18 228 74
105 363 52
459 482 73
192 292 14
39 136 36
68 208 45
64 429 90
91 322 33
21 386 87
56 422 37
357 436 100
115 174 5
31 467 85
304 326 9
14 74 40
52 123 41
101 208 87
33 345 59
119 346 11
152 346 53
373 428 31
191 395 24
66 91 69
107 193 48
35 413 12
112 160 81
303 448 11
47 84 15
66 387 1
65 413 85
117 164 35
159 288 94
301 327 47
390 464 23
16 332 99
201 461 96
343 445 77
367 374 55
138 495 3
119 463 85
123 256 19
7 421 26
65 107 9
6 352 45
319 425 97
161 472 47
246 478 21
308 347 27
33 37 64
177 292 41
8 430 17
44 426 60
77 80 96
44 101 20
337 456 28
224 474 75
242 395 22
154 155 26
265 357 97
83 355 46
269 358 16
297 461 75
444 455 16
92 422 36
208 379 6
202 455 83
407 413 72
127 376 54
244 465 66
195 403 75
47 61 100
413 427 47
66 127 22
280 371 70
134 178 58
184 336 4
161 494 57
193 273 88
209 376 1
10 442 7
219 469 97
107 240 35
357 490 61
25 261 70
44 77 9
205 424 53
128 421 56
0 390 20
141 368 45
136 185 8
209 437 85
65 404 27
75 458 73
40 105 36
410 464 54
260 351 16
225 268 68
269 399 87
206 459 68
131 444 21
243 271 10
372 453 8
25 443 26
6 190 38
205 458 4
241 356 40
66 336 81
146 387 6
256 371 92
76 310 65
190 226 63
282 478 20
319 382 67
235 360 75
270 317 47
27 67 14
148 220 80
319 468 14
147 471 22
36 460 44
407 485 33
291 463 82
234 421 17
197 415 13
35 136 21
318 371 7
336 435 95
253 296 65
31 261 22
41 71 53
14 435 31
31 415 3
12 269 87
64 85 70
70 381 54
45 188 7
111 287 46
276 355 83
145 302 78
84 353 51
190 222 35
58 376 9
244 470 79
43 163 32
72 129 57
133 319 29
321 470 31
111 422 70
40 144 29
107 213 18
73 211 32
429 460 5
175 268 92
102 424 38
273 431 37
282 378 28
33 193 30
162 333 27
10 28 17
358 448 91
246 410 73
161 400 42
264 341 100
124 404 8
182 255 64
212 282 55
236 282 64
33 303 31
291 498 91
388 454 82
335 446 28
345 347 11
136 478 17
308 494 11
362 363 33
248 249 2
247 440 67
124 257 78
124 450 6
384 434 8
207 329 6
285 352 25
150 494 22
175 476 49
343 354 7
122 245 72
48 208 29
203 208 24
101 161 92
68 270 17
157 443 79
243 396 53
84 238 26
111 284 88
105 259 90
24 73 14
187 319 85
82 321 25
17 453 60
127 472 39
28 238 97
218 341 93
32 47 82
4 9 28
423 473 3
175 497 24
93 428 46
60 422 93
177 478 41
35 349 30
357 469 37
397 455 83
313 388 78
90 252 25
388 439 98
173 188 74
197 218 81
1 404 38
41 369 45
314 376 77
161 171 90
38 381 57
49 330 36
158 280 33
71 215 45
235 306 78
108 397 88
36 388 87
40 340 11
88 282 45
189 412 27
106 329 98
234 469 96
0 282 6
110 273 59
241 371 52
248 300 13
35 75 34
81 383 71
54 266 39
142 368 78
9 472 97
229 483 43
251 352 50
345 392 17
219 319 97
166 259 49
288 474 15
104 301 52
41 359 18
270 328 66
20 208 69
100 203 23
12 351 40
356 439 95
27 42 38
140 334 70
187 220 17
250 461 35
444 467 9
128 434 94
324 399 21
246 396 88
308 469 53
170 220 78
210 353 82
282 337 61
25 162 61
17 94 35
5 61 61
60 129 74
62 111 81
120 229 94
285 349 74
279 309 78
338 384 98
176 302 74
304 418 75
57 256 17
113 406 23
135 367 28
275 413 45
79 215 5
213 491 55
210 231 98
186 364 4
46 160 77
474 482 93
13 330 7
286 350 72
220 348 72
2 14 74
174 362 83
91 275 97
2 358 14
132 142 19
58 439 73
324 482 94
26 143 5
483 494 22
99 431 51
90 496 1
360 444 25
134 343 18
93 371 94
406 444 74
180 328 70
369 379 55
109 180 3
308 311 76
341 367 41
219 310 93
313 460 38
127 161 58
86 429 12
182 316 72
220 344 83
80 176 65
360 483 27
55 95 99
273 334 64
146 353 58
175 189 73
4 215 4
225 498 1
200 331 67
266 323 36
259 467 20
92 413 32
388 493 13
35 378 78
48 183 49
300 377 52
123 140 78
126 401 33
122 427 59
260 447 32
143 159 21
225 487 82
116 191 98
226 463 69
5 495 98
393 486 32
113 284 58
43 470 46
391 446 5
183 247 11
206 304 94
24 230 27
96 157 96
299 479 68
281 482 97
137 383 12
147 299 72
38 479 54
50 188 5
257 446 88
37 393 82
343 363 29
208 265 55
234 384 69
297 411 11
79 300 5
271 421 89
408 493 30
209 316 64
243 312 66
74 388 79
85 363 48
154 302 7
74 329 62
200 292 27
17 207 22
122 167 53
223 472 20
17 351 90
287 337 27
295 328 87
112 414 79
114 389 48
266 403 59
124 462 58
95 463 3
25 498 58
319 361 31
11 30 31
291 360 67
17 27 20
309 321 41
334 446 49
42 404 66
108 402 75
22 146 15
119 371 2
40 210 99
358 360 38
214 270 34
236 286 81
121 327 98
220 289 80
112 249 42
71 164 21
126 306 38
341 368 76
280 293 94
45 449 98
403 463 62
100 336 10
98 104 17
186 465 45
135 305 49
406 416 53
106 311 81
209 379 57
327 402 73
56 483 23
377 422 89
64 255 49
356 463 64
277 389 89
237 489 10
113 337 95
231 284 66
362 427 46
364 455 54
315 374 91
48 371 16
395 439 14
155 329 27
127 271 16
9 42 69
118 219 48
312 494 100
120 389 45
318 444 74
212 348 63
135 431 91
288 400 17
261 326 79
376 442 95
94 373 12
17 270 15
169 315 78
75 478 23
213 278 41
352 447 11
139 392 17
183 291 40
256 375 62
382 484 50
50 60 78
265 416 90
298 372 43
74 163 1
270 420 41
436 484 3
72 361 36
163 221 36
164 327 60
28 120 15
136 333 91
202 480 71
51 71 48
10 351 79
31 294 34
290 433 21
19 399 32
273 445 45
330 447 17
447 493 95
277 350 51
176 259 76
55 384 8
337 365 72
284 366 98
5 431 28
305 312 100
173 226 42
149 233 76
43 379 6
3 121 52
215 338 83
222 293 36
108 268 73
263 403 60
146 409 27
154 409 46
302 416 2
50 93 15
322 434 47
68 492 30
214 356 6
45 100 30
168 447 81
0 456 65
98 350 59
182 372 4
182 434 93
28 430 67
438 488 87
15 477 56
108 264 66
49 403 34
24 362 78
99 203 72
129 220 81
144 426 71
126 230 77
81 143 98
158 444 41
158 386 21
182 395 24
77 85 87
401 451 84
199 363 40
78 284 71
159 376 35
90 333 14
52 346 36
21 260 33
255 441 52
23 282 86
269 464 78
35 491 90
83 198 56
64 295 62
187 228 81
98 387 69
216 329 86
238 480 66
48 449 17
65 315 35
48 199 76
20 184 9
85 280 79
67 368 49
15 312 19
157 184 51
141 282 88
256 464 39
175 383 77
196 440 59
221 471 31
355 434 68
36 318 23
264 396 38
147 171 86
6 61 57
43 200 95
102 269 28
289 413 74
375 491 26
42 272 85
72 499 5
125 369 1
153 424 56
139 165 39
82 339 88
291 456 85
109 171 60
92 203 45
120 374 12
295 452 90
488 492 1
152 369 88
93 217 77
189 318 12
13 155 84
46 217 22
30 31 2
141 151 56
45 176 54
94 416 64
287 446 22
209 250 13
148 179 90
126 382 2
193 475 39
242 402 67
22 393 73
56 336 60
74 354 48
408 477 97
96 162 77
53 415 72
175 364 51
340 443 23
181 491 42
132 427 21
169 248 35
121 194 8
144 483 22
9 86 100
281 407 32
70 192 68
168 453 8
219 451 21
163 410 53
144 490 65
97 101 14
19 465 63
361 464 69
84 286 32
19 223 21
0 108 34
191 273 8
136 198 94
372 431 4
186 203 58
117 436 93
39 278 30
71 145 38
320 387 6
183 271 42
89 316 7
125 283 63
267 422 93
93 171 65
94 150 17
355 487 55
125 241 44
151 436 69
78 84 53
106 332 38
201 273 31
45 53 37
256 499 42
59 253 3
22 420 44
59 427 9
83 146 16
27 162 37
23 206 2
188 197 49
262 324 34
253 263 5
198 272 95
366 389 99
176 220 65
76 209 32
332 400 68
332 347 47
150 414 27
54 222 49
268 307 69
44 214 38
110 192 4
16 450 17
31 423 78
241 314 97
9 483 47
50 374 72
159 409 98
66 286 25
312 383 99
238 467 36
45 128 94
302 432 31
167 244 58
30 230 76
222 449 5
96 166 95
44 107 23
132 437 76
204 447 81
298 428 19
380 392 17
0 317 69
181 195 97
36 367 77
118 253 5
215 360 20
11 244 65
28 368 51
310 349 32
85 428 46
113 236 49
28 464 26
82 204 55
448 454 41
387 423 43
255 298 79
3 312 55
68 313 87
393 423 17
355 494 94
212 319 6
107 172 91
296 415 2
308 472 4
128 445 3
229 376 56
233 318 34
297 414 38
284 469 53
121 374 95
284 440 65
358 485 91
134 196 45
141 385 27
75 206 88
170 222 31
13 468 49
55 246 10
55 440 80
20 364 100
189 238 79
288 420 5
120 155 76
125 365 88
48 319 8
101 393 3
41 109 60
187 344 28
85 227 13
283 361 35
107 228 89
85 440 50
18 289 21
24 487 8
177 485 46
147 409 10
139 458 82
30 83 31
186 498 54
86 366 10
126 446 55
383 425 43
201 324 46
154 425 90
388 404 20
30 204 16
320 463 91
326 357 10
179 448 79
139 395 89
185 385 36
18 88 98
252 482 66
71 228 9
296 379 90
83 348 93
78 494 54
88 418 43
93 393 76
308 330 34
277 386 69
135 226 23
131 358 23
282 371 6
118 247 41
105 138 94
459 495 83
101 413 75
417 480 25
6 192 49
328 426 56
451 467 46
372 379 95
116 481 71
177 317 43
331 449 47
218 269 86
325 382 30
304 389 86
357 417 12
45 236 3
33 266 75
161 498 98
282 380 33
121 329 70
464 492 6
225 384 31
66 269 36
314 350 2
2 222 77
37 255 52
240 313 14
56 249 43
85 418 57
16 188 7
74 266 60
109 190 9
144 234 47
20 339 47
328 411 4
267 444 93
320 323 65
304 428 38
220 314 37
172 244 95
28 492 71
15 260 65
53 345 70
178 264 68
28 112 80
306 374 32
46 183 22
299 363 3
230 440 98
307 457 59
397 403 89
22 161 21
33 129 77
124 339 20
408 449 29
331 479 80
265 319 60
487 495 21
155 299 73
152 413 52
155 284 75
36 92 51
153 163 49
170 450 90
236 271 38
228 430 85
223 454 65
13 313 8
350 485 41
418 453 66
183 244 4
241 409 45
83 285 56
196 284 85
74 433 78
178 179 44
233 404 88
194 212 74
78 361 81
72 468 56
1 83 39
407 450 92
117 148 13
104 127 78
16 59 19
30 347 98
29 251 78
238 300 67
163 247 12
308 317 35
264 335 79
36 282 26
342 345 10
239 309 60
130 273 17
96 224 96
128 488 85
15 32 61
260 333 100
445 453 33
136 415 85
143 467 3
81 352 2
39 379 23
416 450 48
108 472 33
87 269 78
75 235 5
163 427 43
12 133 23
477 480 25
20 111 72
124 465 75
47 163 2
185 253 4
200 442 24
281 474 14
318 325 96
279 281 82
68 143 88
125 396 27
122 136 82
400 450 71
179 356 68
153 355 10
337 490 31
437 444 82
158 472 89
81 278 19
244 275 9
39 48 60
195 434 4
352 383 18
141 336 59
145 265 43
274 496 90
145 449 16
63 167 58
202 234 99
54 332 42
33 44 20
117 156 87
25 365 59
15 184 97
85 219 11
295 437 43
254 258 14
294 433 77
173 175 39
131 469 70
81 497 20
120 317 16
113 434 29
102 456 65
472 493 22
225 462 75
242 422 99
16 122 59
378 394 78
60 493 82
134 214 22
249 418 82
145 313 25
149 405 81
192 206 74
125 390 83
222 417 8
49 224 56
108 113 12
274 377 48
284 448 61
98 176 95
138 213 73
166 465 16
454 472 85
162 200 8
403 437 40
80 140 81
22 123 3
63 215 73
157 180 42
4 305 13
330 332 90
268 356 96
59 190 29
0 465 27
212 382 13
260 438 44
220 258 75
9 162 30
122 467 70
11 201 86
101 108 52
105 179 41
74 391 62
123 296 25
336 378 1
157 332 5
86 443 9
171 410 1
28 188 34
50 498 41
233 435 73
363 473 22
199 428 17
391 493 15
132 499 28
102 315 34
209 307 24
215 474 22
137 444 83
385 417 63
134 219 1
331 463 73
61 178 96
383 429 74
58 162 62
163 342 92
381 405 10
142 487 99
333 475 2
80 98 78
125 326 66
149 225 94
19 54 87
258 440 18
283 285 89
40 50 85
51 137 37
85 431 92
15 145 41
76 283 33
425 445 45
69 357 36
363 499 47
38 259 46
176 396 86
198 282 85
257 318 24
303 469 24
59 200 82
22 83 18
75 416 19
364 445 60
199 475 79
62 288 77
439 472 50
159 345 47
268 399 68
345 467 54
150 286 90
23 276 92
139 155 44
81 432 59
364 393 14
84 468 63
14 308 7
193 445 33
378 383 10
41 349 86
230 439 46
282 393 57
5 16 51
149 264 39
383 404 13
108 218 4
144 438 89
93 291 99
428 449 23
47 110 9
251 454 64
40 470 33
289 454 86
124 464 88
36 274 69
62 295 93
69 117 9
170 223 93
93 335 78
75 85 1
131 355 43
1 378 8
278 330 78
91 404 16
279 295 56
360 408 34
166 480 35
161 235 60
402 475 72
149 489 96
406 493 16
272 360 17
373 405 26
23 331 50
32 76 52
202 323 44
29 328 3
340 430 49
222 247 84
33 316 8
16 32 31
252 257 4
373 440 40
83 221 85
81 410 30
78 383 34
34 192 20
43 357 46
97 111 31
33 147 99
174 491 9
351 376 49
67 248 96
157 162 63
171 316 52
192 446 86
29 332 74
177 431 9
144 300 54
220 476 32
244 272 34
40 85 56
95 338 89
184 210 35
356 371 33
319 440 55
326 386 19
22 487 53
138 445 63
73 122 98
61 200 14
74 265 74
210 374 79
221 458 76
408 492 27
15 147 47
220 316 92
12 474 89
415 434 56
220 329 63
244 252 17
3 353 14
23 457 57
133 328 54
315 326 11
255 256 18
108 330 17
185 435 60
28 366 79
74 341 83
8 412 66
234 349 62
70 462 45
348 364 54
60 348 45
150 497 21
276 423 49
294 462 31
45 245 52
158 162 46
47 462 51
37 261 6
58 382 72
140 373 16
40 200 98
47 104 97
148 151 29
2 176 27
26 182 77
62 239 6
275 375 13
473 481 10
191 459 50
123 392 94
25 317 52
393 444 81
194 382 6
246 294 13
216 361 61
271 434 63
19 52 40
261 325 56
127 130 89
230 237 64
124 126 52
45 186 49
58 495 38
12 297 59
157 373 73
154 334 18
63 133 53
277 492 54
107 371 16
30 297 12
195 485 89
121 445 88
115 367 89
7 434 28
69 286 6
18 135 63
300 400 78
36 86 52
234 375 85
133 289 15
7 75 51
127 498 42
5 340 12
108 400 35
16 108 6
237 476 20
93 467 79
136 186 26
309 315 32
184 329 74
15 161 67
90 205 21
116 221 22
159 233 21
428 430 100
111 258 35
265 491 84
293 489 54
46 467 71
261 306 2
68 128 100
32 184 95
105 220 70
108 356 9
126 416 94
293 495 47
13 325 13
96 101 7
126 293 35
208 274 23
195 497 96
60 282 22
138 274 41
146 364 2
393 398 69
31 316 26
114 240 25
116 400 47
179 260 12
381 389 16
401 410 15
205 496 28
7 213 16
235 445 100
420 488 98
240 428 95
463 494 66
94 222 76
73 217 99
26 76 27
244 485 75
78 461 87
56 355 59
303 398 52
16 125 72
71 346 77
8 460 13
160 278 33
424 482 72
329 490 72
147 231 94
24 252 32
37 83 59
215 352 7
333 460 23
65 497 96
20 493 19
195 423 40
220 295 31
426 433 91
93 230 22
449 490 10
67 266 22
171 296 36
35 409 82
44 413 80
16 51 56
116 300 30
213 435 80
60 295 46
107 402 84
53 237 69
79 194 88
84 147 46
107 181 87
116 412 41
364 425 49
81 366 55
23 46 99
139 479 28
215 231 70
9 364 40
22 314 13
238 252 72
52 116 83
61 145 47
142 412 23
282 356 27
204 341 88
81 354 56
16 328 77
72 420 31
165 247 95
146 312 35
24 53 48
351 477 65
236 313 33
32 345 76
280 347 55
18 244 36
272 314 52
75 248 8
183 196 23
240 242 91
270 397 10
402 460 39
4 381 32
91 114 18
53 320 60
311 483 98
66 445 15
376 477 95
91 445 68
229 260 40
156 358 82
127 346 17
145 442 100
4 406 91
87 140 15
204 397 44
64 313 55
164 401 33
71 444 81
175 232 56
120 449 82
25 433 4
15 403 39
15 218 53
105 421 36
201 400 33
381 451 36
263 437 60
53 217 9
16 167 45
55 193 91
320 479 26
355 437 94
306 412 19
207 246 98
180 425 11
309 464 67
368 463 40
323 485 58
238 326 27
79 170 98
255 340 17
264 462 69
77 297 13
224 464 90
176 250 2
250 427 30
297 444 55
230 349 78
91 444 14
156 497 9
96 442 87
103 174 63
105 121 78
133 419 59
6 249 21
290 461 85
37 328 44
43 489 17
334 389 5
1 459 57
45 281 18
267 409 74
263 459 35
8 449 23
25 101 86
218 317 94
9 129 47
170 210 35
11 126 88
67 486 80
219 471 17
272 369 72
118 217 54
223 251 21
355 411 59
184 448 30
413 498 37
388 389 41
206 463 91
323 378 17
166 333 95
259 465 26
13 398 78
138 320 23
133 251 92
101 123 92
370 445 98
451 454 66
92 243 33
280 388 87
167 488 58
14 266 83
8 290 41
113 425 6
335 418 34
68 119 31
258 353 17
322 394 95
143 373 58
206 403 9
204 306 87
152 292 34
123 473 76
52 167 65
285 456 58
273 464 29
8 102 20
60 83 24
150 331 54
147 332 82
377 395 44
305 446 44
190 228 40
395 405 94
286 356 78
80 111 14
249 411 100
155 173 63
207 349 4
20 244 57
33 319 75
319 390 59
263 489 94
367 412 6
255 277 98
300 390 74
52 411 35
210 337 72
253 391 99
103 201 59
188 213 96
1 207 84
277 419 76
244 257 5
37 235 23
20 197 29
47 447 63
160 386 69
180 251 26
159 359 54
366 422 65
76 282 45
102 341 44
133 344 78
114 289 22
147 365 40
158 237 51
113 312 57
98 409 9
354 358 80
212 277 91
135 390 70
346 484 10
139 243 69
290 446 24
40 165 30
48 167 4
138 150 19
63 241 67
209 367 6
182 378 94
227 236 21
31 199 68
186 328 14
10 443 51
81 327 21
186 482 24
155 179 29
382 388 63
84 303 100
18 497 37
55 425 76
147 469 41
220 358 23
322 385 35
102 146 47
351 475 67
225 430 39
16 27 23
308 383 12
140 444 34
283 491 77
213 288 76
167 191 8
125 261 76
52 58 86
56 117 7
92 188 56
217 430 46
63 89 100
196 250 99
124 376 40
101 299 3
231 375 82
268 413 21
119 283 73
55 367 73
100 453 87
434 449 37
93 139 44
449 469 65
337 413 44
132 159 1
44 52 78
74 105 66
224 497 98
23 149 52
92 342 82
37 414 53
32 182 94
99 139 44
15 322 12
365 397 19
341 456 77
50 411 7
369 442 95
222 342 59
138 288 37
22 284 23
21 396 61
71 472 94
86 132 6
173 454 57
146 259 78
79 348 63
41 448 87
258 456 12
74 383 20
19 298 75
334 463 18
111 439 13
109 176 62
107 164 12
130 430 17
358 465 41
95 237 45
284 326 21
118 138 59
114 346 35
63 491 21
301 493 64
127 499 91
326 458 42
28 354 98
261 460 38
39 156 50
85 156 13
256 483 18
353 393 20
41 126 65
17 459 36
226 443 37
360 374 5
68 284 29
112 383 100
20 357 57
0 281 9
116 213 60
354 360 8
469 475 92
155 359 10
109 390 65
392 498 41
90 274 97
26 220 31
269 391 11
262 471 91
190 477 32
77 277 78
348 390 46
71 110 90
139 156 12
343 461 52
283 441 26
366 428 55
361 365 76
136 294 100
201 314 1
272 390 43
275 449 76
9 271 12
49 471 66
29 461 44
53 397 67
155 241 86
68 467 11
419 497 79
117 152 96
210 296 9
255 488 93
85 244 29
218 488 7
143 379 11
179 389 80
177 372 95
270 439 40
268 276 32
193 211 41
241 415 44
167 172 56
55 268 83
432 460 56
34 224 28
20 285 40
94 482 28
10 85 37
26 254 90
27 244 18
69 231 26
26 36 41
475 486 12
296 411 59
254 262 64
95 319 10
168 369 6
39 292 45
69 205 3
95 307 89
337 495 36
3 172 9
162 473 53
21 341 32
45 184 58
277 329 94
90 348 83
241 258 50
320 490 5
352 414 4
114 184 65
12 146 66
28 350 31
204 214 36
208 234 82
309 356 17
370 492 71
10 176 80
357 459 13
19 78 49
102 489 12
179 254 33
135 216 16
15 453 53
32 261 30
384 456 62
108 220 74
167 280 32
183 240 10
295 310 5
106 237 8
32 131 34
354 473 5
207 257 5
90 379 6
292 337 61
25 294 64
200 383 59
1 279 13
238 316 19
331 477 52
179 216 94
284 380 14
6 325 88
23 68 24
67 408 99
79 238 19
250 324 25
140 327 6
90 239 35
31 460 49
183 253 69
133 403 24
136 223 99
215 478 32
341 448 7
42 482 95
47 141 27
343 381 95
38 477 43
131 250 8
442 469 63
109 168 97
135 450 39
242 374 41
73 84 12
196 222 100
232 498 87
58 228 5
100 165 14
60 318 79
160 184 68
190 225 49
435 485 90
1 263 15
134 181 99
341 397 11
141 303 15
37 494 45
131 329 49
82 182 35
28 289 88
363 477 71
145 321 27
349 398 21
31 309 85
334 362 65
209 317 67
312 316 64
42 137 38
223 347 92
292 354 96
228 449 11
138 281 37
2 125 63
108 342 3
277 424 51
16 191 10
160 349 14
128 444 70
49 338 97
102 264 15
224 378 80
361 427 52
285 292 37
122 307 98
40 207 2
90 412 73
25 69 40
377 446 46
77 144 12
219 460 80
353 434 66
423 447 36
143 195 38
118 311 60
170 403 70
14 231 78
163 249 57
127 196 78
324 452 49
35 467 70
226 406 73
108 290 77
130 354 21
2 45 9
150 199 16
75 97 26
147 154 1
226 499 82
10 11 94
415 455 49
321 391 84
235 244 67
27 72 82
0 493 58
37 389 2
230 457 16
18 326 66
317 360 13
419 495 2
113 386 61
161 401 37
193 331 69
78 440 3
81 376 26
200 398 8
20 490 88
91 97 55
320 457 88
369 471 83
73 135 19
75 435 78
347 477 14
387 457 77
241 272 89
332 353 94
244 292 48
213 291 42
278 337 97
308 427 50
113 360 43
51 482 44
55 396 94
174 366 55
165 414 50
214 399 97
200 293 86
60 142 42
200 254 73
427 489 41
16 186 69
97 161 75
14 363 96
256 266 94
60 405 85
137 220 42
180 242 55
346 448 65
232 258 77
444 465 9
5 249 46
157 306 86
207 455 84
52 108 79
45 130 23
193 336 17
24 495 83
256 479 3
17 316 75
11 265 54
76 185 18
306 387 63
173 252 97
176 237 92
74 207 53
30 491 57
94 135 87
96 202 82
289 387 15
151 427 93
174 264 53
55 417 9
392 401 69
120 188 49
38 436 20
171 191 49
144 249 16
402 471 9
22 164 21
11 238 21
21 319 80
280 296 92
10 151 15
266 464 30
180 408 14
291 408 35
64 499 25
175 445 15
103 121 80
28 389 27
255 371 5
340 375 87
3 337 88
126 434 41
136 237 9
408 472 53
206 276 26
176 484 12
65 271 22
211 267 5
42 490 27
207 454 3
240 415 18
322 486 62
82 96 33
193 317 59
276 463 39
104 305 99
339 462 63
331 408 21
2 4 63
203 462 44
262 275 5
55 471 17
9 318 9
116 406 51
45 444 12
88 104 85
49 78 1
264 466 55
144 356 49
57 340 25
20 417 54
110 179 86
74 476 17
33 341 70
52 99 80
50 381 61
29 40 76
111 113 30
266 434 47
70 279 80
176 387 73
87 392 1
309 342 53
36 108 56
230 406 14
51 242 85
62 282 43
15 409 14
72 479 79
25 82 83
61 236 67
4 56 80
60 443 82
303 472 61
24 443 76
217 242 19
310 494 63
199 228 80
59 496 45
106 211 15
65 114 84
142 245 26
373 443 11
89 125 9
37 478 44
122 366 19
381 382 90
3 390 40
123 342 44
21 203 64
283 435 52
44 223 87
21 68 29
362 486 56
27 184 40
148 333 22
260 372 98
131 310 10
308 487 38
314 472 32
260 329 55
84 300 2
149 388 73
111 331 14
29 429 78
95 363 72
109 279 81
145 223 19
344 438 6
417 464 48
39 161 92
23 387 71
269 308 67
196 453 8
60 485 13
215 287 39
102 452 77
356 381 64
77 342 98
288 351 2
370 395 11
124 242 59
257 363 7
123 440 30
26 268 87
26 161 10
139 189 34
4 49 76
62 87 20
318 332 17
187 194 38
260 468 2
113 488 41
110 168 20
78 304 16
86 146 40
276 328 40
190 351 61
188 269 3
219 433 97
259 419 100
171 403 26
363 404 4
305 447 22
226 262 85
340 363 16
182 262 93
87 383 10
104 132 100
309 348 77
95 176 75
232 415 69
286 381 23
299 301 4
78 416 74
84 388 18
186 300 59
224 402 24
227 361 39
334 485 17
79 228 51
201 253 24
318 406 5
295 476 31
259 322 3
25 370 96
193 240 61
188 221 71
20 218 52
35 364 98
146 428 68
21 224 42
316 342 87
8 466 57
298 323 36
87 226 40
62 303 36
177 497 64
380 484 74
11 459 90
364 415 73
16 321 14
42 315 15
63 334 16
425 454 33
32 316 35
396 401 13
205 452 42
241 343 42
25 224 99
113 132 35
209 235 84
153 447 38
275 299 54
168 488 69
210 479 53
16 244 55
304 393 70
79 411 69
317 419 51
388 393 44
246 485 74
38 464 43
16 276 66
272 423 93
163 481 2
123 299 100
162 255 80
71 361 38
355 407 95
312 394 21
258 301 10
199 236 30
101 472 9
6 357 6
102 125 41
7 478 77
141 230 19
78 153 86
269 451 14
246 363 52
472 489 32
134 281 79
54 485 12
139 211 34
109 346 94
75 263 12
174 398 70
39 388 98
45 371 77
118 414 61
107 497 9
143 290 76
65 370 19
107 394 61
64 111 22
240 433 82
77 159 47
147 449 21
91 152 84
232 235 19
240 453 98
341 372 9
13 428 1
114 301 86
203 258 90
189 265 65
313 317 82
170 288 27
252 415 5
283 437 9
98 162 26
216 467 20
277 461 23
190 319 97
370 402 76
151 300 10
30 225 74
46 92 95
83 126 32
187 219 68
154 315 78
261 429 89
245 291 95
250 439 71
5 462 52
83 437 31
64 154 85
81 135 69
413 440 12
109 281 60
209 493 20
189 395 58
36 148 89
22 370 78
216 262 43
0 276 8
261 380 79
60 208 74
139 413 17
325 484 57
95 412 56
89 495 86
236 297 33
369 479 71
62 442 19
102 376 34
402 412 22
219 394 53
89 134 39
163 298 7
405 490 69
49 454 54
50 55 21
2 452 45
92 174 9
64 399 67
136 420 36
309 417 20
5 359 54
368 393 62
175 473 85
116 265 28
60 408 60
95 288 9
62 496 43
2 108 50
218 219 7
33 127 46
112 252 35
172 336 27
113 349 83
16 307 57
62 343 50
412 443 46
260 284 36
385 432 1
138 267 66
142 393 56
289 308 53
1 331 78
78 372 25
34 187 12
114 227 52
143 314 52
270 320 99
74 323 69
145 195 14
332 497 41
25 493 26
13 182 73
259 442 5
94 134 80
467 468 40
34 98 3
331 414 39
141 419 50
119 413 54
321 381 83
208 465 67
287 422 18
32 463 33
322 433 68
80 292 10
61 476 43
17 188 23
175 354 3
296 308 75
381 445 9
14 303 41
127 138 7
52 459 11
82 216 78
31 237 25
13 108 57
300 393 43
24 225 74
168 299 95
76 201 60
37 151 46
57 70 22
97 261 6
456 485 61
287 390 10
51 235 53
341 422 19
256 425 27
85 213 8
323 427 98
72 310 34
31 392 41
237 495 27
95 225 34
102 453 12
168 398 77
306 430 54
54 462 24
89 197 54
99 130 56
26 318 99
275 304 42
154 237 64
148 341 93
2 47 97
99 366 64
54 385 16
51 184 90
114 428 82
218 491 42
112 179 58
191 437 44
13 38 93
68 267 53
276 399 86
54 64 79
127 434 3
113 341 48
127 283 73
407 425 58
260 433 33
370 491 10
108 479 19
269 499 41
111 160 39
23 185 18
238 257 82
223 339 45
193 306 88
43 311 100
280 498 17
283 329 47
210 259 65
73 186 95
82 196 96
1 198 68
395 437 63
6 144 50
392 487 4
317 480 75
85 485 5
36 420 37
90 157 79
307 426 82
241 347 89
59 92 95
259 397 69
63 364 90
256 292 91
425 439 81
267 357 27
401 413 42
87 107 89
27 493 64
67 473 72
90 327 9
245 302 100
137 392 15
151 211 97
320 424 39
176 475 79
148 338 68
91 357 88
153 327 43
362 457 50
41 485 85
197 211 17
216 428 24
5 91 84
60 133 6
426 486 85
68 373 19
328 435 18
71 287 36
366 461 18
217 397 60
103 139 78
10 67 63
393 400 35
18 198 17
303 486 6
144 422 9
234 261 86
229 426 88
206 365 37
212 391 61
288 429 99
158 410 81
325 478 26
127 435 10
58 220 99
116 211 66
265 454 23
344 361 49
212 325 61
272 494 1
0 255 23
418 457 85
8 392 2
123 345 26
298 457 83
46 104 76
43 79 13
12 267 60
182 383 33
84 274 18
52 286 95
25 290 13
70 315 93
22 387 92
4 120 75
45 247 85
369 481 36
132 267 31
304 349 96
1 237 21
261 283 85
189 465 75
207 385 15
107 275 21
217 420 5
37 263 12
198 369 81
275 486 29
314 377 14
107 112 12
267 475 45
269 498 94
68 312 90
70 428 79
5 235 99
97 409 19
147 246 71
98 114 96
229 233 92
7 286 78
190 392 1
229 410 94
190 375 7
18 435 96
264 475 31
8 166 94
265 350 39
70 273 55
364 490 45
51 57 84
289 456 67
112 312 77
259 314 51
165 273 16
256 441 65
91 176 94
300 480 25
129 245 17
103 432 72
372 486 69
110 382 60
0 19 74
42 206 34
124 169 47
156 181 4
199 222 11
117 280 1
24 215 55
145 160 44
191 281 86
118 305 58
35 455 67
147 229 1
225 364 14
1 477 100
15 461 95
337 415 89
12 143 13
188 405 30
43 428 92
306 481 28
216 239 97
285 339 75
236 261 90
362 467 62
214 302 56
369 389 52
69 181 86
231 309 48
430 474 75
259 331 5
19 106 90
329 476 100
278 371 37
78 184 43
135 194 21
41 244 29
48 123 30
99 142 92
80 345 31
359 491 90
160 337 47
131 483 40
297 485 74
110 481 80
203 456 88
123 215 97
375 377 32
72 233 57
34 137 94
215 400 64
145 421 48
147 392 19
214 248 75
82 118 53
122 445 15
10 447 35
231 371 7
214 328 71
216 399 36
142 348 28
8 294 50
206 385 52
19 487 98
223 262 9
164 444 18
126 341 43
260 436 20
368 425 27
109 273 59
168 225 4
72 158 21
458 480 79
77 136 40
365 479 25
237 430 68
311 495 97
129 399 3
79 254 52
19 178 47
158 249 61
101 259 36
385 407 42
424 472 85
35 207 24
296 444 19
399 473 28
314 481 31
48 186 68
179 199 1
13 113 69
119 221 83
257 286 66
337 344 73
197 201 19
155 261 19
365 480 52
215 476 98
93 262 7
256 294 44
386 494 100
80 219 54
5 38 93
35 294 98
335 467 56
235 293 23
130 317 79
115 276 54
121 358 61
14 326 3
171 194 41
99 482 62
286 344 15
211 350 20
124 413 51
458 494 40
45 347 93
127 490 99
6 112 55
385 464 44
249 378 38
8 329 7
41 249 1
162 365 16
307 468 53
131 368 86
68 291 7
50 157 53
50 186 95
218 287 92
100 377 29
325 468 25
421 460 44
352 370 69
149 207 95
132 497 35
306 415 32
47 115 19
5 96 45
222 237 21
174 466 98
11 302 39
232 316 55
18 483 19
34 221 32
201 436 68
69 114 24
177 404 85
395 475 50
48 105 53
69 169 80
177 386 73
3 185 31
274 374 92
213 305 40
264 364 94
47 137 62
143 211 63
208 307 81
23 348 67
32 388 18
367 432 83
29 35 85
357 391 8
308 343 3
333 450 28
198 378 27
182 211 47
82 262 12
35 429 78
385 497 12
276 435 92
44 85 25
22 89 24
25 197 66
32 49 100
475 483 69
17 86 25
80 183 87
0 215 48
62 236 91
27 410 89
18 204 79
198 199 13
85 117 20
130 247 14
66 476 54
73 262 93
81 367 1
119 305 30
71 302 48
186 331 29
102 167 73
227 342 76
23 256 25
6 57 63
117 154 14
213 412 39
346 447 31
154 307 55
17 429 40
20 243 79
288 485 66
106 226 11
169 499 26
54 318 46
102 156 88
15 397 69
258 273 4
105 301 22
97 405 78
209 482 16
216 309 44
342 413 11
9 134 65
248 376 18
183 412 16
406 459 57
34 444 45
388 478 8
34 278 72
224 349 94
45 492 86
414 464 34
145 200 72
387 482 74
88 236 69
69 372 90
386 463 14
134 289 100
46 477 99
294 394 45
198 429 71
48 445 61
242 453 32
254 469 73
185 392 53
34 74 75
138 347 73
154 161 2
1 419 45
31 122 98
8 462 98
301 494 45
29 432 49
75 109 9
89 457 65
112 148 52
103 308 68
207 498 86
373 418 86
22 339 33
155 327 96
374 399 59
30 132 89
190 371 6
31 161 80
187 448 89
110 479 43
276 485 11
216 431 76
201 348 93
359 366 61
5 454 18
373 472 7
417 459 33
2 306 17
135 218 88
140 392 48
228 375 99
202 396 43
162 208 66
102 496 6
135 166 29
156 381 32
188 476 70
305 388 32
256 467 32
108 174 2
195 341 93
292 410 49
126 226 62
128 476 16
396 490 33
90 423 27
48 79 55
207 279 55
97 487 38
9 454 78
237 260 55
266 371 3
383 468 4
284 422 69
270 296 37
67 360 6
259 405 65
26 398 65
357 405 77
89 213 24
101 148 44
250 301 17
252 360 60
459 485 21
182 232 17
49 146 34
43 339 96
153 307 26
166 324 96
142 192 19
279 332 12
26 258 32
245 407 100
307 361 69
4 195 22
13 268 1
127 394 6
169 174 73
179 296 49
246 263 85
25 275 27
226 425 51
311 393 20
86 495 5
78 254 11
326 364 88
342 444 99
33 70 97
412 437 85
243 457 78
99 169 64
313 354 75
20 230 11
20 268 85
237 329 13
67 216 37
106 187 76
80 349 24
406 426 3
45 396 40
484 488 29
356 452 27
207 250 86
44 45 10
221 475 3
370 457 23
195 255 62
132 444 18
176 234 36
308 309 67
126 188 78
187 450 41
235 262 19
219 447 7
330 389 13
448 490 33
24 54 22
126 237 71
135 324 75
64 109 14
136 297 96
139 271 43
19 311 57
93 210 68
89 234 13
153 365 36
369 411 85
4 116 66
94 385 40
186 418 81
443 499 34
39 116 47
124 407 2
428 497 31
27 328 1
296 312 32
140 280 49
137 217 26
67 142 57
405 477 93
169 211 95
228 272 17
241 397 2
233 314 48
0 461 13
146 270 81
335 343 26
73 190 1
123 490 49
419 440 13
80 449 11
11 283 32
30 290 17
189 272 63
296 341 2
294 482 53
126 480 25
151 253 15
73 477 28
390 400 81
90 119 75
87 133 40
12 457 67
244 344 50
39 181 45
206 263 43
334 432 54
279 413 6
264 301 6
348 446 79
162 300 63
63 458 79
69 81 97
288 296 58
83 209 75
8 127 54
223 381 21
24 25 42
309 476 13
89 251 93
319 436 20
204 302 29
125 126 9
126 393 71
51 286 14
372 474 73
192 385 17
110 432 62
82 420 55
57 371 35
8 467 78
108 204 32
19 61 20
77 381 15
384 451 20
124 281 12
8 306 47
143 185 81
183 447 7
462 472 36
146 416 50
40 152 51
226 330 22
190 472 32
146 375 66
158 421 66
180 347 2
3 285 17
140 418 40
20 202 32
63 366 36
66 363 51
128 256 32
170 227 84
232 493 50
258 403 39
157 392 40
89 170 72
23 186 82
332 352 48
261 276 94
80 106 41
63 426 30
371 448 20
164 419 61
86 177 12
90 246 33
150 368 18
187 205 43
31 374 9
4 326 31
277 450 40
96 488 21
205 319 57
77 305 11
146 265 31
1 25 27
380 486 91
68 237 44
395 468 33
69 258 61
139 484 21
109 198 40
313 412 52
181 305 51
63 179 100
235 378 50
101 365 89
186 201 9
170 482 64
105 264 56
76 98 70
248 355 94
415 422 28
90 271 40
73 202 24
319 486 38
117 480 52
46 372 48
294 372 36
376 434 21
167 460 10
154 427 56
23 362 56
24 262 51
155 268 17
75 292 58
301 343 49
124 139 82
12 391 72
21 294 41
36 431 43
187 413 11
432 449 19
349 499 60
15 109 31
131 462 99
56 59 89
32 266 78
72 417 42
166 249 2
291 377 24
121 321 17
324 441 79
197 203 60
21 387 26
197 428 60
185 455 96
25 200 67
310 327 32
267 355 78
128 136 79
165 484 53
309 377 82
151 414 56
112 365 28
104 492 1
109 132 77
167 332 85
472 486 72
172 445 15
187 484 72
118 358 39
178 386 61
399 478 26
354 496 29
86 418 99
160 410 19
218 417 38
115 280 35
265 314 16
291 466 29
17 354 18
95 183 15
397 497 100
332 495 68
250 384 80
227 408 98
81 250 85
344 393 1
94 352 30
315 344 63
42 178 27
57 160 58
48 259 8
29 55 25
68 396 77
183 272 91
325 431 15
216 353 67
149 428 25
142 377 89
222 343 88
268 313 9
66 455 70
179 325 46
382 452 15
192 262 73
77 428 93
122 223 8
285 325 15
54 400 13
276 439 79
293 315 80
284 433 3
446 457 68
437 445 19
19 171 21
341 421 15
33 279 94
335 422 21
235 491 28
184 433 23
11 499 12
96 182 15
82 237 84
265 303 67
357 402 4
195 379 5
43 113 14
24 174 55
178 261 47
389 402 4
32 347 94
62 336 58
5 247 2
269 328 23
64 431 36
134 357 97
349 475 25
122 436 43
247 408 59
96 168 57
321 479 7
61 480 66
206 233 57
88 424 77
31 329 71
50 176 35
370 487 57
175 345 65
389 476 39
148 157 9
184 308 53
146 266 37
16 225 36
134 402 51
125 297 8
498 499 87
171 426 81
12 420 86
105 474 84
108 448 81
42 143 5
265 489 28
59 369 5
241 312 87
183 222 74
91 324 34
114 305 11
32 155 68
57 376 57
75 264 11
31 158 53
23 207 65
405 446 80
116 495 56
332 483 32
284 323 18
59 430 35
62 347 45
1 268 85
117 138 31
197 204 63
161 475 92
106 478 55
124 396 34
88 491 47
442 463 36
261 363 1
18 150 30
73 77 17
81 370 59
182 204 4
53 362 73
221 336 47
88 463 12
171 319 75
420 469 54
82 351 53
373 455 84
72 342 81
88 217 27
81 282 32
258 395 34
64 167 71
11 322 7
16 278 43
263 348 92
301 333 5
239 380 14
46 355 5
304 368 4
305 326 49
33 364 77
100 305 97
277 298 75
323 344 22
128 314 10
207 493 56
23 264 46
21 274 34
387 484 95
72 344 34
236 435 30
58 410 58
83 249 20
265 318 78
88 107 68
185 367 76
38 257 80
181 330 19
179 246 66
124 279 52
256 388 24
54 363 10
389 428 74
132 460 65
293 407 100
103 355 1
141 403 88
219 352 49
124 337 82
303 341 19
256 384 58
9 17 89
175 386 53
93 265 56
184 264 30
14 241 18
191 354 65
392 480 100
75 454 39
211 334 66
6 153 66
154 378 51
199 305 54
20 118 14
267 382 24
195 453 9
157 432 71
142 338 12
477 498 26
12 426 33
23 323 50
24 159 60
269 372 72
180 493 79
42 333 48
65 456 12
70 126 48
182 330 92
101 345 16
255 291 95
224 434 60
137 373 66
17 130 3
32 335 56
10 401 62
35 52 94
336 492 70
232 240 25
116 405 86
113 130 63
361 451 59
175 360 75
29 356 2
231 335 37
154 348 15
178 221 76
57 323 57
113 472 89
283 479 80
55 203 67
60 498 87
87 435 18
34 196 75
126 249 85
313 390 98
86 420 62
74 227 58
67 405 65
135 498 82
240 407 2
162 453 93
11 138 55
41 163 22
17 358 28
253 403 26
152 286 22
14 394 95
177 437 83
87 316 12
373 394 17
139 164 60
193 454 31
405 409 93
175 362 49
64 415 32
159 382 25
316 382 68
354 418 27
33 187 13
478 483 45
205 376 68
218 335 81
105 240 96
79 94 83
75 76 21
167 210 89
89 369 51
51 168 42
36 327 12
185 436 5
447 462 22
391 392 22
235 459 20
63 189 61
362 438 34
66 429 96
123 124 95
67 165 49
285 301 71
125 252 54
62 82 31
279 411 42
184 376 74
158 475 80
197 261 8
223 357 42
34 384 17
45 173 96
378 415 50
105 312 34
141 200 83
113 494 91
48 296 40
102 240 69
249 476 9
120 242 34
416 437 93
457 494 75
333 364 69
70 327 36
43 252 50
52 290 15
292 455 56
360 476 43
13 176 68
197 453 68
418 449 86
212 347 63
390 433 9
256 273 42
261 437 73
43 78 92
229 446 20
77 247 21
29 499 55
17 68 70
424 435 86
120 271 29
169 230 96
338 378 100
111 345 73
112 399 14
197 250 65
16 485 64
300 410 85
357 470 93
2 195 58
143 322 89
36 316 28
254 423 41
124 283 18
73 361 61
322 492 66
243 482 17
15 190 41
221 483 11
166 472 36
323 424 18
136 271 17
46 291 9
97 222 12
41 242 61
319 385 42
204 276 75
25 343 29
189 258 29
112 487 17
79 335 62
148 407 50
92 254 18
324 380 20
164 388 79
160 365 13
28 388 74
132 340 4
222 411 94
334 355 48
355 451 7
193 420 59
85 240 65
39 348 81
313 495 36
92 472 28
55 212 67
384 392 16
56 390 64
6 265 29
416 482 26
385 398 82
136 254 4
50 462 94
385 473 8
102 412 62
119 437 72
279 298 22
203 400 89
53 161 28
197 303 21
134 372 12
123 414 49
126 287 54
84 460 82
102 462 6
304 398 59
280 484 69
119 135 24
75 296 23
32 404 40
269 291 34
101 470 5
147 411 64
75 290 78
51 496 39
124 154 35
223 265 73
16 273 80
243 280 93
3 131 19
7 278 28
76 183 19
75 220 100
13 314 51
3 351 20
148 376 23
11 335 76
30 281 23
248 397 38
226 458 27
242 254 59
56 287 40
291 399 90
20 302 12
342 431 25
14 415 45
20 344 3
44 459 17
397 413 87
121 486 68
204 432 1
323 472 91
299 474 20
430 491 49
169 206 51
172 211 86
325 368 26
193 249 16
290 297 64
228 345 32
151 291 41
106 470 38
180 401 38
296 413 7
390 459 70
116 356 43
5 214 75
62 360 4
275 477 37
17 200 41
266 308 76
129 359 24
104 250 67
244 312 92
176 246 4
279 444 13
67 415 91
3 473 31
19 354 51
99 263 38
261 470 81
16 461 66
15 225 46
186 301 88
265 476 18
75 335 90
19 204 2
314 412 4
111 398 26
299 436 25
106 354 32
98 389 86
290 441 23
194 354 96
30 43 28
57 97 94
82 159 69
249 417 74
268 439 47
140 249 45
241 436 82
5 206 47
237 298 64
127 467 36
284 301 71
32 152 7
134 194 8
113 209 49
338 390 24
394 481 79
117 220 28
137 447 73
25 54 95
56 297 78
203 275 85
447 464 99
183 424 13
293 492 5
190 278 18
135 405 5
311 342 23
84 132 89
311 421 55
304 356 80
96 464 40
246 456 74
18 161 78
204 336 94
63 96 27
168 255 48
88 215 72
51 306 64
16 127 81
152 398 29
15 295 69
80 119 28
111 326 9
238 292 56
139 360 78
48 361 57
98 458 19
339 346 26
6 414 82
305 486 3
263 440 2
106 372 17
11 88 68
21 105 72
319 499 36
178 224 63
178 485 34
439 465 63
272 372 88
301 387 62
10 20 8
8 320 59
210 220 68
317 436 63
71 443 39
2 287 51
103 452 56
135 301 16
66 350 55
171 225 57
177 423 88
365 471 50
119 290 53
173 207 66
84 234 50
122 466 69
161 377 95
176 354 46
5 107 32
419 492 60
189 311 82
207 378 75
5 105 30
106 456 37
203 454 98
19 58 14
85 432 34
201 321 53
138 314 20
140 496 2
231 499 14
288 392 96
355 452 4
423 479 74
57 447 30
381 414 77
67 471 40
7 134 91
186 281 82
373 466 80
29 70 32
198 496 64
95 369 85
163 360 85
231 496 2
24 323 78
46 156 54
264 349 96
121 298 22
299 413 25
250 292 24
5 342 31
269 341 52
144 291 59
222 361 7
194 324 62
41 382 10
190 418 54
28 469 21
282 447 34
291 495 81
310 389 16
437 487 35
402 479 89
454 492 82
8 260 59
345 481 4
230 318 76
57 395 19
446 463 77
221 280 21
206 470 48
121 381 16
147 375 42
27 272 67
56 431 94
241 300 68
307 336 18
82 352 18
98 231 44
78 305 45
158 401 2
170 369 60
79 479 50
352 423 30
263 306 45
150 297 25
6 96 62
251 418 45
0 253 75
307 423 60
210 458 76
105 470 40
379 426 72
476 491 75
9 100 79
0 53 41
219 481 96
176 308 2
384 487 36
2 3 68
238 396 99
283 489 9
216 394 12
121 269 87
68 357 85
253 266 98
68 82 26
11 354 42
85 87 38
117 227 64
314 316 77
304 404 37
128 179 64
32 146 19
154 352 84
124 168 85
212 385 32
4 114 18
313 363 91
136 323 1
3 112 20
151 490 55
110 117 84
139 420 98
166 384 18
16 465 35
208 472 93
145 480 65
274 466 26
56 71 14
409 445 43
168 427 82
87 439 7
115 217 30
380 390 24
50 271 14
455 460 42
48 55 26
97 319 43
139 468 94
43 60 32
235 386 65
27 128 25
114 367 8
118 450 68
33 242 34
45 144 45
143 222 53
60 155 27
267 495 76
98 155 48
212 455 76
84 228 12
110 132 93
114 316 27
342 455 31
205 499 43
2 260 10
93 169 93
32 81 90
468 474 99
281 328 43
434 487 52
273 447 83
167 330 82
144 196 95
481 482 67
144 461 16
29 153 54
61 114 83
34 372 62
261 432 58
55 90 8
249 430 76
61 478 22
101 332 44
122 384 5
208 212 92
53 434 91
213 448 38
70 163 57
40 186 79
88 132 61
387 494 100
14 235 3
112 218 64
214 396 83
187 270 84
289 475 60
100 138 47
189 468 3
32 232 50
179 295 34
31 444 51
9 378 7
116 433 1
18 72 17
138 352 12
217 392 49
155 206 50
279 336 67
394 418 92
148 165 17
161 445 38
292 320 26
34 147 18
110 357 6
239 281 16
221 323 91
164 412 26
437 485 35
137 324 85
350 411 17
178 385 50
327 382 59
124 186 95
300 413 24
438 466 5
347 456 74
479 497 61
273 427 8
62 393 94
163 470 96
244 323 15
7 450 98
401 407 78
124 371 37
192 198 4
134 429 69
210 469 52
198 302 29
247 422 49
105 189 83
174 354 65
432 495 1
143 446 24
401 464 89
2 348 39
44 240 86
73 414 47
210 234 29
32 305 78
16 272 85
266 270 88
20 422 45
103 343 83
24 237 34
13 175 53
47 374 57
34 184 44
125 402 94
103 499 62
52 79 88
162 268 95
90 203 49
236 300 22
98 140 36
225 378 82
233 346 91
97 171 45
138 208 96
28 257 69
62 63 95
137 219 41
56 335 25
54 115 52
361 414 97
312 373 2
162 442 87
252 309 97
83 394 44
442 455 99
412 433 44
57 223 81
465 475 54
153 164 2
39 187 80
65 149 72
228 318 9
10 448 53
160 396 83
425 459 37
81 348 3
419 471 86
67 291 49
110 437 90
42 104 32
194 216 42
8 152 28
11 229 74
171 429 60
90 91 48
179 326 88
133 187 77
36 99 96
136 468 18
363 454 91
437 473 51
85 443 14
307 487 58
247 467 46
428 481 47
113 217 65
151 471 100
63 72 34
15 143 36
326 349 95
100 209 10
19 430 32
22 446 81
96 353 14
269 289 24
78 366 16
268 440 70
196 245 6
119 404 9
118 236 18
269 397 49
334 417 38
47 221 53
294 333 77
446 499 50
124 357 3
1 312 60
74 220 41
179 249 12
85 100 43
44 466 5
82 438 54
111 146 32
255 280 56
188 455 45
192 351 4
213 446 90
87 254 96
212 393 34
110 439 75
400 494 25
299 469 44
443 464 35
39 283 98
363 399 21
238 294 25
323 330 47
272 451 52
142 223 28
44 161 9
244 295 37
301 474 46
332 413 72
303 417 94
372 473 72
409 444 46
273 373 33
282 284 71
267 280 66
391 417 73
175 276 30
201 322 58
147 295 59
320 454 44
273 327 85
73 354 71
168 184 12
324 426 15
223 361 91
76 216 91
219 366 84
103 302 45
73 155 78
3 128 11
43 370 91
346 400 11
184 395 2
493 497 29
25 298 74
243 281 78
12 440 50
46 137 1
330 385 13
308 324 37
102 196 27
41 141 27
440 459 70
152 328 45
133 246 9
285 485 62
27 427 78
260 489 49
288 411 90
10 243 77
292 398 5
80 329 1
117 442 14
133 413 34
90 418 58
357 376 8
225 280 97
246 406 66
152 251 96
145 167 28
290 404 47
216 276 77
220 354 70
440 446 78
45 336 9
98 434 25
120 312 51
82 114 7
26 418 86
287 290 11
305 480 88
232 314 44
114 422 6
138 159 22
316 408 19
390 420 80
16 343 60
24 405 98
233 478 61
277 375 2
138 228 66
35 115 95
246 284 85
355 422 22
34 450 86
35 107 66
30 68 3
224 267 1
31 208 7
91 229 81
10 124 75
418 499 42
176 497 53
65 71 95
347 479 27
333 370 74
144 227 62
96 477 68
120 484 8
128 438 65
120 178 6
161 194 13
92 448 35
305 453 69
84 92 23
369 384 90
62 64 91
377 475 7
306 428 77
397 479 16
92 464 84
113 327 96
348 459 60
251 294 82
12 252 81
96 370 31
337 435 58
278 317 13
229 384 80
119 347 85
111 495 81
44 381 67
235 280 40
155 476 49
94 176 61
158 368 91
45 486 93
210 306 40
37 130 96
145 288 49
116 240 51
217 336 56
14 451 99
229 442 74
172 335 98
95 345 52
170 252 93
226 228 73
263 493 56
165 178 81
206 315 24
7 103 100
72 273 58
186 239 28
115 388 27
171 290 6
106 148 60
169 472 14
193 401 79
168 335 10
95 425 58
59 112 28
64 279 67
55 205 52
133 194 93
350 399 68
68 391 24
155 438 72
264 444 22
128 241 15
54 441 15
94 400 1
130 245 20
201 375 69
25 106 9
213 396 41
151 290 42
332 487 4
366 444 25
190 333 2
71 139 58
186 345 44
80 445 13
355 493 52
188 495 98
262 333 76
24 238 23
48 213 64
177 430 94
72 394 6
487 489 87
71 222 4
204 293 8
298 465 59
124 310 81
58 275 63
264 284 96
236 243 29
58 75 70
11 441 63
227 448 53
101 478 46
77 199 61
125 299 7
0 16 3
238 416 96
424 491 56
28 145 30
214 246 4
311 351 28
49 144 90
378 486 59
20 480 37
46 177 11
6 362 84
54 377 8
176 189 47
146 279 62
389 497 62
291 303 58
20 289 76
132 364 3
167 224 65
127 276 14
353 457 38
77 318 49
49 296 63
30 242 78
57 336 8
331 402 91
109 212 55
202 221 30
21 47 17
39 361 87
23 128 76
31 135 37
382 458 100
147 294 76
87 95 82
126 403 41
104 415 40
200 233 26
161 360 37
20 152 77
21 81 100
29 422 68
129 187 53
313 314 76
7 70 40
111 270 17
55 209 58
10 111 97
19 131 50
297 454 37
210 347 1
40 68 95
254 400 11
119 183 36
74 406 43
178 189 2
158 374 43
141 253 95
46 377 78
61 142 41
193 202 77
178 396 54
60 476 6
316 448 49
354 432 61
38 313 25
35 497 59
165 492 65
219 446 15
28 207 38
63 201 44
198 375 100
69 111 85
27 449 56
32 411 54
93 366 42
240 245 78
150 402 13
294 297 39
73 474 83
234 302 68
11 154 16
215 354 9
39 352 41
391 404 74
310 420 49
87 326 7
165 482 18
19 474 44
479 491 54
73 158 73
279 496 79
170 332 52
82 299 21
258 491 38
4 457 54
175 494 100
113 328 51
156 482 23
7 287 57
283 342 37
344 402 57
147 328 20
69 468 29
149 335 21
74 256 37
66 87 41
340 499 89
46 159 14
58 339 8
129 364 65
37 387 68
22 238 34
335 404 7
187 251 36
22 36 40
142 232 92
205 338 57
110 379 51
157 299 58
429 485 72
131 342 100
278 281 44
446 496 57
21 459 86
217 276 98
42 293 87
213 250 29
283 338 5
289 480 61
15 90 55
229 413 31
19 77 25
202 361 6
261 322 100
17 179 82
220 241 99
10 327 96
349 479 30
401 436 98
193 296 7
3 296 53
156 320 45
15 336 10
61 358 80
418 425 2
74 104 30
116 131 62
273 298 63
84 453 3
348 462 19
122 191 3
3 257 8
356 372 62
48 60 24
293 452 69
170 362 33
249 475 14
116 271 84
151 180 4
140 257 12
289 328 37
415 458 41
411 447 6
349 399 82
134 409 58
124 240 21
217 241 44
108 429 52
96 331 18
67 126 39
239 317 3
334 365 32
454 468 7
237 371 30
103 493 96
68 223 54
234 312 3
162 288 43
133 166 84
425 467 5
32 397 52
64 482 5
7 139 70
266 283 9
235 338 70
42 399 73
213 227 70
250 492 80
11 76 25
11 332 54
112 362 96
286 318 75
239 272 61
132 350 37
171 499 56
247 354 37
149 387 76
20 60 49
217 398 51
206 413 73
92 112 1
108 319 10
146 377 26
79 143 76
164 316 77
106 208 17
432 490 52
259 447 16
147 352 83
19 291 99
36 45 83
143 403 21
61 410 45
82 311 77
72 305 84
335 392 76
165 467 1
304 386 86
202 277 27
434 467 55
242 448 28
266 350 51
349 400 8
153 454 39
63 158 86
209 354 40
246 322 7
75 397 5
373 386 99
240 283 86
340 472 2
158 186 51
17 34 68
38 200 87
278 346 78
24 78 17
297 336 63
44 102 64
57 305 99
465 499 53
299 315 33
77 415 5
9 90 61
220 440 6
169 228 39
199 401 15
107 276 40
75 119 30
206 311 69
234 486 17
5 325 66
67 79 7
217 368 7
126 332 3
141 497 100
279 497 30
129 332 6
99 332 40
52 434 41
41 437 38
18 172 35
166 307 24
50 248 83
67 455 90
101 205 72
199 350 96
108 277 83
125 137 69
441 493 12
182 218 100
31 388 1
76 361 62
271 425 94
110 416 5
363 367 22
8 188 67
346 415 73
88 125 75
169 323 76
272 290 99
152 274 19
53 249 85
101 428 71
341 475 11
122 482 21
165 187 12
200 330 32
301 381 25
356 393 64
362 389 74
123 325 82
342 412 50
421 494 69
51 153 5
91 371 54
150 400 41
27 399 34
361 417 94
445 481 20
282 335 36
271 367 26
140 144 91
396 477 34
430 462 89
69 215 45
35 58 40
127 293 62
135 212 6
86 145 24
300 441 88
65 84 30
229 351 66
190 473 21
144 284 7
404 488 2
122 365 95
10 497 6
393 462 14
32 468 35
139 217 45
254 264 15
254 319 28
114 469 88
149 178 5
273 412 31
48 369 36
116 203 31
18 433 68
62 170 51
21 439 26
18 385 22
171 480 31
44 195 34
141 201 16
395 458 18
26 415 86
34 317 4
246 337 38
377 473 45
212 311 64
230 455 11
193 239 80
90 400 78
413 428 79
19 402 47
177 230 61
146 431 98
133 198 30
152 391 16
208 261 58
107 416 20
243 250 52
254 288 65
44 405 46
10 380 3
131 428 57
271 431 75
116 369 69
46 480 33
316 338 29
267 366 82
140 448 88
119 472 45
184 232 70
6 420 1
50 242 58
2 446 74
398 415 55
7 364 77
76 96 40
122 206 56
218 348 53
429 499 37
111 485 5
286 371 65
398 449 76
3 399 100
331 468 24
132 367 3
61 283 64
24 313 21
46 322 63
71 172 45
115 123 84
70 333 83
355 368 82
332 466 5
7 397 63
2 223 97
131 159 79
225 367 85
364 449 32
117 433 47
308 401 68
343 367 22
43 100 19
67 177 86
195 417 38
60 340 58
167 184 97
163 227 16
299 378 2
360 426 58
19 295 34
166 428 88
196 405 96
154 296 25
187 342 49
172 277 25
61 193 93
248 296 66
272 321 64
427 435 34
259 329 62
352 496 11
36 488 39
126 402 20
271 490 55
6 488 22
413 472 89
324 498 32
464 470 37
120 496 65
98 230 69
6 375 29
384 465 13
240 413 96
74 421 1
315 323 45
316 432 98
221 283 88
130 413 87
130 249 35
38 398 92
225 342 39
201 394 37
357 363 87
348 397 33
390 421 17
323 423 94
79 255 2
153 305 13
246 416 72
393 483 43
30 64 3
51 86 47
207 277 3
44 104 84
347 498 44
194 385 80
283 388 78
28 249 30
87 90 31
0 279 55
100 272 24
136 465 45
106 415 28
4 117 10
121 391 95
108 347 57
66 275 45
167 176 87
429 453 48
151 333 37
57 279 38
267 424 79
221 297 12
297 376 69
52 271 97
115 205 99
40 323 69
191 442 21
158 398 50
282 369 60
304 323 3
40 133 19
113 215 36
118 426 52
66 366 31
85 359 51
169 188 69
309 430 91
86 357 29
153 287 14
165 475 68
71 453 100
4 201 27
294 437 61
285 378 16
432 442 89
105 214 54
62 436 26
142 221 4
33 268 44
151 269 23
167 422 92
204 371 83
51 350 64
3 33 5
445 487 33
58 64 95
24 120 9
16 360 38
221 233 92
85 444 17
119 279 97
10 193 46
41 363 92
181 437 3
255 330 34
93 198 69
419 461 17
222 303 62
58 126 70
109 407 99
421 499 45
316 335 78
7 275 61
267 369 62
99 341 87
383 385 7
273 468 58
129 286 82
326 412 21
252 485 56
21 371 76
145 250 22
42 97 33
17 191 34
26 211 53
9 24 17
266 334 46
81 346 23
193 226 22
161 395 64
36 359 47
227 401 20
280 483 72
335 482 76
142 450 54
224 341 42
446 477 19
102 280 34
152 481 36
271 469 57
2 8 90
256 296 69
288 341 57
139 388 72
70 140 62
240 340 86
239 358 70
68 272 71
111 431 60
252 337 42
7 330 85
271 347 46
99 284 51
221 357 92
255 454 45
195 274 43
114 475 31
164 268 8
383 462 96
321 463 23
123 152 28
160 380 51
364 427 22
269 435 37
38 122 27
407 429 72
186 488 57
212 227 89
55 105 76
247 392 75
33 111 31
128 240 63
321 433 24
30 103 51
423 449 96
36 55 4
284 321 29
77 175 55
231 328 10
80 413 11
243 339 77
226 227 30
