500 7300
0 8 63
8 19 67
19 33 7
33 34 85
34 39 73
39 43 96
43 53 35
53 56 15
56 59 73
59 62 35
62 66 15
66 71 42
71 75 61
75 92 15
92 93 34
93 100 42
100 107 49
107 116 29
116 147 44
147 166 94
166 168 58
168 170 91
170 177 89
177 180 1
180 187 79
187 188 42
188 189 67
189 202 33
202 213 81
213 219 43
219 220 9
220 223 32
223 225 83
225 226 70
226 234 87
234 235 20
235 242 81
242 243 69
243 247 4
247 250 29
250 253 67
253 256 14
256 260 58
260 263 5
263 266 34
266 280 55
280 281 44
281 283 16
283 297 62
297 303 72
303 312 89
312 313 5
313 314 60
314 321 79
321 331 21
331 334 46
334 335 80
335 342 9
342 348 85
348 350 90
350 355 3
355 357 25
357 358 72
358 360 67
360 366 56
366 370 3
370 381 48
381 387 42
387 401 12
401 417 70
417 423 36
423 429 57
429 430 83
430 432 78
432 435 97
435 436 17
436 443 28
443 445 76
445 447 23
447 459 29
459 461 46
461 472 56
472 476 96
476 481 96
481 488 28
488 497 5
497 499 86
72 487 20
26 417 54
30 32 12
79 194 82
220 423 19
160 307 26
32 459 2
155 415 80
183 380 35
47 211 15
217 344 29
248 305 70
14 398 34
188 222 35
12 498 28
350 390 28
169 328 92
55 490 100
225 481 93
44 489 99
304 373 87
91 117 26
317 355 96
104 161 41
383 444 21
125 210 6
271 284 56
273 293 66
48 348 3
17 435 26
117 304 100
39 337 60
41 197 34
161 195 18
11 292 82
91 137 6
172 374 2
13 499 50
194 356 39
253 396 44
126 255 65
134 414 30
173 464 4
114 307 94
94 160 43
153 217 48
304 417 84
11 327 49
164 168 98
210 275 32
354 378 80
252 330 4
366 407 35
44 444 28
59 128 97
55 482 20
76 205 26
168 496 28
145 312 52
249 464 22
83 113 71
123 168 29
34 254 50
16 185 71
56 287 8
138 326 68
57 332 74
137 488 64
92 347 34
4 237 22
383 457 91
152 352 99
70 82 79
262 407 3
147 483 50
120 281 63
24 438 85
274 414 17
176 292 72
22 365 75
81 284 55
119 386 86
52 448 58
93 322 57
193 387 85
282 334 27
119 120 41
17 490 15
304 455 71
112 240 14
84 493 36
14 360 87
21 334 49
273 424 30
74 271 75
307 420 38
49 429 52
25 183 33
201 460 92
14 497 73
76 343 93
6 487 29
128 469 54
277 403 79
96 433 73
109 219 66
80 98 75
153 326 84
20 180 4
149 221 37
314 330 35
132 207 95
19 78 12
70 208 10
37 242 14
144 288 22
422 423 55
13 97 30
37 309 58
4 213 80
92 160 36
275 472 7
274 368 28
38 344 82
43 476 39
115 437 9
138 221 78
77 106 99
216 270 44
402 443 10
105 495 96
38 124 50
24 132 25
60 112 8
118 297 4
51 244 28
46 139 28
135 261 48
51 364 84
171 194 44
192 257 42
330 474 51
342 477 51
92 358 22
60 181 74
285 445 12
219 415 30
49 64 92
445 474 13
109 251 54
109 234 52
202 436 13
70 145 89
80 372 17
10 306 6
126 313 15
8 15 31
91 413 100
176 255 37
399 451 11
320 467 15
31 419 21
389 448 26
260 383 90
67 311 71
298 496 68
32 252 53
178 294 53
3 427 85
235 291 99
146 268 32
25 72 56
240 313 67
25 485 7
124 278 60
183 279 66
410 474 94
19 368 13
223 362 21
242 289 88
326 438 13
254 377 16
263 455 24
14 87 38
22 484 92
307 428 36
28 130 81
38 302 84
123 259 94
97 270 56
197 483 15
107 152 97
355 384 83
292 453 55
203 316 94
7 221 35
133 258 10
27 144 4
310 481 59
189 451 39
73 196 90
67 258 10
70 435 28
243 462 15
42 95 55
498 499 74
49 286 70
9 427 9
55 164 64
345 439 59
320 392 60
296 299 53
136 261 71
101 479 86
401 430 76
271 289 52
219 445 19
198 285 54
131 339 100
57 220 66
329 397 27
149 241 99
220 395 52
20 352 57
6 145 2
324 445 77
189 336 17
311 487 69
100 185 25
133 477 88
84 481 25
245 297 54
351 497 63
264 472 35
63 254 87
54 62 81
14 326 30
111 469 27
193 329 10
259 480 67
232 280 38
98 244 35
101 160 16
285 407 4
287 312 29
175 412 96
161 493 53
24 43 58
142 406 26
160 414 26
349 494 63
38 289 91
35 243 6
74 150 12
166 489 55
383 456 87
8 20 38
282 360 29
305 394 39
180 330 100
42 273 28
177 273 44
219 230 98
312 457 37
276 466 5
345 468 3
252 401 85
301 470 42
259 369 20
70 155 86
40 255 42
374 379 81
274 396 68
172 247 75
73 150 48
146 300 90
15 150 76
219 430 19
183 313 70
151 352 78
100 372 87
3 76 24
169 474 9
45 231 49
77 86 76
13 140 60
428 443 94
448 499 85
53 408 22
279 352 3
66 73 86
89 395 78
95 206 4
52 225 6
214 453 65
118 469 48
23 72 11
150 242 31
166 406 29
334 369 77
199 320 62
81 419 39
212 414 45
130 163 58
66 423 27
256 355 72
130 248 38
313 375 71
103 243 7
29 133 53
55 342 43
195 217 7
56 396 95
218 388 97
131 171 31
162 240 26
2 132 93
386 487 89
120 300 22
8 225 95
58 129 42
68 323 25
15 62 66
91 490 18
50 167 16
341 486 46
133 233 34
288 409 45
108 485 70
263 470 64
27 213 57
43 279 35
53 445 15
8 121 9
77 427 83
322 345 43
279 465 58
156 262 36
268 494 7
256 337 6
209 432 2
157 369 32
139 142 5
414 461 6
84 373 73
114 118 24
195 458 65
182 448 61
35 291 31
208 340 98
46 239 68
330 460 70
10 282 7
63 494 87
67 319 7
42 148 25
146 371 28
246 485 80
158 417 34
48 338 39
350 395 3
332 335 26
24 192 19
73 223 45
207 326 69
117 124 81
201 336 74
271 288 82
37 42 10
37 105 80
425 456 97
33 496 53
143 189 7
39 124 5
256 318 6
54 314 3
321 461 36
115 279 48
48 225 51
370 457 89
63 336 62
1 101 20
258 319 34
40 215 12
76 189 10
114 242 96
366 471 13
285 359 60
56 275 4
122 288 31
381 422 75
17 31 24
247 356 71
169 245 46
269 397 54
127 360 1
20 158 76
138 406 26
286 401 13
243 260 37
88 111 86
81 289 90
329 380 3
239 452 46
116 433 90
20 190 4
28 247 70
391 394 24
12 104 69
40 112 30
267 274 85
124 423 68
90 269 92
69 335 72
73 254 30
269 451 78
11 222 17
64 493 62
100 461 77
340 416 89
308 401 64
15 402 61
4 483 27
79 204 10
456 478 6
140 359 38
231 447 15
18 479 71
74 91 61
56 377 57
126 300 91
109 406 95
100 111 20
310 497 35
184 474 24
29 229 39
41 316 56
173 329 50
2 252 21
185 487 15
186 293 82
126 432 3
184 192 45
5 275 20
352 429 80
193 263 11
164 253 94
201 238 10
299 354 45
386 408 45
176 491 88
176 324 6
295 433 79
226 335 45
176 225 1
58 183 62
181 278 67
97 417 80
120 224 85
104 338 11
250 302 91
91 110 34
429 452 40
463 489 46
62 465 79
282 417 58
276 459 12
442 447 56
274 354 16
30 246 30
31 465 89
204 485 43
204 278 95
438 454 47
128 261 5
77 87 82
110 260 68
217 479 36
131 164 21
152 339 98
89 126 95
84 197 18
293 304 93
202 215 94
322 446 57
88 363 57
96 341 17
85 457 2
90 232 41
94 308 97
383 454 59
348 457 63
116 283 21
145 358 6
79 258 51
114 281 91
375 438 50
260 472 64
208 461 88
103 117 30
42 488 30
82 430 19
248 308 60
74 198 71
181 431 35
36 412 45
317 483 16
68 225 56
248 407 29
237 242 36
88 408 99
130 432 23
87 398 18
215 436 35
50 140 76
156 422 63
208 352 26
236 264 45
162 395 45
47 357 100
57 104 41
8 34 17
126 375 1
80 269 2
22 155 12
464 493 100
289 484 29
398 403 85
231 350 74
219 466 35
17 28 4
397 451 52
349 388 55
72 90 69
154 438 65
53 468 29
244 293 35
81 499 93
272 304 16
297 394 37
383 480 3
398 472 8
108 234 30
170 228 33
168 351 78
51 164 5
96 355 85
128 322 2
13 486 14
341 499 39
99 318 80
147 243 65
434 450 84
364 456 80
224 233 26
464 467 33
238 326 46
32 403 57
401 463 15
7 174 79
166 355 93
392 406 31
149 451 49
48 293 100
150 333 8
251 259 21
117 388 52
22 320 90
336 349 71
179 189 32
318 491 49
64 308 9
288 485 63
169 358 72
259 454 44
151 377 83
83 137 77
301 303 55
82 129 3
194 247 56
135 361 98
66 181 29
270 367 59
154 349 56
144 345 18
168 428 12
2 8 30
84 154 58
250 490 42
288 295 33
246 280 17
271 351 77
5 458 91
2 122 22
80 347 95
79 304 5
82 295 9
88 334 62
156 361 49
289 437 65
160 318 48
3 494 74
180 420 85
99 490 11
313 426 54
390 428 76
292 325 96
114 438 96
242 444 12
52 58 18
198 335 71
191 477 39
208 256 66
290 365 83
217 278 19
201 462 92
81 320 38
53 289 12
257 322 88
47 60 61
290 470 85
213 251 5
261 310 24
332 346 57
423 483 44
61 438 94
8 410 93
363 431 56
325 496 58
122 180 42
167 494 58
97 406 75
149 404 64
220 369 69
411 414 23
52 108 12
252 467 27
62 98 100
43 333 21
261 271 81
141 155 40
196 220 1
260 434 87
190 285 19
7 82 13
59 277 50
141 195 27
267 347 74
22 142 26
253 416 36
101 220 15
257 489 17
169 462 24
81 476 53
109 214 4
357 441 97
3 457 31
45 314 83
176 224 15
95 474 76
156 194 65
37 50 61
13 351 77
359 436 74
103 136 41
233 309 69
239 300 88
158 472 66
122 452 97
225 273 65
81 458 100
61 65 74
55 192 80
131 370 35
44 468 51
92 475 4
45 148 4
147 273 75
85 322 76
206 264 84
21 120 74
150 169 66
241 495 99
116 308 48
238 447 88
38 476 33
221 327 52
75 475 36
278 360 56
79 489 50
239 434 33
462 482 42
11 281 73
265 453 93
148 229 16
246 498 39
168 175 73
189 246 90
96 232 3
364 424 90
318 344 89
262 492 6
289 438 59
314 465 34
200 484 7
296 413 72
162 332 38
294 410 1
51 70 79
139 346 93
233 404 17
56 206 62
195 491 69
398 416 34
256 449 41
464 475 12
233 378 29
98 369 11
138 287 22
119 436 12
266 336 54
48 331 46
33 473 59
30 218 38
302 331 34
241 354 2
311 468 89
141 259 5
82 239 71
42 240 14
132 149 44
162 296 82
321 486 22
140 391 32
181 369 89
126 435 18
245 313 57
465 493 22
67 457 62
93 102 76
216 405 39
9 412 35
50 55 27
200 201 7
260 275 12
415 441 96
8 471 52
88 448 89
57 167 18
58 493 46
288 349 38
119 334 75
151 481 36
209 212 55
20 40 41
1 407 41
365 385 72
65 81 91
304 322 21
197 375 77
5 99 47
62 155 50
203 414 10
152 361 18
147 266 89
54 138 30
343 436 26
150 433 84
56 196 46
136 436 3
170 409 53
180 372 4
159 353 3
353 407 2
116 297 26
292 334 56
75 176 57
89 224 47
333 345 87
5 77 16
249 327 96
193 271 69
48 145 51
274 423 29
310 402 27
102 412 85
187 281 80
176 423 66
25 168 16
116 415 67
14 235 10
7 59 36
163 189 4
62 71 68
300 432 91
264 299 61
244 438 4
146 432 94
9 478 44
66 277 79
164 303 83
81 484 82
291 368 65
259 351 73
172 474 42
246 482 91
231 334 90
159 390 18
56 158 27
355 485 8
43 234 78
322 472 42
98 428 13
45 410 86
166 305 87
46 100 30
186 405 20
12 188 73
262 425 26
17 93 24
210 280 81
11 128 34
468 486 23
92 173 45
116 368 9
65 283 72
485 496 38
170 482 43
105 359 22
333 476 79
156 369 3
168 180 4
160 350 14
20 31 27
113 412 10
396 423 31
11 195 39
98 402 100
280 416 64
295 380 74
196 426 62
77 411 42
172 330 15
491 498 65
9 101 74
124 368 24
11 294 7
0 186 8
289 410 22
105 454 84
34 327 46
455 496 45
182 462 14
52 334 82
54 486 80
252 353 1
137 276 12
240 312 96
118 182 14
136 321 74
108 362 4
97 165 51
402 435 65
122 359 19
217 270 47
274 381 21
80 306 85
124 292 43
130 494 33
302 311 50
135 337 74
131 293 13
316 334 52
138 294 9
62 245 38
285 305 59
82 117 89
417 465 38
85 287 9
6 58 66
158 352 46
159 463 30
105 116 87
298 324 55
256 293 7
2 146 43
96 392 18
194 446 43
283 408 43
242 279 30
8 25 67
110 149 38
38 412 3
229 281 57
132 437 89
285 316 59
179 466 85
119 184 90
219 307 63
75 218 72
76 174 44
151 273 32
111 431 36
114 490 75
256 298 67
93 137 49
197 476 14
75 320 81
62 250 84
248 403 86
223 334 32
145 320 23
154 440 94
350 367 77
5 357 86
71 217 5
345 407 47
134 163 14
71 388 51
58 187 28
402 428 39
367 385 4
144 377 67
139 267 74
129 418 70
156 339 81
53 469 6
334 435 51
407 444 71
280 445 39
98 412 44
363 380 67
43 297 46
88 475 32
271 470 48
209 262 52
350 478 91
21 405 24
74 422 20
227 318 85
130 195 37
105 420 80
306 330 68
91 180 64
19 370 92
109 211 13
38 172 82
93 123 98
288 407 27
34 263 36
184 437 92
388 426 99
8 192 75
202 345 58
49 289 79
292 381 76
303 458 19
164 254 32
53 431 33
393 402 91
153 343 41
197 409 27
212 410 27
42 456 83
326 353 65
138 499 34
31 36 42
72 439 46
154 480 41
131 452 78
345 371 29
98 315 64
193 202 16
215 455 51
135 183 15
223 461 80
275 371 94
10 169 13
37 371 40
179 180 53
95 401 50
25 114 20
103 170 95
247 448 87
248 409 20
240 448 77
357 496 60
173 432 39
151 419 29
9 383 73
404 471 16
105 188 52
135 433 64
310 406 100
308 471 95
58 224 52
320 417 34
37 47 95
239 410 2
215 333 15
249 447 72
374 386 77
14 65 39
13 312 79
14 175 53
75 370 81
320 474 16
112 215 9
51 366 85
201 394 97
286 319 23
69 207 35
226 326 38
147 484 40
106 412 5
213 239 54
149 180 13
344 410 28
182 209 54
108 176 8
15 173 62
404 423 42
160 316 29
12 235 3
103 218 65
219 417 47
349 460 82
136 223 75
226 352 53
94 497 1
21 371 42
177 467 27
14 366 72
48 484 22
407 466 73
284 379 80
86 337 54
26 163 1
281 286 39
371 488 68
134 470 22
383 428 3
153 324 67
66 279 94
306 464 67
113 459 84
23 323 93
236 473 43
303 352 48
91 384 2
201 469 88
279 290 62
73 218 2
116 323 62
75 244 53
152 289 96
235 390 19
294 400 2
121 150 84
393 467 81
0 92 60
26 76 24
109 129 89
104 419 87
13 24 33
120 335 47
200 438 23
269 286 33
237 466 49
421 476 30
143 266 9
261 483 88
153 204 67
32 97 91
317 437 55
67 250 58
228 240 89
52 435 10
285 458 66
125 410 91
20 205 91
269 321 13
30 41 27
14 373 1
267 395 55
45 100 43
176 281 78
220 243 18
303 452 52
77 107 44
94 441 54
49 314 3
57 68 100
215 231 21
173 229 5
14 254 94
300 394 90
99 459 86
305 478 71
107 185 14
224 366 43
179 406 70
413 424 93
37 248 48
41 283 71
101 137 76
29 328 11
291 481 63
6 465 85
231 371 90
128 240 87
192 339 96
64 198 38
37 237 75
120 469 17
31 421 14
324 333 47
95 140 57
182 332 71
262 452 100
356 461 14
0 416 62
194 475 6
6 67 86
93 256 37
183 374 93
203 458 33
50 289 39
227 383 24
83 448 93
137 365 80
199 206 66
163 233 20
31 60 78
160 478 62
181 452 79
179 258 3
160 164 83
11 129 68
12 307 14
81 330 15
468 470 2
255 454 8
90 342 42
194 488 28
279 321 22
212 369 81
73 308 79
241 343 13
152 316 78
322 416 6
203 245 88
242 325 30
34 290 33
99 294 97
118 387 12
240 307 20
46 108 55
186 469 1
201 280 80
206 273 24
14 436 77
206 428 57
236 296 49
74 177 80
115 493 82
121 176 98
79 344 70
247 397 60
205 334 73
163 374 22
33 182 40
12 447 10
33 85 51
286 301 26
295 409 74
317 420 90
272 415 63
80 185 68
438 472 64
289 470 11
139 252 78
86 369 18
277 369 51
202 226 5
95 113 20
238 414 7
397 411 67
226 476 11
85 195 41
266 276 47
102 148 70
84 459 69
81 474 30
398 455 72
282 356 96
185 333 77
390 485 53
178 372 75
35 156 78
333 426 17
72 91 57
171 399 33
164 494 81
265 493 95
108 408 70
300 340 36
310 317 6
7 41 52
398 412 78
267 454 65
211 293 44
41 488 51
96 462 45
89 412 33
92 167 84
198 298 8
75 280 19
58 444 24
128 432 97
188 418 51
305 431 4
415 454 28
393 471 37
184 265 19
169 455 55
136 334 8
15 398 76
120 121 99
112 146 25
263 438 47
171 295 25
290 488 28
41 154 31
27 404 97
233 261 13
169 246 37
86 160 86
243 443 35
183 358 49
179 272 54
1 79 87
60 61 75
199 213 55
165 471 37
130 186 85
332 493 17
83 197 85
182 430 14
1 400 89
124 259 24
363 435 69
214 339 11
276 406 7
281 425 45
261 285 62
12 82 5
269 279 1
164 321 45
144 237 18
194 240 43
275 487 84
384 465 99
201 219 99
209 393 5
222 443 15
79 166 43
90 239 41
71 294 50
391 430 65
169 399 45
204 252 67
255 345 56
424 494 10
166 484 64
12 429 70
251 351 84
73 303 24
129 311 74
100 420 58
220 266 1
61 146 76
5 392 39
112 161 7
12 494 99
37 481 75
90 455 62
2 448 29
244 298 33
387 419 90
346 454 57
489 490 83
132 269 92
126 158 29
180 436 19
207 468 87
219 238 35
23 261 77
125 370 18
64 79 82
324 375 73
102 478 70
398 406 70
446 449 41
417 496 82
55 205 89
284 446 51
32 38 69
206 351 13
34 300 41
355 488 59
48 485 97
221 419 64
410 494 30
96 144 53
77 333 46
86 495 26
145 243 50
180 478 53
245 493 51
204 245 93
71 275 33
13 25 66
245 463 99
217 399 78
130 340 79
202 429 12
67 210 5
175 227 5
259 476 72
93 413 89
125 494 9
230 266 93
73 137 51
227 432 27
160 163 17
30 136 17
75 174 62
176 347 11
185 345 17
38 123 43
169 276 22
16 93 21
108 257 10
89 256 80
64 169 51
46 450 50
115 241 33
0 443 90
175 498 11
385 432 76
116 492 56
3 266 3
268 496 48
28 230 50
276 371 6
52 409 84
198 477 38
252 262 40
119 142 83
133 345 54
10 324 31
430 444 96
154 189 80
352 404 21
83 418 84
7 409 18
32 466 79
47 302 17
91 168 55
55 335 2
74 160 47
111 129 65
199 482 27
96 298 11
113 456 43
73 302 82
112 272 55
138 340 96
49 392 25
285 344 76
65 453 83
9 336 11
149 418 85
51 54 58
60 492 60
97 295 40
24 109 48
206 349 87
9 49 56
78 111 100
274 424 8
281 463 44
51 228 56
216 302 23
125 277 53
354 440 27
254 314 84
153 472 38
310 442 42
74 210 13
201 250 90
180 267 10
450 487 73
236 400 12
137 199 12
390 408 32
25 475 37
183 344 99
55 426 34
49 399 54
362 445 16
82 124 28
53 73 48
41 228 28
42 261 14
58 202 50
227 486 46
44 127 34
1 317 82
409 484 35
169 456 20
304 447 85
338 354 28
15 400 77
437 459 82
16 131 33
107 228 63
274 358 54
57 152 27
334 428 23
130 277 91
229 474 58
377 449 63
55 280 58
112 123 78
35 451 52
160 276 7
218 276 15
167 325 6
29 52 48
216 287 77
87 443 26
130 178 73
190 416 87
92 441 56
161 229 44
0 233 19
339 452 34
213 303 39
230 314 37
284 333 20
192 472 6
60 148 70
161 196 78
125 199 41
9 151 84
58 279 90
39 106 5
382 480 55
31 433 9
160 296 59
88 473 73
79 399 70
57 249 79
365 487 75
397 472 67
45 105 89
5 124 57
190 452 9
290 465 35
51 192 81
415 479 81
102 430 52
135 283 59
419 439 18
172 380 5
175 308 53
345 380 58
99 191 17
112 492 30
45 481 16
11 376 33
151 237 2
167 342 41
36 52 76
361 481 47
250 420 55
38 454 40
259 310 21
100 391 96
196 210 91
83 337 53
180 408 53
297 388 87
60 157 34
63 149 100
148 201 60
88 405 3
112 307 46
194 485 14
2 123 24
100 387 34
1 59 71
297 401 83
13 96 35
23 454 49
165 187 85
289 330 75
117 149 80
30 98 82
118 434 52
50 146 32
264 380 46
82 460 60
56 290 97
429 472 90
68 395 13
142 328 95
104 278 97
35 274 92
219 242 40
115 155 40
48 213 55
86 177 77
12 419 67
39 472 46
209 330 97
12 248 38
144 265 49
287 380 79
73 110 82
397 473 85
41 229 49
387 495 11
104 233 89
84 344 13
315 420 28
182 490 69
36 210 77
304 427 50
76 319 50
110 128 27
99 150 19
245 247 55
381 398 72
174 325 39
19 298 51
82 252 33
315 410 60
372 449 34
23 488 36
153 320 15
232 410 85
277 374 21
213 478 100
94 231 12
129 493 97
186 189 9
228 462 16
276 468 70
180 186 69
226 443 23
239 329 60
107 202 5
206 243 70
132 484 9
117 193 85
344 345 53
303 337 7
150 337 27
272 477 18
265 483 19
86 296 95
78 481 10
177 478 82
335 359 87
55 195 41
293 450 95
135 211 73
351 388 17
71 353 20
127 302 64
164 496 77
253 497 81
9 331 3
40 129 39
10 14 47
111 265 44
188 320 2
267 471 42
87 124 68
252 379 95
344 427 6
215 362 73
299 429 81
331 432 7
206 322 49
85 442 71
89 407 84
170 415 29
135 309 84
292 419 34
42 284 93
12 371 15
57 113 36
266 448 86
216 342 38
313 477 26
152 485 97
127 460 53
252 310 80
361 406 36
399 492 26
143 235 14
6 44 7
52 146 16
267 434 47
471 479 66
201 356 32
343 435 57
131 337 74
185 358 45
308 379 22
223 495 95
253 475 11
179 315 31
253 292 16
137 337 82
126 347 71
231 286 83
121 486 70
299 459 29
50 164 47
35 96 53
75 162 88
268 485 53
40 374 89
91 290 1
393 499 61
135 162 44
86 400 99
255 495 15
24 55 41
287 412 75
222 410 59
290 485 46
55 358 17
320 472 60
314 414 53
198 249 60
351 487 14
118 312 86
28 401 30
20 111 26
132 384 55
101 373 79
0 397 37
289 334 80
17 52 81
190 310 93
6 202 73
223 317 12
443 466 86
126 263 91
115 478 67
356 404 7
220 386 84
150 266 12
6 32 85
53 89 47
23 230 1
93 292 12
113 229 68
231 411 8
408 456 11
94 420 35
146 286 12
168 413 52
323 474 58
211 498 43
297 454 95
17 53 22
124 393 19
106 323 78
199 497 43
124 402 10
450 468 57
223 262 46
3 239 25
349 398 72
403 456 44
49 494 48
263 279 50
253 444 68
103 319 95
178 490 19
3 133 64
178 329 42
146 348 6
173 413 9
286 316 54
1 139 10
294 436 6
234 373 24
39 439 40
31 474 98
346 382 14
69 117 38
412 451 33
53 276 71
114 450 98
78 374 29
244 247 63
144 411 47
203 214 58
121 204 26
16 124 7
210 479 68
30 311 97
12 424 35
81 359 92
310 328 86
9 444 18
121 456 92
48 347 77
109 192 93
108 199 93
15 206 15
224 410 29
200 300 88
172 409 42
142 386 28
227 324 51
12 291 72
15 440 42
28 348 28
301 409 88
309 318 45
119 328 40
292 351 22
165 381 94
22 126 62
15 412 53
126 484 60
285 417 65
128 368 30
176 331 48
180 303 64
430 474 20
90 489 90
80 186 22
65 68 54
171 193 16
62 208 22
185 295 48
61 456 31
223 431 6
103 137 48
88 416 39
165 303 26
153 492 63
291 315 49
358 483 53
2 358 30
96 337 30
164 440 41
65 243 34
9 131 5
219 458 30
323 374 96
405 477 40
68 408 54
180 340 23
7 118 36
287 302 87
291 375 31
91 372 76
91 428 48
46 411 39
386 429 39
185 412 97
96 314 21
210 218 93
236 453 31
426 461 55
19 208 8
343 373 80
258 437 43
63 408 98
57 221 2
151 393 2
38 291 67
167 218 26
367 414 53
12 32 21
2 206 1
52 300 62
225 243 68
92 322 2
167 173 4
8 376 10
165 325 84
384 454 40
200 388 42
417 421 97
37 430 48
263 434 7
149 224 76
119 395 48
342 367 47
333 369 99
96 201 33
307 381 9
210 232 19
230 300 86
216 377 18
216 392 26
100 334 69
79 478 24
230 466 43
174 395 78
4 462 78
150 444 49
166 238 22
52 397 57
225 332 41
340 449 19
3 187 43
208 264 50
42 192 83
58 401 2
96 240 63
277 378 34
192 383 62
47 110 46
108 406 20
109 135 27
69 253 96
225 365 46
107 132 100
241 465 60
315 409 65
99 467 45
90 249 68
383 478 97
61 443 87
308 413 33
149 491 80
362 425 67
428 450 44
177 185 2
112 202 40
263 360 52
287 409 98
362 379 81
76 275 40
117 223 89
22 346 88
107 179 36
263 309 39
219 278 62
233 315 67
159 348 33
380 497 16
303 451 23
47 119 27
42 429 70
207 456 95
60 113 68
194 205 5
103 459 15
22 297 44
50 446 23
63 387 25
253 379 34
357 442 21
115 371 62
40 143 75
31 463 5
208 382 1
24 430 52
71 357 77
137 477 87
4 466 30
7 136 66
105 475 48
8 345 50
214 480 3
317 374 81
316 419 86
126 256 45
270 423 83
119 204 5
41 174 48
61 104 67
234 469 86
312 481 88
6 167 60
200 305 72
475 488 45
82 315 41
415 425 83
25 102 71
369 489 25
77 287 29
36 255 93
145 175 73
199 221 33
19 325 65
99 269 25
310 340 84
457 467 28
230 480 59
35 178 35
81 404 17
349 410 18
21 384 62
321 405 85
78 437 96
294 443 65
365 377 11
100 210 74
207 381 14
109 195 39
111 425 86
90 327 59
283 496 16
106 128 57
162 433 68
32 189 67
130 300 44
285 304 96
434 486 13
304 439 7
229 441 96
123 312 14
113 188 3
89 139 79
32 309 27
34 193 98
266 485 3
1 323 86
202 405 83
312 407 9
406 435 35
268 270 69
199 370 30
217 438 77
149 470 16
388 415 54
300 416 2
61 154 87
127 193 19
259 497 26
67 273 62
316 336 30
27 466 81
63 222 24
188 463 16
211 221 37
37 343 5
168 250 41
138 218 55
31 398 50
263 349 13
42 214 14
63 464 86
435 463 53
171 456 49
249 449 24
152 298 38
227 494 92
269 355 40
11 362 88
113 207 100
160 336 85
293 317 83
1 427 46
223 338 35
51 334 92
117 180 5
92 410 83
483 487 91
19 154 14
254 408 3
26 323 59
455 466 86
33 191 15
45 403 4
206 442 32
71 302 2
93 107 88
62 129 58
95 119 89
166 320 66
241 310 97
22 468 94
172 435 26
194 276 71
191 208 66
192 205 48
251 272 94
141 343 95
206 334 55
45 351 90
185 264 84
34 38 67
101 496 41
112 144 80
116 201 100
345 385 33
218 303 28
229 325 86
16 305 88
201 439 60
205 343 81
19 260 81
156 382 3
73 252 95
229 270 90
141 214 55
96 199 69
157 279 87
293 497 58
386 441 9
109 120 18
91 213 71
233 276 81
145 438 7
98 401 78
270 317 79
185 390 34
57 299 42
365 485 100
385 450 34
46 179 59
311 436 79
24 88 27
31 91 80
69 189 46
263 479 78
227 358 48
264 395 22
218 258 88
293 298 18
208 226 99
92 129 87
18 66 37
253 367 46
26 177 50
363 478 90
115 137 29
110 374 64
33 44 98
107 357 100
43 229 99
0 200 31
343 413 47
93 470 19
120 278 28
100 342 70
1 70 92
12 413 87
153 167 17
77 444 19
71 398 84
200 211 65
217 430 22
113 464 15
314 466 84
10 57 52
304 434 96
13 481 53
387 417 43
238 454 84
62 353 96
92 303 28
393 448 8
102 286 88
352 360 86
140 149 12
298 366 3
16 204 45
69 211 6
130 251 72
118 466 16
67 177 65
156 228 87
177 232 70
165 417 51
305 409 54
173 454 73
146 478 62
110 405 63
73 425 57
44 282 75
71 260 3
52 224 75
288 403 9
155 214 46
324 499 74
182 254 91
190 327 30
41 300 65
253 474 83
95 151 56
54 367 18
35 137 9
154 199 1
140 412 3
210 443 61
119 235 13
80 99 61
122 297 42
4 261 6
226 307 61
67 180 20
84 430 50
284 328 50
202 375 35
67 360 17
220 420 46
3 78 44
257 441 75
453 482 67
216 233 99
114 178 50
401 478 76
171 245 84
83 426 16
26 437 15
380 482 3
24 463 58
316 394 23
280 414 96
253 305 100
89 307 58
44 294 31
264 303 58
356 367 4
6 286 49
271 388 9
212 321 53
146 344 41
6 370 58
187 212 87
198 470 8
262 284 63
11 337 97
136 397 56
158 234 71
312 482 62
20 425 62
98 266 29
12 380 83
214 255 54
167 428 47
106 257 27
247 446 93
121 218 32
8 114 37
2 323 63
31 283 99
357 468 54
203 455 53
168 347 41
77 115 87
102 467 42
40 362 58
320 481 8
15 380 93
87 95 45
223 423 57
203 232 98
75 234 99
33 456 51
297 468 48
5 216 65
239 447 20
121 432 32
183 396 63
98 214 2
244 300 9
202 220 34
324 458 94
41 119 85
21 353 58
21 139 34
49 260 74
34 102 81
329 412 32
397 468 53
255 398 76
243 398 13
1 73 100
113 117 36
31 484 7
407 489 40
112 180 24
257 351 70
243 431 83
22 235 48
85 453 10
168 271 97
264 270 15
111 119 8
128 140 45
335 445 22
90 491 83
141 185 30
24 478 3
328 465 83
21 427 93
142 441 74
228 484 12
87 93 17
108 158 58
67 216 32
355 420 85
172 424 43
335 387 93
69 91 23
351 379 83
310 466 59
336 498 35
239 425 20
89 378 91
443 447 39
400 477 33
45 443 16
40 252 62
35 57 82
261 296 18
85 228 31
93 361 82
44 322 83
127 129 83
294 368 73
169 472 79
182 228 65
177 317 52
52 359 52
39 352 23
338 454 47
45 300 12
63 308 29
61 399 34
96 480 57
250 430 56
226 432 71
57 242 18
466 482 17
131 191 20
101 132 2
214 237 52
95 188 64
57 367 52
239 319 1
22 115 74
279 359 75
94 254 88
299 363 71
25 465 32
5 344 96
254 355 64
301 402 55
220 388 1
317 431 20
350 459 99
163 470 76
149 230 6
321 328 92
216 286 68
48 141 66
36 362 27
209 455 48
81 430 16
110 403 15
67 167 78
124 438 48
200 214 13
119 462 22
246 383 53
27 271 97
158 165 42
86 314 76
303 465 96
46 307 2
170 320 9
395 443 56
182 193 33
175 429 56
321 421 91
324 453 45
8 401 14
242 481 42
23 433 38
310 411 100
23 289 100
409 466 18
72 150 25
4 250 17
48 250 99
14 19 41
294 469 23
14 74 68
20 340 46
0 425 9
219 297 41
18 95 54
240 275 80
185 346 46
137 304 100
114 330 11
148 309 34
126 461 32
19 142 76
247 441 71
261 486 24
112 345 36
193 251 53
391 448 16
210 468 87
194 365 21
16 406 40
263 345 29
121 363 76
110 197 62
0 254 80
336 487 44
216 407 3
19 75 65
287 427 68
156 368 21
215 314 68
39 346 32
156 189 74
167 269 75
126 341 63
327 414 28
278 435 52
28 167 16
400 409 69
148 387 20
23 333 89
76 77 6
256 459 89
30 410 93
100 157 58
101 375 97
160 433 98
77 213 40
311 486 19
195 296 26
262 358 19
67 415 1
386 482 60
324 455 15
427 497 76
333 400 43
3 292 78
96 269 73
339 355 42
299 467 81
82 264 40
201 313 18
47 153 80
53 126 90
148 363 88
211 453 70
174 285 24
12 130 79
26 103 31
123 171 29
149 429 93
343 366 10
132 359 74
257 325 53
357 371 22
1 347 15
3 107 63
229 360 26
263 464 24
223 439 90
76 98 42
13 182 51
109 150 6
47 347 9
300 402 22
70 316 17
38 271 89
153 440 31
38 164 54
423 473 9
178 446 45
24 494 5
386 394 9
189 416 70
4 428 25
142 185 96
25 307 13
192 469 12
27 484 20
299 412 91
303 317 76
323 398 41
240 367 78
231 421 61
301 315 58
149 386 38
132 406 89
327 421 68
288 322 17
39 99 35
33 71 51
97 365 77
305 376 18
92 479 85
153 298 88
245 473 57
184 298 90
140 189 65
79 427 48
271 301 3
87 493 23
2 93 23
141 499 63
72 339 96
304 392 29
96 391 49
191 291 59
332 406 55
64 170 86
147 431 46
184 386 69
147 446 4
187 491 22
342 462 87
64 76 53
186 457 85
284 441 77
4 265 56
22 351 82
422 432 33
184 201 61
266 494 79
3 488 88
134 475 79
9 394 100
234 457 15
98 243 86
34 412 16
45 427 83
179 334 36
441 451 42
35 192 32
214 262 11
37 357 79
122 244 76
294 483 90
217 304 84
38 397 49
94 464 77
159 216 61
70 464 1
247 298 60
151 269 92
6 236 89
269 482 40
153 323 99
37 170 51
245 400 67
26 476 53
108 447 23
2 145 66
18 94 79
171 372 12
426 497 4
56 449 78
51 249 33
112 125 47
358 428 40
70 276 40
121 409 96
149 195 83
233 394 70
14 83 30
96 297 19
336 436 14
222 352 28
225 492 95
261 493 88
54 288 21
111 160 79
106 389 66
85 353 7
15 459 51
76 413 13
163 397 97
168 434 22
108 166 28
65 302 39
235 319 4
136 246 78
189 423 79
168 275 21
61 94 30
268 488 33
127 491 59
98 157 98
247 452 29
343 388 88
151 405 19
159 195 29
80 169 74
327 373 68
155 456 31
254 369 100
223 392 94
11 328 8
260 377 63
219 493 24
89 495 48
287 490 56
79 461 26
172 214 74
31 339 71
329 365 100
89 356 12
8 88 57
391 498 89
24 32 25
75 387 32
250 264 44
466 480 37
235 277 36
134 167 68
177 412 72
58 430 6
133 354 90
76 418 38
43 233 9
335 451 52
89 225 49
132 468 14
170 172 76
10 235 24
161 387 19
34 169 100
119 454 19
29 479 30
71 261 11
11 447 80
234 433 17
128 366 5
78 255 44
19 180 8
221 281 69
88 471 43
315 399 41
362 484 39
181 473 24
19 343 9
400 495 28
49 353 71
93 439 23
209 462 24
102 375 68
162 285 53
37 475 51
69 464 40
6 438 76
58 240 75
94 468 30
54 399 68
189 276 59
86 351 49
13 324 74
112 205 96
65 393 93
331 380 93
71 491 74
128 464 10
36 69 51
310 396 22
0 283 67
87 92 6
214 484 34
196 328 18
29 41 82
257 403 60
177 295 95
361 392 94
69 137 50
92 416 22
173 208 46
206 293 55
325 489 52
252 366 70
18 261 93
102 348 35
233 357 10
126 448 63
237 247 12
270 308 33
78 102 11
82 137 73
298 313 80
208 242 56
98 139 36
67 140 21
371 405 56
15 416 84
93 99 81
62 211 94
261 488 16
195 387 46
23 381 9
444 471 58
248 296 85
12 286 69
323 458 62
100 215 46
205 476 66
70 284 65
153 371 15
356 398 54
284 404 79
242 321 4
178 277 93
73 294 39
90 363 39
86 250 84
302 483 26
112 450 2
399 484 10
286 350 32
177 345 44
208 475 12
426 470 92
304 443 21
27 148 29
23 470 96
9 357 2
11 90 11
345 492 57
103 127 90
30 374 7
258 370 18
205 490 8
69 280 13
103 431 50
90 315 26
14 173 12
190 193 59
55 244 43
223 349 93
288 320 72
192 208 19
28 453 29
49 70 61
459 473 49
225 323 25
10 48 49
313 446 1
56 433 53
380 492 51
326 375 84
93 134 13
67 148 28
244 332 2
20 317 3
228 349 42
116 278 73
96 308 96
27 83 76
263 486 76
110 452 76
196 440 89
121 165 36
114 385 37
1 395 4
13 287 6
81 335 69
137 169 31
55 290 88
291 433 18
61 370 52
68 250 17
116 459 90
25 145 98
199 207 87
149 366 63
164 395 93
150 321 12
270 430 67
7 93 64
420 427 69
58 396 19
209 292 56
317 422 34
327 437 59
158 266 25
223 493 40
1 302 17
151 215 11
64 429 61
128 394 24
28 198 84
308 442 3
43 268 54
114 252 54
118 163 24
341 357 29
51 123 59
209 488 96
92 150 85
292 413 89
155 487 59
20 329 83
96 498 14
45 397 76
87 147 91
8 157 97
158 457 67
249 309 27
295 414 2
302 442 13
86 271 94
220 321 50
337 489 40
302 338 1
427 448 24
27 312 57
61 344 82
372 487 76
115 423 20
40 303 43
65 342 23
445 476 73
230 286 36
41 469 59
114 206 53
298 394 6
295 314 83
94 213 72
14 245 80
281 491 100
4 226 79
86 427 85
38 41 9
403 477 44
279 487 100
47 469 38
447 454 75
375 420 83
95 233 86
357 474 75
308 335 10
219 431 56
334 491 57
319 350 29
109 361 87
251 353 12
158 223 48
248 487 77
3 396 86
28 118 66
322 357 13
27 202 12
270 447 47
102 103 97
8 290 36
203 437 24
214 386 48
181 266 86
129 226 86
57 105 95
89 275 31
108 241 63
36 236 38
135 181 38
297 479 83
168 386 1
128 136 21
311 493 27
67 382 25
144 239 99
35 155 71
179 330 43
156 240 5
63 132 47
297 335 84
411 469 8
198 356 47
318 498 54
79 493 24
193 404 37
250 498 85
204 333 70
274 485 100
283 318 8
314 483 29
56 426 67
83 115 44
344 369 33
11 352 20
94 172 26
99 341 90
190 252 72
50 65 22
13 286 36
118 323 10
293 400 67
160 408 79
54 102 93
362 389 57
45 122 52
10 291 2
380 454 77
28 98 38
171 266 11
196 277 57
98 106 91
408 415 37
232 352 49
378 386 6
140 401 1
126 480 34
186 336 5
37 498 21
63 424 65
381 432 22
381 429 10
368 499 52
252 439 38
21 482 71
115 236 15
95 154 50
223 264 15
366 408 9
125 163 45
334 388 73
25 316 11
372 394 17
8 351 4
180 368 25
269 362 12
337 441 2
151 345 53
74 388 84
139 144 3
23 152 85
254 400 67
159 396 5
244 491 85
18 160 14
44 410 39
73 298 34
362 449 81
225 340 69
68 495 84
245 299 65
40 494 74
313 433 10
236 263 44
121 314 98
212 382 83
299 465 42
58 161 82
353 367 13
69 442 93
35 80 18
111 277 62
46 168 71
47 289 48
82 290 95
138 246 66
72 190 64
120 129 63
237 270 78
121 271 41
317 376 60
36 269 77
277 278 49
10 339 65
359 439 18
33 196 36
260 305 94
170 456 43
369 457 50
212 465 85
115 220 77
43 62 66
90 355 89
365 471 51
212 406 35
45 72 36
99 413 41
204 370 2
123 361 86
266 317 24
53 484 18
66 400 46
246 474 58
138 430 96
310 332 31
45 128 88
423 470 33
297 330 48
241 330 31
417 450 84
46 169 40
345 367 61
97 170 44
34 121 30
76 341 33
280 309 12
278 350 47
63 110 44
50 176 79
166 446 35
347 437 6
262 388 43
2 102 58
222 326 12
319 378 32
87 438 25
54 455 43
185 315 55
60 257 87
339 443 90
5 374 96
55 269 61
170 284 33
60 305 32
121 269 48
218 394 9
49 235 82
398 470 18
78 424 55
32 155 97
200 334 51
34 143 42
52 86 19
128 165 71
47 359 89
245 432 18
37 268 39
165 353 31
86 321 12
61 336 75
138 441 2
53 63 62
103 295 89
31 447 17
60 395 21
69 219 83
383 488 16
9 171 76
291 494 84
13 120 65
97 291 91
87 397 62
99 361 58
56 452 15
168 459 92
109 316 14
294 470 27
181 283 27
14 231 15
117 268 100
344 394 2
373 478 72
3 189 1
69 111 61
52 292 17
67 112 59
5 60 70
166 280 97
35 295 62
209 223 84
71 378 51
279 299 53
146 439 89
8 307 58
340 371 76
380 499 41
111 432 8
364 412 36
125 146 43
23 461 35
90 246 13
237 375 12
188 471 18
334 490 57
70 264 54
367 456 28
319 385 62
316 355 3
242 405 88
180 320 23
63 302 15
24 102 36
157 372 51
58 260 23
120 365 52
27 359 50
324 435 81
42 468 36
56 305 35
439 486 33
133 322 93
69 284 74
143 309 22
42 306 17
384 452 54
221 317 61
350 388 19
143 468 90
375 471 90
219 389 5
224 365 75
34 126 79
300 487 34
65 351 91
220 279 46
6 319 40
245 414 3
93 349 20
267 400 63
474 493 28
6 459 58
166 334 6
262 331 90
216 258 58
285 470 69
58 210 41
39 123 22
94 347 16
308 406 97
60 92 53
415 431 61
115 118 18
84 124 67
374 395 1
114 147 53
165 496 59
256 292 6
340 353 31
27 375 93
232 449 20
16 66 90
159 319 51
161 459 2
24 36 57
134 326 40
67 161 54
51 176 43
206 405 74
101 202 70
311 384 16
86 175 81
67 186 30
336 345 45
290 397 58
71 423 85
408 476 17
292 399 100
162 167 13
129 140 90
95 450 80
269 401 35
104 323 92
188 424 6
276 290 30
185 270 30
296 307 63
214 252 37
83 206 68
100 396 3
214 375 9
275 322 19
46 89 44
38 74 15
224 402 61
162 207 27
169 317 100
100 230 93
155 365 98
7 200 43
95 354 62
56 263 39
207 410 70
260 345 81
85 121 81
100 132 29
164 437 29
35 209 45
48 118 9
115 186 99
168 423 83
157 324 89
51 383 39
260 436 55
449 484 63
310 487 31
159 336 63
153 430 2
177 400 84
70 114 59
10 303 98
132 434 79
368 387 92
179 493 45
90 126 25
78 484 85
271 482 90
131 413 69
78 97 6
278 353 24
347 406 63
102 486 84
222 493 31
196 396 31
305 417 6
111 388 19
165 395 63
139 391 48
151 280 87
137 210 35
231 474 74
346 377 33
88 166 64
131 470 64
240 495 5
460 476 58
52 379 39
27 457 88
468 479 1
147 295 22
28 283 53
62 425 76
261 400 80
112 446 60
82 482 26
422 457 93
33 93 83
63 368 16
232 435 63
151 259 39
225 472 94
61 62 65
80 135 48
287 306 96
319 355 5
84 353 8
17 69 17
154 213 10
66 411 50
124 245 82
58 455 63
48 395 24
10 164 11
297 411 82
264 426 27
131 440 29
399 432 20
186 307 18
439 440 37
21 491 7
117 364 56
458 474 49
178 234 95
212 409 10
314 350 96
277 348 68
71 193 94
91 368 36
179 208 75
84 243 75
10 73 46
451 458 70
58 269 39
58 314 96
422 466 22
280 285 76
68 438 26
132 309 59
118 372 61
334 390 25
316 483 48
265 322 59
114 152 66
238 254 74
24 193 68
401 489 56
139 160 16
138 280 65
152 197 92
25 139 43
57 194 93
178 449 33
304 336 67
99 265 73
95 442 31
72 416 43
159 282 44
228 256 16
168 283 38
97 459 71
140 452 93
51 102 80
109 134 85
130 341 79
249 445 16
79 146 86
339 372 26
318 370 27
10 403 10
157 410 72
52 425 53
57 64 49
31 292 87
176 388 82
172 353 49
195 472 33
9 145 58
92 285 60
260 370 72
163 275 21
86 496 24
70 347 29
115 178 70
204 260 76
50 82 39
295 341 39
18 365 14
63 124 84
217 253 73
262 356 54
41 179 6
187 198 20
272 379 70
96 330 71
11 266 70
129 435 72
221 464 6
252 484 77
138 244 86
132 454 18
309 427 31
162 253 88
133 155 59
101 302 51
250 411 6
42 428 29
384 419 93
461 490 39
176 243 42
210 235 40
22 129 98
283 486 69
165 341 34
253 472 73
378 490 60
255 428 46
108 220 91
116 258 51
159 453 70
76 278 59
203 217 42
397 460 67
196 224 88
281 362 87
313 328 82
261 395 23
121 480 21
60 487 45
24 243 36
66 269 48
257 344 50
216 460 39
60 322 66
68 175 79
357 428 63
41 151 100
3 249 71
154 434 33
5 340 88
49 226 61
180 363 58
120 242 83
320 499 74
42 327 40
295 484 5
121 342 39
72 219 68
136 387 62
103 144 4
241 301 36
179 409 43
139 324 42
326 425 86
6 401 63
6 144 80
118 162 22
57 139 79
174 252 36
227 493 72
89 271 73
372 402 73
178 467 54
191 245 44
173 446 11
112 381 65
284 438 77
419 483 63
184 360 14
296 480 28
123 322 21
7 308 46
207 365 62
216 375 100
57 276 60
76 317 55
238 347 88
157 442 28
39 282 90
57 117 92
183 205 78
391 406 84
358 395 33
129 176 98
32 352 86
32 197 11
148 248 28
53 396 17
165 264 84
50 98 4
366 431 74
158 203 33
331 383 31
371 432 53
352 390 31
112 301 88
15 421 23
60 430 8
403 418 21
171 370 59
26 165 42
116 343 25
304 372 54
259 462 11
144 184 7
61 77 78
83 367 9
55 226 8
60 176 9
427 461 62
4 73 91
183 214 38
88 182 95
137 190 96
116 490 17
347 454 29
78 291 19
221 470 45
21 225 59
308 416 86
10 325 25
71 466 6
245 449 20
67 145 94
415 450 48
15 68 74
271 441 46
397 461 47
121 438 70
363 403 89
391 490 71
306 470 63
260 335 88
170 308 66
419 453 34
385 410 70
113 380 41
79 467 28
158 195 70
276 358 27
221 472 15
380 442 72
205 422 43
128 269 64
393 441 84
49 176 30
127 147 12
7 439 20
129 412 66
214 219 72
241 474 57
330 383 89
68 384 1
165 473 13
80 418 89
1 366 67
77 302 71
116 408 17
282 477 55
132 140 46
105 434 16
17 98 69
38 206 97
263 451 78
341 376 53
224 417 17
58 209 45
453 475 53
108 368 82
281 345 86
148 469 52
61 156 20
98 448 89
123 485 73
174 396 18
211 334 62
3 56 4
234 344 16
186 387 38
146 331 29
414 498 61
439 467 63
75 133 95
103 104 26
106 304 36
23 437 37
281 297 27
121 323 36
275 399 79
24 446 25
327 420 27
410 454 10
43 339 87
91 439 66
86 195 46
143 335 100
283 397 92
103 344 59
43 215 3
139 478 4
118 331 57
270 366 65
145 315 86
22 84 38
274 477 58
335 473 23
10 217 19
118 389 46
258 461 96
56 281 21
11 223 19
239 440 61
247 281 95
267 432 24
279 315 18
38 366 15
71 458 64
124 218 49
46 134 19
278 416 68
335 395 28
6 175 3
46 499 61
100 343 33
338 349 83
169 433 1
75 86 3
105 148 48
372 433 69
78 433 80
258 467 56
91 224 73
58 150 59
158 324 68
45 448 42
342 430 65
280 353 13
187 269 22
279 307 52
26 192 52
290 375 94
30 490 88
65 284 38
179 454 16
231 269 79
45 187 6
90 304 8
19 302 96
200 373 55
13 429 57
278 477 35
174 188 91
136 402 75
278 398 82
104 107 74
118 179 18
177 206 28
287 411 41
163 375 23
323 380 27
67 442 19
159 462 35
39 132 1
65 437 71
94 449 27
256 333 15
119 248 67
220 252 64
2 51 57
120 468 53
39 448 48
93 268 50
102 339 46
136 255 76
132 404 11
364 438 47
42 389 68
108 252 27
173 355 57
207 417 38
26 272 62
132 313 81
264 300 49
237 472 33
200 379 10
204 320 75
184 441 2
111 255 45
179 238 85
28 89 91
147 165 53
73 204 28
266 433 40
357 465 21
176 185 43
201 478 31
211 268 44
318 407 30
19 356 18
234 354 36
196 264 82
187 210 35
2 114 55
248 339 85
195 233 8
177 320 27
226 281 41
95 99 9
293 300 50
139 205 76
113 320 87
220 258 92
7 241 20
350 366 40
193 304 64
59 200 37
68 214 82
81 229 14
247 345 56
15 56 73
4 476 65
176 399 85
100 447 4
99 274 25
164 367 67
274 366 76
60 396 60
175 351 51
8 330 46
199 413 56
416 486 1
85 139 71
90 294 77
275 477 84
140 423 17
297 387 37
77 180 51
206 364 85
268 331 56
74 84 31
142 491 69
135 144 54
245 298 89
141 324 28
215 403 22
280 321 9
63 469 89
111 148 37
161 293 10
352 423 97
252 276 54
12 163 50
382 424 92
24 256 19
58 492 53
324 496 91
174 288 31
139 264 74
58 342 3
76 330 4
90 293 92
35 424 56
51 477 61
8 488 48
146 290 85
66 142 24
398 432 67
54 292 77
255 363 45
239 469 24
105 230 70
211 214 12
422 497 93
83 300 87
68 397 9
171 254 31
192 239 2
10 271 91
182 443 65
243 457 97
282 368 55
155 228 31
286 431 9
180 392 74
101 370 42
232 375 91
277 428 66
142 399 2
88 361 83
70 410 73
174 200 55
162 210 76
215 221 41
212 485 17
43 134 40
414 432 48
21 116 78
185 424 96
175 455 82
243 374 69
74 196 39
142 184 87
43 335 34
237 409 66
435 493 72
403 430 4
139 389 82
108 416 90
97 494 31
240 473 60
331 415 19
90 260 88
324 450 99
174 218 5
130 133 27
169 479 50
67 236 56
167 334 44
400 406 14
158 451 29
15 315 85
171 426 87
187 302 39
414 440 77
29 407 94
32 53 17
24 282 100
51 408 62
274 400 54
56 216 37
10 451 23
173 405 19
10 134 72
7 225 40
104 352 27
470 485 8
57 224 43
81 144 74
17 114 26
214 305 91
195 333 32
93 226 59
64 268 42
94 493 85
226 304 6
143 352 54
157 164 14
120 307 97
44 310 14
140 349 47
89 452 88
284 496 45
257 318 89
42 237 87
195 404 2
344 365 64
132 477 10
253 483 7
35 477 58
365 367 41
9 256 13
322 415 83
154 259 14
161 337 34
181 194 3
87 280 31
315 462 59
111 168 1
98 190 39
18 70 45
305 367 12
121 313 75
370 403 74
135 227 10
29 185 47
138 143 16
163 406 49
32 389 6
123 183 70
268 362 43
9 330 95
369 458 80
110 117 66
192 196 45
86 471 78
419 454 23
231 378 16
130 165 10
122 271 75
88 192 92
174 262 91
283 463 62
2 392 61
135 270 53
76 165 28
267 421 17
351 416 90
219 359 36
9 411 7
209 359 69
149 245 42
338 402 63
360 387 3
14 18 69
141 163 84
74 394 33
50 111 39
384 489 40
365 478 98
318 449 81
16 173 78
46 51 2
245 496 73
78 439 94
445 479 9
10 179 76
65 179 58
184 363 96
149 160 51
67 445 51
123 443 42
22 134 50
17 450 76
33 395 11
10 129 79
230 321 56
127 144 96
234 378 99
228 285 18
287 319 64
4 196 38
113 267 33
416 452 23
127 384 12
364 409 27
205 419 59
385 463 10
341 406 8
80 380 32
143 191 48
462 485 88
368 453 69
18 443 54
163 461 17
222 287 100
216 347 58
167 476 40
144 320 99
126 219 6
55 339 42
151 395 78
251 302 35
81 296 46
252 341 95
21 316 69
132 323 23
250 337 67
120 127 66
156 302 33
179 307 62
296 435 35
178 205 55
192 475 61
75 232 15
45 467 6
213 338 63
129 456 23
235 431 25
107 343 12
333 355 8
9 495 97
108 427 4
257 350 26
84 201 93
314 476 90
310 384 3
309 417 5
289 435 34
141 352 47
72 308 17
30 124 96
70 217 6
136 454 68
105 404 70
156 188 46
2 280 32
94 222 37
248 468 3
148 467 89
239 345 53
53 331 33
341 344 99
256 304 71
245 296 38
208 469 20
48 130 36
187 358 13
10 203 57
62 72 100
243 408 27
116 194 67
222 432 6
164 339 70
175 338 11
175 416 14
208 249 68
54 369 73
190 272 44
4 156 100
106 484 18
346 431 18
157 265 21
220 491 14
201 390 30
251 463 31
94 246 94
46 258 85
298 337 38
192 216 40
93 468 16
45 336 43
374 442 73
233 301 67
20 146 17
22 228 78
463 466 98
17 394 46
320 363 79
351 473 38
83 370 17
282 481 79
75 231 62
362 393 60
113 191 30
406 409 74
84 218 40
274 435 90
69 188 41
41 204 87
125 348 78
191 429 28
226 480 25
92 105 62
84 150 48
119 286 92
59 312 9
181 375 43
348 469 47
393 428 28
184 191 40
135 182 96
5 40 15
50 154 3
278 389 79
53 435 3
67 418 83
46 137 76
31 417 9
134 425 60
3 219 80
46 344 98
178 200 4
78 211 49
74 303 2
74 182 20
108 468 84
57 100 69
308 341 55
166 492 56
241 261 18
265 359 34
5 157 73
276 320 94
316 320 51
65 355 7
322 414 17
45 303 62
440 499 78
46 398 85
103 428 3
244 385 34
238 450 18
92 175 12
223 475 100
119 379 25
100 444 97
215 420 35
105 461 57
108 113 39
62 283 54
221 259 38
368 486 65
32 49 59
90 165 29
266 409 87
158 341 74
183 333 25
39 332 92
223 424 8
121 454 61
99 134 99
123 444 17
239 244 66
393 495 15
82 451 87
7 407 75
0 195 93
34 311 76
197 414 1
92 202 12
18 133 100
301 330 28
68 459 21
25 408 28
54 313 82
135 491 90
103 130 35
125 164 30
189 211 73
172 471 85
68 158 90
157 205 38
208 448 90
209 453 8
51 342 71
252 430 4
44 95 15
415 439 49
219 356 25
89 186 53
146 346 2
78 139 37
169 424 86
277 351 85
151 158 12
12 293 25
88 123 48
188 349 36
166 185 86
114 265 56
82 262 72
89 328 67
114 468 15
269 372 14
239 366 76
118 144 57
172 181 93
273 404 66
183 316 57
319 376 27
169 305 41
12 179 96
326 483 2
304 457 15
451 467 40
145 448 66
146 319 36
124 162 38
31 231 85
147 289 81
318 384 93
311 401 46
464 483 4
184 383 43
216 439 54
221 231 27
67 272 5
222 243 20
21 368 15
403 439 68
344 455 13
99 349 90
55 294 5
213 246 50
135 492 67
194 495 67
324 349 74
72 421 31
74 332 53
296 383 17
330 412 60
25 457 84
277 288 80
106 383 95
33 323 79
238 431 81
289 415 48
117 191 1
236 498 46
74 180 96
262 329 5
37 144 43
83 208 25
341 399 70
23 107 66
165 408 35
57 179 75
92 438 33
189 324 61
265 306 47
268 291 18
56 280 89
39 161 88
67 268 62
94 461 70
270 333 34
63 202 4
115 275 39
137 281 6
122 197 27
372 493 86
190 440 68
44 113 81
111 162 81
198 461 31
38 455 68
35 275 82
79 151 87
290 497 100
25 317 19
73 162 91
23 70 77
166 289 33
185 194 72
106 463 86
344 378 23
95 473 4
120 346 77
117 251 63
74 120 82
135 285 48
72 325 31
109 124 74
395 488 61
127 352 14
35 286 89
392 426 5
152 493 22
154 166 59
259 463 59
126 330 15
49 256 1
133 250 64
37 164 46
157 177 12
51 449 79
361 413 88
82 401 81
143 231 95
325 418 61
184 359 79
260 266 70
212 431 1
114 144 60
162 350 25
213 296 39
159 432 91
159 477 98
90 310 26
177 186 52
50 119 94
352 486 70
92 320 38
235 387 76
12 147 66
397 421 80
237 272 74
153 495 8
128 473 25
306 352 56
142 353 13
137 242 2
203 313 82
241 410 7
140 208 80
73 325 68
14 81 99
83 294 56
55 456 58
56 200 66
8 451 9
147 244 20
12 285 30
14 107 78
306 347 98
419 467 92
102 236 74
222 412 30
386 462 77
215 347 30
126 245 86
22 266 69
238 290 28
423 481 56
15 458 3
11 64 78
170 407 70
180 362 47
88 491 10
436 461 44
72 185 60
201 455 89
125 384 76
64 269 57
88 152 89
164 336 99
267 357 20
355 429 48
274 314 36
272 319 80
7 95 73
160 320 53
477 490 11
176 393 63
50 282 12
393 455 90
232 464 62
196 290 98
22 433 11
291 413 69
112 295 7
120 327 37
149 417 2
10 289 21
30 355 70
211 437 23
430 441 44
99 345 7
293 392 21
137 146 18
201 411 90
282 496 60
41 368 11
4 375 60
182 194 22
357 404 83
199 225 12
284 442 43
6 23 10
40 248 92
50 231 32
80 493 47
70 382 60
253 265 34
24 145 82
331 368 26
336 350 21
139 338 37
228 400 26
114 141 26
36 81 17
205 357 23
95 369 86
70 483 48
159 379 57
383 403 24
199 452 49
2 42 22
2 238 29
36 309 10
104 442 55
93 245 7
5 43 55
130 211 61
108 452 71
395 493 65
329 361 67
277 325 96
7 8 18
326 395 37
98 488 17
95 250 34
96 434 22
68 483 33
52 496 29
271 375 20
87 341 100
74 161 83
56 186 89
184 280 27
68 140 100
287 305 22
230 437 53
159 467 14
142 298 98
117 342 31
339 373 67
315 473 9
75 442 79
79 322 77
170 215 14
137 486 87
172 189 79
50 223 96
46 91 56
140 286 84
49 437 67
170 457 48
241 262 43
184 285 68
375 446 41
356 385 89
88 442 91
19 293 31
226 383 68
238 461 18
53 346 41
293 360 76
370 443 57
477 497 12
70 420 21
50 190 69
66 154 76
145 217 61
9 327 12
12 190 20
282 369 70
138 159 84
255 373 19
188 394 27
206 316 44
240 428 63
217 333 63
27 162 15
174 452 81
38 179 49
176 273 51
424 441 68
345 352 58
5 348 26
59 431 87
414 433 10
36 86 87
219 468 37
252 377 78
195 205 97
193 212 14
33 365 11
221 249 88
58 355 92
50 280 63
188 443 52
112 299 85
246 317 25
168 181 22
422 469 77
291 406 87
24 161 82
112 251 96
102 472 16
418 474 49
195 421 48
47 198 9
263 400 69
9 361 27
58 169 6
93 405 91
21 306 27
329 468 87
186 462 41
223 313 44
207 248 90
250 371 8
327 359 7
362 395 89
366 398 28
201 463 98
56 397 30
284 358 49
19 140 83
235 470 25
364 459 39
70 416 48
257 312 60
122 216 56
233 406 9
228 368 9
395 411 57
139 349 84
19 306 27
62 232 46
311 372 98
394 420 64
0 99 90
10 454 62
70 128 46
86 185 100
73 280 54
230 420 35
344 494 85
212 345 44
157 169 98
135 432 20
77 368 27
164 271 32
288 459 94
222 304 66
269 433 29
139 266 91
143 343 29
186 392 96
342 370 35
57 475 6
48 256 81
58 398 55
11 152 23
239 358 58
220 417 67
143 438 71
131 291 48
160 243 46
173 185 53
12 213 68
301 449 65
58 108 72
118 467 5
180 260 89
209 305 98
177 241 78
1 414 72
37 136 5
146 298 21
258 276 14
26 222 52
370 393 12
247 450 27
187 257 20
46 470 30
24 230 1
128 198 23
313 330 93
244 321 96
41 405 69
153 471 55
78 191 82
120 293 77
36 428 32
204 262 63
160 230 15
30 274 66
76 391 22
5 106 63
109 242 9
99 123 94
205 464 95
1 207 31
268 448 44
40 59 76
42 290 11
153 154 35
70 482 80
181 192 78
4 469 27
9 442 30
140 164 55
131 192 83
329 459 65
396 499 14
290 441 78
144 476 55
277 490 80
48 402 39
157 173 90
5 213 14
46 218 27
416 468 19
41 362 56
34 267 82
241 362 34
484 497 86
325 471 34
40 141 48
115 409 57
307 488 37
153 480 58
38 46 15
249 387 88
314 442 66
165 184 66
433 474 18
49 68 91
206 313 75
57 467 33
233 257 63
266 358 92
150 395 63
75 114 35
230 444 97
74 333 65
463 464 29
154 173 52
352 450 96
261 314 73
95 169 62
102 321 82
214 345 9
166 497 23
98 189 99
296 374 68
60 254 58
146 424 34
298 350 21
377 476 58
20 185 55
233 347 65
189 214 90
162 497 37
76 426 43
59 350 28
360 397 44
22 175 51
371 376 1
127 260 26
85 395 12
201 216 53
7 121 14
248 414 93
123 293 31
77 393 50
152 217 74
6 111 93
137 379 95
111 284 8
204 387 74
244 372 9
217 308 55
191 280 89
25 38 26
248 259 89
104 191 39
136 240 19
190 466 25
291 325 99
60 389 38
421 481 65
226 309 47
202 460 91
185 374 68
244 373 78
165 317 3
57 133 55
21 64 96
36 421 85
329 333 49
280 486 33
24 168 50
238 430 49
283 371 37
172 363 42
395 494 88
127 335 36
17 200 78
105 412 11
0 173 62
459 485 79
307 451 82
98 471 71
130 244 12
128 421 88
78 458 41
147 495 79
303 385 49
21 390 15
169 193 21
207 442 55
48 244 96
168 251 86
133 385 27
120 424 86
25 366 19
1 81 39
323 460 87
60 102 40
58 497 1
87 311 37
200 410 16
151 336 49
51 313 99
93 141 67
144 310 36
15 292 77
62 171 78
285 422 13
28 396 80
424 466 74
459 463 43
115 467 75
3 146 27
12 205 42
188 352 48
259 300 47
54 368 67
27 436 76
73 131 1
25 187 31
53 281 44
177 425 12
299 306 50
11 153 81
364 431 43
195 446 82
15 164 48
133 455 77
187 335 53
127 154 45
78 399 80
200 363 48
60 129 22
271 337 97
96 158 93
71 158 62
332 467 75
26 266 5
137 427 68
100 243 51
4 274 4
404 451 23
262 278 50
243 285 56
346 395 28
110 223 13
247 312 13
298 477 29
309 329 82
277 300 6
247 274 82
401 411 15
441 459 57
44 233 76
237 425 51
190 455 2
97 101 86
4 336 8
242 457 42
331 402 35
251 315 43
190 449 52
263 376 50
336 442 58
167 454 50
69 172 33
159 246 85
179 492 79
254 452 94
45 479 59
188 389 29
54 64 61
302 389 62
0 320 55
131 398 62
42 484 69
139 388 8
13 155 9
161 201 2
276 357 26
45 315 85
73 316 73
45 362 33
139 351 32
376 395 23
91 491 97
155 277 31
95 458 17
44 96 59
218 405 28
208 380 91
164 454 71
282 485 53
91 400 1
442 497 52
105 302 44
200 448 6
120 331 89
94 321 52
255 349 83
45 168 50
58 152 74
288 392 42
281 337 25
211 469 81
114 486 30
25 176 30
95 227 27
59 479 45
150 252 31
119 223 55
10 258 99
47 242 18
44 476 15
235 261 13
204 239 24
159 416 48
212 474 58
311 435 34
129 253 19
36 156 12
320 358 49
151 451 58
198 366 61
17 253 36
382 484 3
95 263 85
317 358 92
199 312 11
301 358 52
85 219 55
193 397 57
98 132 14
22 169 24
254 283 59
95 407 45
28 427 41
28 117 62
195 452 52
305 388 52
126 472 7
201 210 30
178 384 33
8 187 75
34 316 17
195 451 50
296 356 84
153 235 68
22 260 94
191 386 9
258 482 17
101 330 79
34 469 5
323 368 74
9 44 2
352 426 25
174 440 79
328 461 79
144 353 80
80 100 57
111 210 63
88 205 30
300 307 93
53 333 51
281 497 21
25 250 95
96 342 80
287 334 85
190 375 64
292 296 16
126 419 99
263 265 24
452 453 16
18 391 83
221 297 59
319 429 33
300 379 40
261 363 49
275 425 14
235 480 29
130 379 67
145 204 64
168 210 13
157 408 16
294 363 46
108 202 24
167 460 40
85 98 79
93 188 63
153 184 24
243 274 88
59 196 34
90 135 90
4 470 17
250 474 1
28 253 89
451 479 32
153 269 24
63 230 99
432 451 21
84 160 17
281 301 92
36 303 16
453 474 56
90 238 38
155 223 73
104 205 93
80 456 15
79 309 59
45 265 94
279 374 74
143 332 56
190 373 85
255 292 90
43 483 72
141 229 46
133 227 94
280 409 7
32 477 48
232 355 9
283 374 35
57 369 96
116 472 90
313 347 56
66 285 4
149 393 100
441 483 43
319 447 95
241 353 59
69 74 18
120 361 97
98 400 61
274 463 25
125 227 79
63 355 22
412 438 67
224 346 51
1 25 70
263 271 31
340 438 84
10 210 59
19 475 39
108 146 52
103 491 57
315 340 62
26 375 43
189 413 20
114 478 94
195 237 89
258 401 17
74 351 83
87 357 89
3 269 11
87 384 80
113 398 79
381 425 97
105 117 11
255 364 80
94 477 57
299 441 81
4 263 52
46 497 77
12 435 67
65 210 89
368 452 62
315 428 92
164 451 58
92 493 96
191 248 23
253 271 11
161 287 76
68 469 81
47 265 30
274 362 76
61 143 59
326 469 66
336 399 23
222 427 10
22 373 19
306 434 86
132 472 34
38 65 34
254 428 91
98 167 93
60 144 83
202 361 39
108 124 72
213 289 70
293 477 98
48 258 36
206 276 85
176 365 3
214 316 63
61 191 56
293 382 28
337 452 62
81 425 48
99 156 32
222 414 22
402 456 56
49 495 65
302 336 73
187 466 89
10 115 42
62 128 29
404 474 13
256 433 56
407 430 1
147 439 7
108 111 33
7 433 92
162 280 76
243 351 10
18 106 70
61 328 62
34 418 50
51 372 40
148 349 28
183 250 76
60 486 76
135 295 33
215 304 93
124 276 68
325 414 69
149 485 30
316 341 81
5 289 29
263 440 68
2 494 15
125 380 73
5 346 31
159 461 97
383 392 55
371 459 14
444 457 51
38 167 81
106 489 42
94 157 41
87 291 99
110 379 73
267 485 83
72 464 49
75 474 8
321 487 32
191 303 8
435 480 21
115 278 80
21 488 67
94 263 88
56 96 22
99 193 38
242 320 80
128 236 53
78 198 37
46 208 39
56 285 1
7 443 8
66 258 64
339 351 92
27 235 15
98 308 35
397 438 2
125 232 81
48 381 83
274 462 32
28 83 69
324 373 45
173 368 30
217 234 69
177 375 80
5 240 95
137 403 75
111 151 72
409 486 40
189 436 14
238 269 32
442 456 63
152 347 63
262 299 97
299 305 75
122 466 22
326 373 68
121 277 63
49 61 67
220 334 72
251 266 70
161 393 66
8 107 58
9 182 72
26 352 54
36 240 42
25 132 25
320 368 3
203 442 66
61 403 91
79 376 75
124 396 71
372 378 34
70 495 2
16 198 94
246 409 10
130 162 61
294 468 34
268 366 24
197 485 80
140 327 33
225 357 52
177 211 57
232 487 54
52 433 48
81 275 36
69 289 42
255 273 17
155 187 99
342 409 4
3 70 18
126 293 27
218 299 38
149 337 62
37 383 1
35 310 72
28 395 42
17 41 73
15 428 59
345 365 10
119 186 61
249 395 1
68 246 92
241 491 95
207 430 21
360 412 12
132 298 18
293 333 11
64 461 43
160 317 8
168 272 96
111 308 18
52 316 13
62 234 49
4 210 38
47 92 52
52 394 37
469 483 78
31 189 68
35 466 25
2 242 96
441 471 94
67 209 55
84 203 19
91 220 32
281 426 38
173 363 55
28 227 57
425 489 88
223 367 75
120 383 70
238 331 5
67 422 86
28 77 52
31 486 63
125 131 31
241 285 39
209 468 2
62 206 79
157 411 19
2 362 81
44 161 41
367 447 28
244 344 66
7 460 44
49 380 53
2 240 10
193 312 49
299 427 66
162 391 97
10 376 65
130 436 27
171 467 18
370 396 7
66 484 73
88 433 19
438 455 59
179 464 88
50 347 54
0 421 1
267 414 10
88 423 3
210 229 70
187 214 21
195 297 32
203 360 12
76 182 50
32 367 17
64 404 56
311 497 48
161 356 53
95 327 52
206 285 57
200 313 27
157 464 3
52 121 25
405 485 94
340 467 41
142 371 24
7 397 61
260 364 6
176 428 11
458 462 70
106 435 7
345 347 16
1 434 67
336 390 79
85 461 68
61 188 74
189 403 76
190 499 42
154 499 78
155 206 23
171 495 65
404 445 72
224 469 19
158 476 9
0 199 21
89 106 43
375 430 85
230 380 1
367 470 94
318 457 57
41 132 12
60 431 49
194 296 64
16 192 57
0 123 29
139 429 57
311 324 63
135 310 61
149 165 38
81 84 28
157 378 53
229 350 73
38 462 55
116 480 41
184 341 46
80 322 45
26 328 77
341 497 51
244 483 29
253 258 53
112 439 96
348 361 55
264 430 93
265 370 28
117 497 20
358 404 77
264 327 76
198 499 99
41 56 3
221 404 22
134 225 30
35 293 94
398 473 12
246 434 68
14 346 37
140 397 50
269 468 41
72 243 10
238 280 65
368 482 86
46 120 44
63 156 78
57 245 9
330 443 95
53 92 13
376 486 26
275 413 97
440 458 65
116 272 76
235 306 33
43 116 31
124 429 81
300 348 31
115 419 47
83 397 27
135 222 79
210 445 76
438 483 36
314 322 73
397 463 2
281 302 93
168 216 26
122 402 54
101 485 30
11 349 21
0 385 47
270 273 31
8 373 34
377 492 84
296 378 35
135 424 100
120 122 70
172 384 41
94 482 68
149 329 19
161 457 52
197 437 16
121 339 73
351 468 100
270 474 6
192 403 1
131 414 95
26 402 96
93 364 21
23 363 32
12 180 20
376 392 70
243 392 3
441 448 3
99 264 60
25 165 39
437 484 36
156 486 70
396 468 37
97 442 46
334 452 31
195 270 77
39 166 74
41 103 9
272 433 32
236 367 73
42 482 81
216 226 27
160 412 72
76 244 17
83 88 28
228 388 65
212 233 3
8 179 63
35 386 61
105 471 50
157 445 76
287 311 49
20 34 6
144 290 29
454 466 9
7 376 51
32 240 76
109 160 92
18 60 24
300 390 93
119 494 78
342 353 76
187 454 22
114 474 56
37 484 95
430 438 70
22 471 47
346 357 20
431 475 11
329 496 5
7 232 37
114 219 90
69 401 33
218 219 23
207 226 17
188 467 16
120 252 4
219 367 63
268 394 91
59 84 99
66 248 24
238 438 3
194 471 13
29 70 41
182 353 3
107 383 97
122 444 82
163 294 32
22 207 14
47 276 92
16 237 78
436 465 11
19 327 53
309 310 49
61 492 66
4 183 82
219 454 20
241 347 52
142 470 93
447 471 90
77 120 71
210 369 65
268 430 38
302 474 77
255 415 16
33 198 31
63 296 59
327 372 11
103 222 41
121 185 87
81 241 30
116 127 62
447 499 85
130 464 77
28 157 78
241 404 29
247 497 9
223 414 64
37 217 76
163 298 85
162 171 88
46 227 71
142 476 41
32 480 69
108 281 31
54 97 39
1 82 8
54 452 90
51 82 37
207 265 36
103 382 11
264 281 11
5 222 65
309 497 11
17 372 53
269 284 99
125 445 40
41 145 83
116 156 1
72 393 45
0 395 97
443 453 57
203 250 55
51 125 57
184 295 46
76 398 79
165 351 91
275 282 66
49 447 44
31 173 84
111 361 76
69 420 62
133 268 28
124 478 57
14 244 7
260 430 81
206 324 66
222 318 53
101 379 51
205 460 1
50 143 20
40 309 27
156 362 73
17 458 39
13 438 12
216 242 74
345 362 83
14 169 33
345 436 57
246 391 35
184 464 88
367 444 30
214 381 73
327 345 36
4 248 92
214 231 99
175 438 82
49 224 100
79 122 51
26 395 62
156 190 88
353 400 6
147 327 21
390 468 8
266 349 82
13 426 46
125 408 42
453 480 59
172 195 6
66 262 56
160 493 95
316 467 60
143 292 88
12 365 53
18 430 89
34 474 87
171 468 69
308 437 42
68 240 49
153 216 58
82 210 18
38 459 63
100 415 56
251 290 63
221 289 78
104 345 3
34 148 81
113 295 52
110 420 76
54 377 19
260 360 55
15 202 52
258 431 3
110 264 11
450 453 66
253 391 4
421 493 8
239 293 98
36 181 41
74 445 2
196 364 97
59 317 30
204 386 94
54 419 38
279 354 13
20 432 29
277 342 100
180 272 56
339 374 67
241 483 43
157 441 9
106 479 56
169 355 89
137 256 88
471 491 89
195 320 42
122 386 95
21 51 78
304 446 75
149 265 85
73 232 64
267 420 92
163 243 46
365 456 67
231 297 79
132 499 35
281 374 98
296 455 92
226 289 39
298 319 92
147 482 58
67 354 9
160 487 5
222 457 85
117 242 5
13 391 60
190 485 2
143 171 10
96 390 97
283 435 7
95 260 93
296 331 45
149 487 56
115 151 83
111 294 17
397 409 49
137 237 57
271 381 48
14 159 68
203 445 76
8 349 2
5 52 25
93 156 92
36 300 93
112 245 80
487 498 37
85 325 8
112 421 97
35 326 2
9 52 48
14 419 44
42 420 44
284 465 71
392 485 56
149 432 35
351 415 55
0 156 36
113 172 84
114 213 45
113 290 94
298 396 11
405 433 4
77 200 3
161 473 65
391 401 7
343 410 19
192 211 46
157 226 19
220 253 97
112 198 98
293 353 96
24 174 94
102 256 85
264 481 15
45 476 19
73 309 19
0 399 57
427 475 22
332 351 75
224 451 17
277 307 49
114 115 28
286 482 57
307 453 59
260 406 78
77 305 39
34 66 56
307 343 32
183 431 6
137 187 75
247 398 14
4 413 27
22 312 90
59 210 60
68 262 98
56 248 70
1 349 56
148 314 74
140 212 1
286 423 59
38 199 28
108 460 15
111 251 38
351 481 43
91 309 24
105 150 52
85 225 36
438 496 21
69 214 79
120 244 67
90 151 20
276 479 90
293 467 74
72 214 98
81 180 43
50 450 42
36 243 74
149 328 80
37 494 48
479 483 4
74 118 96
98 125 88
337 408 61
58 345 40
267 368 76
152 437 32
276 467 45
134 183 27
272 432 85
95 114 66
215 461 77
2 380 10
346 390 31
166 426 92
284 439 12
314 440 88
26 263 40
17 468 61
398 451 88
100 423 16
129 303 58
355 421 41
236 458 67
284 342 31
3 391 32
31 174 82
166 342 44
227 239 22
63 496 37
256 491 42
179 313 36
160 233 33
163 223 30
189 376 71
174 263 53
276 343 94
15 172 1
275 403 42
344 408 10
19 103 21
190 278 49
311 363 16
220 398 96
234 310 35
115 363 95
271 293 82
58 437 39
213 374 3
92 377 77
29 86 71
403 495 96
28 269 44
316 490 10
165 179 91
6 473 40
274 409 7
332 385 57
219 340 86
325 497 14
110 370 82
372 399 45
197 441 97
267 271 10
338 498 11
36 164 67
8 495 78
15 451 42
177 420 87
56 350 42
56 144 80
56 339 5
47 106 13
1 394 80
429 497 83
359 398 3
127 300 80
54 306 6
157 339 15
313 320 94
2 205 16
296 347 52
60 422 10
94 403 40
102 362 86
82 276 51
185 199 54
302 436 59
345 498 25
80 432 60
10 107 65
3 477 5
202 417 65
252 327 80
31 186 31
189 421 56
60 224 1
289 451 55
197 230 24
1 444 85
21 343 91
23 474 73
46 163 66
251 324 76
299 481 14
75 381 86
173 451 66
69 353 85
195 235 72
49 320 42
282 316 55
383 422 52
113 135 91
114 351 30
73 389 90
56 474 13
237 435 6
326 331 68
3 418 18
125 208 58
480 493 99
132 304 94
319 388 48
110 432 47
351 499 96
304 429 26
1 364 54
179 351 80
169 414 8
298 480 13
32 366 45
360 427 46
22 449 14
103 333 77
254 267 98
252 496 76
196 412 83
171 304 19
83 396 22
376 410 97
24 270 53
90 405 68
389 463 52
6 94 86
394 443 87
61 337 80
161 333 29
117 431 97
288 444 79
199 437 54
97 383 33
203 347 56
27 345 29
362 409 96
64 314 14
285 328 34
172 321 22
56 141 17
478 481 69
63 362 47
147 305 8
12 211 23
276 487 68
188 482 65
163 494 28
69 84 11
145 350 72
94 149 55
119 290 47
1 30 57
86 380 7
456 485 7
74 458 32
370 383 12
86 325 31
96 397 61
312 377 20
384 409 93
409 411 71
155 247 84
18 276 34
146 246 4
52 469 1
338 363 61
211 483 97
112 445 76
213 360 59
374 430 62
336 480 48
51 469 3
161 489 14
190 478 7
180 479 52
208 290 96
60 187 2
41 51 89
212 349 47
142 358 82
38 188 38
42 390 61
143 413 10
151 445 26
214 443 99
367 462 96
435 458 29
214 347 86
171 359 94
181 281 22
281 360 22
477 487 59
439 460 68
400 440 93
13 313 38
137 303 72
22 195 58
216 413 37
334 477 71
387 436 67
30 114 13
38 111 99
67 151 42
220 397 18
105 269 72
100 321 43
80 166 59
25 59 70
111 172 80
45 250 25
114 337 52
77 413 12
86 141 54
404 449 52
133 348 42
307 490 87
84 333 36
150 484 74
24 487 96
400 466 55
334 412 80
363 364 60
145 183 40
94 261 21
110 431 95
291 449 74
138 403 32
368 405 81
223 416 23
317 372 89
37 158 28
54 298 9
251 326 18
171 249 26
68 289 96
70 489 62
236 301 2
32 121 8
394 408 45
265 321 6
161 289 52
339 472 66
347 405 67
243 441 95
294 342 4
139 424 64
360 450 72
149 370 33
343 382 40
1 173 22
186 369 55
52 204 78
249 374 53
117 359 98
292 370 76
117 394 83
192 352 18
359 422 52
288 394 23
177 198 25
22 258 10
358 377 69
132 478 11
94 490 4
6 201 79
148 390 41
1 17 79
281 448 98
318 341 86
130 307 18
243 357 7
3 481 8
321 474 34
291 411 27
130 412 89
85 437 73
39 104 2
193 470 25
302 345 69
161 400 40
131 138 49
82 440 10
208 357 52
385 430 58
172 349 96
73 475 85
186 420 50
254 384 55
260 435 33
14 90 39
266 462 64
44 296 100
181 437 73
91 446 2
262 378 19
111 288 64
259 446 48
174 295 27
296 486 81
23 71 22
229 473 33
169 234 25
145 179 36
102 251 49
26 213 16
13 236 62
327 408 24
49 211 12
303 326 7
88 431 77
251 311 73
15 42 35
158 180 38
84 357 75
269 320 85
70 459 73
39 127 51
105 110 28
105 492 44
130 293 28
154 465 69
378 496 43
52 56 37
222 458 50
144 240 17
443 465 55
14 446 45
118 267 23
25 224 64
52 265 21
148 231 46
400 457 43
165 438 43
451 481 89
311 381 60
360 398 83
149 207 84
234 464 55
321 337 76
249 483 8
52 466 22
351 407 41
172 283 84
0 70 97
17 407 95
339 408 82
236 243 53
285 291 41
29 101 18
94 169 71
40 349 64
34 184 73
291 327 29
12 41 40
70 377 97
177 275 71
81 87 37
157 291 50
119 402 48
245 397 90
74 305 99
304 460 93
43 101 8
222 355 33
228 390 15
344 411 4
138 450 91
257 360 44
115 207 97
270 323 82
201 318 57
78 237 90
145 220 63
299 366 22
2 161 69
90 273 2
337 391 66
275 384 90
139 486 29
24 30 72
63 84 10
271 385 81
44 347 44
89 480 47
17 495 100
274 332 23
161 271 78
100 271 66
143 181 61
171 457 84
269 473 66
97 353 81
255 288 31
197 327 97
344 400 89
269 275 29
39 229 2
38 383 75
50 217 70
175 449 70
167 238 59
201 417 50
297 410 70
381 444 46
24 341 81
98 278 54
188 450 26
16 378 59
232 458 52
132 435 6
196 306 30
16 413 40
129 386 20
264 278 98
17 18 48
320 425 60
112 424 58
234 484 72
18 402 49
246 367 93
153 470 46
120 296 81
101 242 88
238 244 1
15 424 83
170 178 86
215 469 95
181 499 80
398 436 44
395 434 42
113 196 74
51 298 61
324 357 62
430 466 23
74 280 64
328 459 73
44 372 41
97 474 63
301 319 26
307 338 25
142 177 87
102 115 10
150 498 80
185 417 54
195 371 31
98 237 33
399 440 82
202 465 8
311 364 10
175 384 60
59 376 88
26 179 57
286 443 95
270 324 14
287 437 1
157 206 9
420 428 98
19 190 76
125 258 79
37 247 38
85 346 80
41 414 40
436 495 86
54 179 25
206 462 41
24 194 52
4 83 29
17 103 63
0 1 5
379 429 95
129 224 58
80 236 7
26 308 30
326 338 94
47 87 69
148 272 77
114 357 70
152 230 53
187 209 40
31 489 4
264 272 73
182 400 95
91 420 46
21 33 62
113 138 5
18 239 98
289 378 73
49 164 3
192 387 67
247 475 43
446 450 2
417 441 82
284 338 60
167 469 65
361 432 90
21 105 7
14 49 14
136 433 45
46 81 70
419 431 60
211 434 49
45 150 98
207 368 74
232 248 35
53 480 93
416 492 78
204 470 27
215 400 100
295 410 2
134 262 60
44 236 41
236 425 13
144 275 73
120 481 48
263 328 98
243 399 72
166 370 24
74 322 29
173 439 26
30 389 11
361 471 39
83 477 28
18 267 52
186 425 45
31 66 2
98 307 84
84 497 19
174 485 32
48 152 1
114 465 21
35 297 89
89 178 89
151 306 12
15 235 30
61 495 64
456 496 24
33 242 52
31 372 8
83 384 46
299 408 17
300 419 34
8 197 73
429 468 33
412 471 38
364 469 39
215 295 45
93 383 65
22 385 93
181 240 26
255 285 55
204 380 71
127 479 94
284 479 32
286 394 40
174 213 64
93 255 100
10 495 36
271 456 54
67 179 42
188 404 69
18 459 94
197 436 40
246 331 83
229 342 18
31 367 6
108 388 34
138 276 83
316 346 30
77 408 92
310 421 52
211 496 19
120 123 21
202 342 88
181 413 72
5 195 95
133 212 58
125 388 96
56 77 89
23 93 21
70 404 62
191 415 50
265 407 57
46 71 2
204 396 34
222 252 90
179 413 92
180 376 63
98 473 72
452 496 38
158 262 3
315 329 44
150 286 75
49 431 52
231 349 4
50 196 49
37 353 94
3 18 49
102 484 50
12 154 24
164 293 63
341 452 57
214 496 54
193 245 11
121 201 13
269 342 74
213 300 84
41 131 57
408 497 17
124 258 65
39 433 52
320 386 91
16 24 33
197 308 8
191 348 22
58 217 7
125 334 5
180 322 30
59 108 36
382 385 7
250 335 50
138 209 74
5 203 46
48 217 94
70 100 68
13 38 10
34 486 95
140 148 94
73 197 18
187 405 17
141 414 14
338 466 98
68 71 49
172 284 30
69 360 22
327 492 32
156 234 63
211 358 71
88 208 18
66 294 76
40 340 85
73 439 77
136 248 46
272 448 81
84 334 89
168 367 31
34 210 77
269 340 41
17 58 94
38 331 89
176 205 29
74 291 62
72 86 18
313 494 76
38 161 34
286 435 9
103 242 90
69 150 21
83 226 78
92 181 19
309 311 60
212 377 27
170 342 95
38 141 7
200 340 52
210 215 14
18 306 76
94 312 22
99 136 88
339 405 56
42 387 26
145 319 96
301 468 61
317 353 45
161 396 80
206 215 33
14 225 65
240 484 6
115 398 54
1 208 88
19 134 27
6 137 96
57 96 61
298 333 79
22 226 93
289 347 48
117 150 99
108 409 39
146 291 9
37 294 31
51 140 64
159 355 17
30 197 6
326 364 43
114 241 88
159 295 70
207 214 58
15 152 15
180 238 24
184 232 63
20 407 24
36 85 21
248 488 10
27 55 11
118 278 41
222 369 32
11 370 6
7 314 79
324 356 86
17 157 66
16 336 62
88 236 23
300 376 100
301 459 78
0 387 45
1 38 88
131 360 66
32 159 29
122 430 5
149 395 1
20 294 17
318 420 37
156 298 91
131 423 10
235 304 41
68 204 30
239 352 69
86 299 22
63 483 36
420 421 80
26 316 38
149 434 86
130 439 4
9 214 93
316 421 79
182 262 70
96 296 29
185 448 15
18 385 21
7 57 7
326 391 28
165 366 49
91 266 76
34 163 29
177 266 64
74 144 74
96 373 15
40 477 15
216 338 82
408 433 11
313 389 54
100 168 19
143 493 19
172 257 54
131 136 21
92 207 52
8 168 35
8 449 9
53 195 13
143 402 81
344 393 95
218 369 57
172 292 47
25 174 24
73 331 78
49 98 55
49 269 52
453 454 38
14 306 95
118 132 53
18 254 74
154 168 11
178 235 89
398 475 43
162 262 80
54 246 96
220 241 5
35 41 77
394 437 28
340 401 28
82 126 59
14 248 25
53 119 52
275 329 53
24 336 5
109 449 17
141 472 50
174 477 79
173 192 99
290 417 13
26 56 14
242 254 47
67 222 86
267 456 5
0 207 8
201 273 96
147 444 5
193 254 3
235 243 14
383 434 91
398 411 82
311 438 13
153 261 76
252 270 1
15 401 10
347 473 97
42 307 66
232 488 5
159 199 78
2 142 28
68 101 58
419 421 39
283 426 54
108 323 4
94 249 51
105 143 29
66 409 74
198 416 2
216 373 13
187 264 92
246 356 89
62 433 87
179 369 65
102 388 44
32 279 23
152 286 79
253 445 63
114 188 7
296 327 63
163 379 51
75 239 31
246 290 15
197 312 72
288 481 19
156 233 44
29 394 96
31 224 96
8 110 17
281 329 36
82 186 13
78 462 27
119 403 85
289 298 21
285 403 59
298 392 86
370 437 43
24 137 90
81 95 83
9 437 86
150 323 11
143 431 50
2 313 36
127 142 13
158 498 28
309 473 100
83 414 64
51 128 28
24 85 6
240 370 9
8 372 36
207 445 95
35 70 49
228 262 63
0 355 28
411 428 80
160 452 18
150 235 90
20 197 57
286 363 43
39 475 62
204 227 18
32 288 29
265 415 35
135 494 51
70 272 5
84 240 58
277 315 27
31 300 52
125 236 98
160 471 71
20 421 55
94 121 97
243 402 43
117 132 14
55 82 91
272 389 26
27 316 76
78 486 21
101 198 94
126 412 61
64 428 12
25 234 95
76 115 29
341 413 63
86 441 71
61 397 54
24 169 32
13 428 16
11 422 26
202 389 48
105 460 65
342 399 9
14 234 57
197 469 79
100 169 20
87 382 30
336 435 11
210 320 38
194 326 4
401 465 22
129 466 48
10 148 79
286 425 18
241 459 18
342 498 72
91 463 1
182 367 25
103 473 53
31 323 26
236 394 73
289 349 61
105 272 79
69 134 51
138 169 59
70 220 14
269 281 37
435 440 3
220 275 44
135 328 69
65 452 36
78 339 6
50 297 79
204 219 31
139 185 53
261 284 55
239 453 47
59 291 56
87 418 100
367 484 61
19 424 85
63 282 5
483 491 98
266 429 27
244 371 98
120 141 61
204 339 87
225 395 46
132 265 91
159 486 68
22 490 69
264 370 90
248 382 57
106 430 44
396 467 11
45 270 69
199 307 14
342 440 29
321 362 93
220 254 92
35 439 9
243 404 17
42 50 12
287 390 4
455 459 90
296 434 34
194 289 33
204 400 91
159 376 60
70 469 94
60 329 61
416 467 63
247 424 19
86 232 49
344 466 31
174 362 2
236 292 23
128 232 13
24 147 62
268 323 72
33 74 30
243 397 81
199 344 83
95 201 72
85 128 72
152 168 80
91 199 35
166 196 57
344 368 79
148 304 12
260 466 57
203 364 21
102 469 4
293 499 28
21 335 61
149 238 32
132 215 52
164 212 69
81 415 48
329 408 50
186 378 61
226 298 44
234 359 25
330 374 74
89 297 20
150 167 29
175 359 20
19 213 89
106 422 70
336 376 10
211 217 56
342 404 80
203 290 16
132 414 57
106 147 3
109 492 56
37 133 38
295 411 2
177 250 89
30 445 32
258 477 77
64 376 67
310 353 39
75 128 15
41 309 26
2 429 84
13 400 53
21 53 40
255 304 80
293 428 9
40 423 40
358 372 44
156 482 43
137 439 96
168 394 19
392 428 66
307 425 2
365 443 94
34 426 97
51 168 46
135 414 88
200 233 14
41 357 95
217 441 8
169 226 22
65 415 55
299 323 13
80 343 66
376 391 72
48 104 2
319 415 72
5 66 41
18 339 48
443 494 65
161 211 77
45 413 17
55 250 57
133 208 92
334 375 11
25 172 66
89 116 32
199 203 48
180 193 77
154 426 83
160 194 67
216 396 20
20 489 27
349 450 44
154 162 88
38 147 100
277 379 61
275 416 35
206 341 24
59 122 47
74 292 96
151 185 63
268 287 44
165 247 89
284 431 61
161 462 24
93 386 85
62 242 43
127 256 1
142 191 45
61 359 86
113 322 68
85 264 1
153 192 39
270 449 26
273 290 18
88 381 3
33 137 81
92 458 37
194 416 78
257 268 38
187 244 64
159 251 59
54 461 82
243 350 37
131 197 47
24 47 31
19 357 81
233 412 26
84 178 17
18 452 62
32 335 20
177 313 61
104 301 85
207 236 93
327 428 35
250 349 96
211 251 15
21 98 91
291 404 69
167 214 83
258 299 99
116 324 84
258 316 22
11 80 95
38 296 79
78 271 74
113 285 3
346 462 94
101 481 41
163 172 64
210 347 61
203 451 51
2 87 52
307 497 32
96 389 37
24 297 81
279 476 71
231 266 48
229 425 73
119 341 90
87 117 100
70 342 68
199 352 25
103 321 45
88 391 38
13 39 7
248 340 68
296 495 53
141 270 34
223 285 20
229 480 29
379 460 1
292 365 48
58 177 71
24 61 53
63 452 29
168 219 94
305 402 67
128 164 12
162 394 75
341 426 84
323 382 75
327 404 48
214 389 90
310 359 39
466 498 99
262 397 84
105 220 43
243 475 21
58 208 70
176 269 66
343 419 69
274 327 93
31 402 92
125 223 84
95 155 86
33 342 69
75 388 55
257 495 16
252 374 60
103 366 93
156 497 48
126 351 42
221 495 15
220 286 97
155 431 78
52 255 12
228 251 76
91 437 93
290 468 79
269 297 65
289 333 55
38 90 24
108 361 10
63 250 31
349 433 63
23 28 30
84 275 31
305 342 13
47 477 100
141 488 74
170 365 3
273 436 27
269 488 88
240 434 19
35 346 43
9 476 69
70 225 51
102 192 75
272 485 43
179 205 96
132 302 29
28 361 98
358 481 64
264 418 21
4 122 42
186 301 77
9 374 36
146 321 23
178 225 82
29 477 97
309 328 46
249 260 49
45 472 22
181 359 84
149 199 69
271 407 10
339 451 54
219 257 53
79 277 30
134 441 99
406 490 60
53 358 95
46 197 26
26 157 26
98 105 98
285 384 38
49 379 55
81 148 49
93 189 16
310 469 4
361 452 41
385 408 52
55 207 73
98 336 37
31 213 83
38 118 98
135 498 9
104 134 22
308 327 81
63 205 61
13 242 26
92 321 41
45 277 12
47 433 39
309 340 71
125 181 14
117 319 11
49 156 25
438 473 50
99 178 56
122 287 55
3 99 13
400 481 95
44 223 30
265 271 63
345 393 59
106 334 42
189 464 68
371 414 72
187 333 11
337 481 23
308 386 6
5 70 51
276 407 46
107 143 92
230 236 29
139 463 99
99 379 25
11 291 69
127 369 40
58 176 15
10 242 99
91 378 77
98 254 67
95 236 97
144 404 62
116 339 7
75 374 93
470 477 91
281 300 37
249 346 69
164 460 67
259 307 66
17 135 41
29 95 82
103 395 8
316 382 21
212 440 18
183 194 58
21 90 80
362 418 55
115 367 14
23 63 74
222 251 50
61 199 58
36 270 90
145 261 3
163 328 18
142 200 97
105 183 99
33 94 30
343 440 50
329 489 79
76 296 24
57 76 5
20 389 46
100 110 75
240 496 6
63 207 70
18 128 99
271 290 68
74 208 89
152 180 73
322 435 61
274 342 96
371 431 70
300 412 27
405 496 61
80 402 99
37 94 10
16 360 76
199 489 76
381 400 68
172 496 28
70 480 3
359 406 99
55 162 87
209 309 4
67 384 15
82 369 27
281 295 95
174 310 98
297 498 29
76 201 16
249 434 27
88 462 72
37 154 80
166 393 94
286 308 6
118 369 79
250 434 89
194 361 82
115 476 47
420 424 97
84 249 29
176 478 39
337 359 82
13 198 60
143 394 95
44 78 6
350 358 96
27 461 1
16 167 55
272 418 97
179 234 54
59 190 84
31 390 98
70 146 13
60 84 58
2 30 77
255 429 80
158 493 92
291 398 47
294 311 25
370 397 33
21 55 33
165 429 63
280 311 8
39 187 94
248 351 72
13 47 19
130 226 5
267 268 48
216 298 17
383 469 41
62 397 67
127 241 1
286 359 41
50 150 47
216 238 76
99 257 39
153 164 16
233 489 29
147 397 99
140 161 45
67 172 63
150 318 81
95 343 53
146 490 83
19 112 30
226 471 52
199 309 68
376 468 61
319 404 56
409 453 14
221 243 90
100 278 62
240 317 44
52 216 28
75 372 86
79 153 5
71 283 75
61 278 9
119 493 29
138 206 78
76 466 24
46 191 13
216 462 21
3 30 57
73 256 42
44 337 9
324 340 95
113 361 9
289 292 98
245 315 83
114 162 25
306 401 56
31 321 25
163 283 33
10 21 49
227 278 37
235 314 4
19 449 57
413 469 7
4 118 64
73 160 75
135 384 92
306 326 22
79 426 14
262 330 20
41 264 54
391 436 32
255 452 41
156 232 53
1 432 29
49 481 92
124 418 12
251 494 4
389 401 86
6 323 92
135 385 5
156 213 6
294 448 25
86 318 69
185 457 63
74 80 38
205 485 78
20 235 52
71 183 37
70 273 69
139 290 35
159 215 8
53 259 2
131 457 58
158 368 29
138 435 3
37 306 98
287 376 41
84 145 78
36 476 10
225 403 65
172 190 93
135 157 21
101 397 76
75 462 94
121 382 26
11 40 71
200 241 72
164 272 76
38 329 97
86 281 76
181 402 32
398 492 98
199 442 78
250 381 96
166 402 18
166 267 62
4 264 13
98 469 4
24 410 6
384 459 87
28 178 71
92 190 81
476 494 26
0 183 79
24 360 39
336 418 2
83 313 65
15 373 44
107 170 17
94 223 9
326 437 44
139 369 51
188 468 3
170 499 63
160 193 100
446 484 95
207 293 9
71 381 52
20 325 69
76 251 7
139 382 19
81 183 52
101 465 8
126 297 74
158 286 65
255 388 41
297 430 20
249 398 35
54 348 14
151 160 38
30 345 37
279 484 53
225 478 35
126 305 99
281 464 29
229 490 18
26 479 64
6 198 4
394 477 75
221 288 90
56 249 34
88 247 61
98 221 18
90 201 41
223 357 81
45 327 18
19 422 48
317 411 92
288 325 13
274 482 38
167 171 9
341 346 9
273 407 29
221 441 71
233 291 40
355 392 19
55 72 42
174 300 26
285 410 35
88 344 25
246 306 3
103 257 37
98 213 30
69 303 63
344 479 46
83 181 45
97 250 92
104 465 90
31 86 89
12 438 43
84 212 13
47 101 36
154 454 70
18 460 83
176 345 14
242 401 5
24 45 88
141 240 62
159 434 54
115 480 88
87 455 67
107 359 46
9 213 1
374 489 1
164 224 24
66 353 4
127 276 1
189 207 20
226 254 93
29 212 94
401 452 55
59 494 55
194 284 80
79 431 25
315 397 87
72 245 54
60 280 32
246 496 53
324 479 69
21 253 46
238 459 56
75 193 1
29 89 26
52 408 24
28 428 69
430 471 76
134 421 74
49 382 57
157 304 11
201 454 57
31 88 69
133 355 27
199 345 24
50 138 93
144 161 76
244 486 43
119 451 93
260 267 42
22 213 15
113 409 99
279 401 54
208 320 88
2 237 70
100 351 12
90 396 94
150 438 28
27 269 37
40 455 85
31 121 27
313 427 23
355 455 3
29 260 75
111 329 92
104 201 57
38 134 32
188 248 77
159 352 71
62 275 25
236 470 63
31 446 15
56 218 95
29 356 41
429 470 48
370 400 5
72 370 60
279 377 55
312 453 26
51 278 52
112 419 18
52 446 16
142 464 27
316 404 93
252 446 66
114 288 98
54 232 39
141 386 3
58 128 87
3 386 41
37 157 85
80 485 44
127 201 6
4 372 80
250 303 25
204 331 5
127 430 26
362 485 1
192 454 77
103 266 24
141 449 89
18 475 35
127 485 48
289 352 88
3 393 32
155 278 64
358 408 1
142 363 17
27 272 94
73 384 46
189 412 85
66 255 22
123 252 83
455 472 53
118 497 82
339 383 60
276 326 71
34 109 50
10 137 32
12 226 27
110 360 62
63 491 65
468 483 85
101 197 12
32 302 42
276 486 73
98 461 7
142 342 82
89 120 55
87 223 37
189 441 4
81 274 3
102 201 83
48 49 91
210 492 38
194 483 80
52 340 64
434 492 38
310 492 14
18 301 33
41 114 18
113 271 31
59 413 22
449 496 4
11 424 99
188 307 58
171 389 58
246 267 9
110 124 67
249 305 48
312 376 72
223 425 80
73 438 83
412 461 33
411 486 53
11 65 73
86 352 69
38 403 88
139 235 56
142 455 86
273 294 3
272 363 66
50 250 79
414 474 28
331 468 45
138 148 46
420 487 34
159 331 59
200 435 2
67 332 33
12 108 55
386 402 16
160 483 50
11 372 94
155 286 24
6 471 55
76 206 54
84 340 44
