500 8700
0 2 39
2 22 14
22 27 15
27 32 42
32 39 57
39 42 1
42 57 57
57 68 95
68 84 26
84 85 67
85 94 35
94 101 12
101 104 80
104 114 14
114 118 62
118 121 85
121 135 1
135 145 16
145 149 48
149 153 92
153 178 63
178 186 2
186 187 58
187 199 22
199 200 8
200 213 12
213 218 3
218 228 68
228 234 32
234 242 30
242 244 82
244 250 99
250 263 15
263 270 35
270 271 50
271 284 39
284 288 67
288 303 86
303 307 14
307 319 9
319 328 67
328 333 49
333 334 22
334 335 11
335 345 10
345 360 68
360 361 29
361 363 99
363 399 62
399 404 48
404 405 53
405 422 89
422 432 8
432 434 56
434 452 72
452 456 23
456 463 91
463 488 83
488 492 30
492 496 90
496 499 77
115 293 49
10 73 75
89 358 79
266 305 34
100 456 24
207 237 38
307 468 81
395 450 74
22 389 72
120 246 1
138 283 98
175 306 34
108 212 58
149 267 45
181 316 52
64 108 10
175 364 32
336 496 84
457 479 56
277 390 77
29 384 63
205 354 40
56 225 5
1 376 86
162 394 37
269 272 76
220 352 20
103 373 19
112 282 29
104 415 34
273 436 52
373 428 33
70 429 16
311 463 12
97 127 96
5 278 80
97 276 70
341 407 72
41 455 43
193 451 61
53 256 55
449 492 96
29 448 4
85 337 9
14 37 84
39 93 32
206 332 52
170 432 13
16 162 67
20 349 95
326 469 7
237 267 77
227 363 80
387 449 91
209 350 16
93 292 1
378 475 2
135 414 77
210 395 43
324 390 89
37 494 37
20 446 54
151 164 69
186 227 13
199 290 97
143 277 6
116 485 44
19 111 36
473 499 37
213 329 85
49 85 40
66 392 62
122 438 64
17 351 19
96 294 76
159 228 80
28 256 90
114 445 53
31 324 28
319 416 3
320 391 29
56 284 4
26 203 85
43 313 50
35 479 6
107 468 83
152 212 1
31 212 4
193 367 65
43 380 90
65 464 16
223 406 20
33 345 77
126 396 60
294 402 61
11 487 26
83 155 95
290 332 80
15 448 18
232 478 82
78 282 10
57 129 28
133 137 82
60 484 63
279 332 74
1 114 4
180 198 76
210 292 15
135 139 71
78 472 41
26 472 10
5 149 41
332 428 45
228 266 7
139 351 36
3 56 56
283 404 50
484 496 19
94 286 95
5 270 79
200 222 97
58 237 65
266 472 9
28 136 33
123 430 99
281 497 31
143 249 71
188 367 41
188 239 59
173 262 50
23 174 56
13 127 18
40 232 32
218 386 62
386 391 12
194 218 96
198 317 96
298 346 60
322 444 21
219 244 23
42 467 76
212 319 49
348 380 15
61 100 15
74 324 96
86 332 32
95 313 88
175 246 51
119 183 60
5 266 33
63 159 53
167 325 31
269 375 58
83 477 41
130 242 18
213 493 2
296 421 52
195 212 85
299 439 38
35 474 82
246 296 77
258 462 34
68 443 59
245 445 58
150 392 90
102 172 37
12 127 15
98 371 78
323 392 60
351 473 22
107 294 43
218 346 73
183 285 2
172 284 56
141 247 99
25 458 11
75 242 51
97 383 5
281 340 41
384 425 28
339 453 76
346 486 62
238 333 25
206 265 83
51 243 9
344 476 95
311 359 3
245 322 18
169 349 40
73 161 56
83 96 79
133 373 100
194 496 28
170 240 37
206 218 54
262 349 84
63 256 47
244 315 4
32 473 87
39 377 43
140 186 50
175 309 90
90 229 90
195 283 89
103 112 10
272 353 87
158 442 28
11 338 33
239 240 68
103 421 20
222 275 32
193 337 84
205 286 54
265 483 47
48 155 57
124 257 66
166 317 17
139 181 48
22 168 28
11 433 45
125 438 36
88 180 92
78 232 14
200 484 91
30 224 95
323 494 46
408 450 27
4 489 62
283 300 35
84 295 32
80 87 75
122 137 92
59 210 45
341 368 6
284 379 11
137 411 45
15 90 10
5 23 54
27 349 35
143 173 23
267 316 98
350 447 4
130 416 16
417 491 49
18 47 85
70 221 14
104 375 10
48 124 88
176 454 54
107 284 89
169 262 56
47 193 64
93 174 20
44 182 47
174 450 24
199 386 90
452 468 86
278 376 40
333 369 71
34 106 54
148 234 72
163 278 7
102 469 74
148 199 36
291 499 55
196 316 28
370 417 25
405 423 8
53 363 94
283 364 62
272 457 79
260 425 11
117 255 82
131 321 84
245 446 93
208 299 27
103 279 75
68 133 55
78 485 77
296 318 65
247 465 72
307 480 65
70 250 51
8 88 100
357 449 73
44 400 47
194 476 43
334 345 80
7 241 26
289 484 88
153 259 26
226 234 35
294 388 19
204 252 29
149 298 36
223 465 44
453 492 64
143 326 82
171 482 78
397 453 30
6 167 7
118 146 78
218 435 90
79 281 67
28 447 99
207 401 3
127 441 38
32 393 62
145 148 26
0 87 78
232 260 35
252 408 26
53 377 47
113 173 33
137 238 58
413 489 55
226 287 85
266 316 69
240 474 55
29 468 89
226 250 80
6 414 90
24 277 72
234 382 49
421 446 37
154 491 29
151 451 88
423 457 62
29 452 65
285 451 82
37 359 26
51 274 92
95 464 65
240 397 52
239 353 59
421 485 23
200 249 41
212 498 34
226 289 45
143 313 51
313 489 73
25 161 64
245 247 42
295 413 72
33 386 95
198 300 97
164 494 15
41 119 16
176 278 11
53 242 22
79 235 98
286 360 30
50 297 86
165 271 73
340 456 38
99 389 51
158 165 79
185 492 94
32 58 84
403 490 47
55 375 76
292 478 51
30 151 50
176 179 82
60 251 92
248 316 81
159 455 77
22 368 41
374 444 77
1 20 91
93 438 4
217 275 5
193 232 81
390 429 18
50 309 39
270 312 20
53 493 93
79 458 67
0 341 48
66 359 94
70 170 60
381 497 78
93 266 26
32 324 4
246 317 12
301 402 20
232 312 93
60 122 40
188 459 31
18 84 90
77 359 54
224 342 22
31 418 43
333 358 32
460 497 71
121 429 92
311 336 80
283 293 1
68 280 2
136 424 95
403 415 95
297 444 42
89 197 66
24 329 34
128 427 33
274 284 6
289 410 14
72 380 68
193 355 65
27 386 52
336 338 29
129 380 27
195 231 53
23 313 31
9 81 70
167 301 53
38 468 66
86 177 67
20 401 3
148 161 54
351 363 34
182 427 95
47 413 36
12 97 9
183 320 97
3 53 45
25 382 42
182 212 11
326 351 94
280 436 44
294 309 14
89 424 77
19 258 2
120 325 76
9 420 71
121 225 11
127 478 43
19 101 73
224 485 34
74 194 40
258 314 72
157 163 47
61 402 89
56 291 89
167 415 25
77 133 41
144 239 77
405 429 6
244 481 8
41 444 65
80 181 21
101 489 18
186 455 7
27 275 55
206 403 87
277 349 62
42 454 100
55 262 67
432 442 23
91 485 52
84 323 16
221 356 25
360 427 31
169 465 9
97 348 56
419 491 82
3 343 52
7 95 31
138 499 89
310 354 19
286 477 93
440 445 45
220 237 92
104 380 93
179 494 7
65 127 59
115 487 61
8 350 92
364 477 60
124 368 13
97 241 63
104 157 36
56 57 14
33 107 64
457 483 48
144 427 5
35 81 64
286 417 87
134 215 95
213 385 57
274 419 31
201 314 70
249 413 38
424 499 12
105 353 11
47 347 5
64 154 74
59 392 17
393 394 44
9 179 29
181 392 20
71 136 79
208 473 54
149 318 93
233 481 52
173 317 9
372 390 82
206 324 80
22 211 15
91 222 60
240 431 55
42 186 89
55 251 4
301 474 83
94 283 62
74 320 8
105 127 93
66 467 77
152 362 66
20 297 54
8 203 55
305 463 72
14 89 87
17 484 48
257 431 11
127 417 70
25 59 44
18 251 85
280 446 82
9 190 10
175 210 69
237 409 16
300 349 23
186 412 50
205 399 48
15 52 7
98 132 88
330 352 2
245 281 26
87 341 79
258 339 71
91 232 24
210 271 96
21 174 12
148 200 2
213 473 47
137 229 7
280 464 48
264 493 50
133 302 58
147 385 14
5 463 27
169 407 41
71 372 23
111 381 94
4 98 89
199 358 96
2 96 27
228 424 10
15 151 81
116 314 65
129 133 73
70 108 15
163 223 2
250 452 84
89 411 1
290 324 25
133 334 44
458 481 69
109 424 95
13 362 77
150 172 60
117 170 32
369 377 81
5 60 70
99 323 56
16 441 53
21 339 72
105 494 39
12 167 76
26 49 56
85 409 98
62 68 2
108 268 74
147 237 52
260 380 34
366 474 62
12 497 100
419 476 1
104 235 95
260 348 65
132 445 44
30 230 76
86 365 62
231 354 19
28 472 37
403 479 29
151 254 15
21 420 89
146 266 40
27 329 20
58 344 76
0 188 32
71 390 24
130 272 21
30 231 54
1 96 72
393 415 44
140 163 35
36 360 5
103 355 95
353 443 3
247 326 71
267 489 10
75 90 9
7 259 74
31 265 66
86 119 59
21 478 23
155 442 21
80 145 61
190 376 47
204 415 12
301 442 37
28 396 44
312 440 55
224 456 89
25 272 95
37 355 23
153 228 19
171 270 38
173 258 93
195 450 9
2 492 26
135 434 97
229 340 19
455 473 12
299 397 7
335 390 59
31 76 62
228 497 48
94 364 7
116 121 56
119 241 36
110 420 63
359 430 46
80 228 13
81 373 72
147 219 59
440 496 81
78 231 13
363 426 56
115 344 24
105 233 69
296 412 66
42 91 10
301 459 20
32 345 94
188 392 12
297 432 19
231 318 66
433 491 28
273 374 46
187 379 47
260 391 76
394 419 9
287 405 18
61 423 45
233 323 64
154 362 28
29 397 37
14 41 1
94 348 50
73 127 9
306 386 64
165 260 43
258 473 77
103 368 1
298 482 47
61 159 59
308 472 58
31 137 21
57 473 85
56 495 22
193 294 68
349 455 86
139 462 62
220 447 44
65 116 9
97 460 40
294 440 68
297 499 6
18 332 61
296 377 80
283 295 54
216 341 47
209 297 34
321 408 13
382 400 27
302 482 51
298 413 50
157 334 87
151 345 49
320 354 52
375 421 7
83 440 83
345 461 53
362 412 93
362 484 64
340 379 49
56 236 53
28 226 43
334 396 44
14 490 11
111 190 92
148 422 3
68 115 63
131 380 75
78 145 95
222 297 51
22 225 20
102 437 10
51 356 13
95 302 36
97 243 71
80 337 73
120 469 73
127 448 99
163 237 93
374 475 58
125 303 26
36 208 83
34 167 32
32 362 93
110 469 27
41 278 4
11 208 24
71 347 62
198 282 41
408 449 18
132 219 86
106 359 43
224 471 90
316 390 74
103 120 35
158 212 4
285 408 56
440 480 89
207 262 32
256 336 17
65 306 93
209 364 47
212 258 26
383 484 34
346 400 53
11 54 2
318 350 71
77 206 78
181 266 55
35 366 29
129 333 50
305 332 35
217 276 21
120 190 36
249 274 44
60 196 87
324 357 95
115 285 59
70 193 69
171 404 11
11 473 7
52 157 80
76 346 74
124 293 57
100 397 38
142 180 37
453 455 91
371 442 59
196 468 44
95 126 64
10 311 5
83 315 67
215 317 92
2 394 8
6 266 43
75 362 24
225 417 39
267 422 43
18 112 89
130 406 32
154 317 5
165 200 49
63 162 29
47 379 2
55 463 16
62 435 29
227 457 58
264 286 91
195 343 88
43 73 83
97 105 12
123 466 73
32 332 41
135 462 81
63 462 69
231 249 18
117 311 82
90 288 56
67 214 72
78 325 63
76 240 50
273 306 64
189 311 27
349 432 86
338 454 100
4 403 16
165 397 26
69 463 18
67 158 25
34 450 25
249 277 32
84 246 100
47 357 66
119 352 79
437 486 80
418 444 74
155 314 33
22 70 48
67 90 48
279 414 94
106 150 92
206 326 58
86 357 66
184 302 93
313 432 91
20 447 31
210 349 98
307 438 50
65 172 99
28 219 48
156 300 17
237 340 3
387 431 90
25 166 35
256 457 81
212 306 10
205 318 72
227 314 42
72 422 43
58 289 11
287 339 66
253 496 74
337 475 22
86 319 13
24 306 64
281 377 34
295 334 78
302 480 76
413 475 42
155 273 14
13 397 50
236 368 1
114 441 53
86 300 37
2 412 12
149 262 78
116 276 71
279 287 56
36 292 8
5 438 88
339 406 73
340 458 35
12 106 48
75 467 21
158 484 48
406 453 66
226 487 99
27 295 80
100 300 83
36 325 73
86 92 25
246 351 5
42 210 75
252 370 60
173 411 67
75 287 91
151 436 48
194 349 32
176 242 4
9 460 41
86 333 66
33 288 30
74 281 54
262 463 9
7 329 48
31 356 63
240 410 91
48 237 44
192 202 59
93 280 32
166 467 91
282 332 97
101 333 7
17 142 83
76 498 94
160 361 41
320 440 78
27 421 91
141 159 94
61 102 64
94 427 47
336 373 38
148 307 83
397 401 85
208 417 3
17 107 29
4 450 57
77 136 77
380 436 8
85 207 57
281 310 35
83 429 50
175 259 15
312 483 67
10 144 3
11 220 26
69 390 29
252 340 61
0 456 70
244 383 50
7 363 38
110 370 35
130 167 46
205 320 15
18 495 45
69 274 64
149 432 57
107 338 81
63 88 23
240 376 64
129 262 34
238 417 60
284 312 40
149 166 84
357 395 81
300 330 63
82 412 57
201 457 47
20 26 100
63 168 43
339 362 37
39 470 68
39 452 31
143 191 7
44 221 96
316 324 31
470 495 85
147 489 83
195 492 69
69 174 91
338 387 17
130 193 8
146 415 44
57 427 65
218 308 10
212 448 46
200 468 42
360 421 97
422 434 39
89 400 99
187 390 42
95 277 35
303 353 96
73 101 82
108 367 98
215 350 45
65 253 29
403 452 5
466 497 63
79 189 99
30 263 85
328 336 62
397 496 67
126 447 48
337 477 86
92 292 26
29 449 12
58 334 21
273 321 61
47 246 92
258 494 69
45 130 63
16 186 80
44 272 83
5 99 73
148 296 42
80 188 36
342 354 61
55 491 34
138 230 41
45 112 99
105 477 81
340 363 67
72 251 19
17 387 41
175 194 90
260 476 10
101 400 53
36 478 80
151 393 83
202 414 35
424 467 34
26 215 88
121 446 40
68 136 12
388 456 8
363 470 4
222 467 6
214 461 43
134 359 21
142 328 88
101 175 55
247 481 92
145 212 5
113 160 82
185 262 7
27 242 98
24 360 61
24 460 63
54 408 79
353 489 98
242 429 73
367 383 74
327 389 16
271 345 98
200 337 97
44 366 60
272 441 2
7 279 1
290 293 24
243 302 30
403 460 52
172 359 13
7 246 38
161 282 96
135 455 81
392 483 46
275 432 98
102 392 38
34 93 18
79 114 34
82 465 37
297 427 46
134 170 46
86 468 39
122 221 56
232 400 89
301 454 44
75 479 96
252 260 51
198 402 6
197 200 70
97 381 12
114 165 26
146 478 37
327 431 44
185 396 61
272 385 23
110 345 45
77 327 87
184 363 29
157 298 14
79 356 42
248 385 18
101 200 78
234 330 58
11 286 51
162 358 17
343 405 91
397 437 71
254 359 27
153 457 35
266 371 63
70 264 1
38 286 61
44 411 49
84 113 85
76 379 91
125 228 3
194 202 12
144 208 63
371 462 98
288 316 20
330 424 2
305 440 35
248 364 73
123 333 35
265 301 70
259 476 70
192 455 5
287 341 82
85 226 48
40 467 71
242 447 60
171 308 18
488 498 8
115 276 51
74 154 85
47 243 100
247 284 97
351 453 27
286 303 68
32 272 9
107 123 39
240 363 15
80 361 40
384 495 13
111 275 56
6 35 38
125 409 89
159 314 78
282 436 44
259 431 12
4 80 9
122 195 94
366 484 16
235 259 94
73 240 2
434 482 97
117 459 60
351 469 22
422 447 2
12 283 90
388 487 25
25 154 7
136 361 1
18 487 60
169 248 42
107 273 78
149 284 55
5 426 20
112 215 65
153 362 90
167 430 30
128 498 79
89 99 51
16 388 78
171 296 7
358 386 84
31 275 77
232 251 92
47 51 4
49 292 63
131 474 47
227 399 86
366 369 18
313 491 18
206 303 90
215 411 50
115 181 50
448 484 69
107 275 79
294 391 89
24 315 18
43 118 78
52 150 20
121 134 59
211 237 88
9 313 55
413 442 57
135 487 71
43 136 98
405 437 18
273 474 88
13 217 73
149 154 26
183 452 77
293 325 89
49 220 9
70 167 17
93 223 57
365 411 42
192 333 39
60 109 82
67 446 26
300 469 66
332 424 67
105 190 72
133 173 75
13 188 66
55 62 64
217 249 34
85 269 52
204 383 30
27 137 86
187 344 96
40 229 38
48 363 90
195 317 35
244 325 12
112 397 77
238 442 72
322 347 79
266 413 86
158 292 18
163 291 6
118 476 22
89 443 36
293 413 76
145 470 56
15 129 39
116 462 71
450 479 25
131 447 37
135 471 84
177 470 6
294 449 54
52 290 71
63 422 23
255 466 10
59 377 83
57 379 19
60 77 99
165 314 55
20 264 75
377 499 12
464 470 25
156 182 85
198 207 42
225 440 96
216 404 88
283 330 3
244 323 66
98 482 1
147 388 25
28 71 43
242 444 60
18 296 74
328 407 52
388 494 65
106 458 78
31 122 14
8 103 15
232 397 19
85 335 65
388 414 52
210 480 66
111 215 42
254 460 36
335 486 71
92 142 51
47 460 79
58 434 58
28 341 34
11 460 35
213 471 80
443 477 62
95 221 87
142 191 46
91 334 23
153 440 4
97 227 9
184 281 19
198 353 100
64 241 54
78 382 41
33 186 72
117 239 86
274 486 29
40 100 73
101 188 49
82 411 37
25 400 29
3 152 70
270 468 78
336 480 90
107 297 36
16 102 39
102 352 100
125 434 66
124 386 21
13 425 99
360 489 63
55 155 61
197 285 1
108 423 32
18 353 26
266 466 18
80 167 18
439 496 4
253 435 60
205 378 36
270 456 6
211 342 27
33 357 64
187 242 13
64 474 68
110 202 9
206 351 20
145 300 2
115 424 47
215 437 92
159 423 11
40 342 28
28 119 1
165 305 1
380 483 26
264 287 9
45 83 2
190 303 72
142 224 7
22 269 85
9 293 31
51 66 45
113 167 99
102 422 7
64 343 58
34 203 44
13 215 22
320 463 40
73 278 33
231 417 28
74 301 24
362 415 51
135 452 2
57 407 87
16 434 32
331 381 14
350 390 46
115 143 20
169 429 85
126 282 45
7 145 5
63 278 68
177 482 15
127 158 76
40 350 57
219 256 51
284 384 10
268 311 94
63 145 94
271 383 64
136 443 29
257 343 31
340 430 60
442 486 67
54 151 13
170 189 55
37 414 38
372 489 81
331 482 82
340 459 31
93 183 60
436 454 15
484 486 100
376 411 2
119 432 92
306 439 96
364 407 82
292 296 95
18 143 42
167 248 52
70 480 42
3 238 56
4 456 13
0 196 87
180 276 22
260 494 5
130 281 58
140 318 54
61 139 61
145 370 54
39 106 57
50 306 26
51 479 47
133 246 54
140 329 23
97 132 61
405 451 77
240 433 6
16 358 94
53 477 56
144 171 98
164 492 5
8 245 75
248 395 3
335 382 41
52 243 98
166 204 44
54 445 55
140 377 19
186 358 69
267 476 46
124 369 23
30 34 2
78 272 34
28 151 75
377 396 5
58 244 39
47 214 28
117 413 59
298 357 44
132 275 70
219 479 96
102 491 34
252 358 98
171 443 90
138 486 44
97 178 91
29 93 20
372 440 1
23 127 34
208 345 97
282 403 100
66 275 19
132 402 78
44 437 34
282 468 1
394 398 9
159 277 21
108 228 27
186 429 18
180 391 91
304 449 77
381 477 54
343 457 69
11 463 59
418 465 35
18 50 97
220 427 79
53 194 51
90 470 34
478 486 6
451 465 72
289 348 45
25 258 43
323 437 66
402 498 2
107 169 46
12 263 95
107 264 25
66 298 89
219 263 79
52 397 92
260 383 79
90 167 90
163 350 34
2 409 51
31 421 6
201 332 15
109 452 32
437 484 56
275 323 18
153 393 12
154 337 43
59 457 98
360 395 23
38 187 40
37 231 61
340 498 7
418 499 3
238 291 45
111 262 93
67 434 42
99 233 22
12 169 85
117 404 34
312 323 83
80 414 22
175 329 94
20 199 89
398 454 70
113 482 45
71 279 88
136 333 44
29 453 86
4 348 49
319 493 70
87 346 71
236 262 52
244 471 100
315 347 79
92 134 65
236 294 87
87 283 84
263 427 77
85 389 76
235 380 35
12 405 52
309 343 2
95 141 97
167 376 36
17 27 15
310 397 77
246 391 50
339 387 33
441 449 51
118 386 22
176 458 71
42 336 62
389 399 16
96 458 83
67 499 93
375 431 18
311 334 64
4 302 60
285 365 57
191 374 7
7 487 2
99 423 53
294 382 45
145 344 6
117 249 30
145 195 19
317 420 55
154 431 24
148 266 94
225 247 34
213 448 83
332 374 100
105 135 60
235 481 32
10 252 98
205 210 81
115 250 44
170 428 27
222 471 46
121 332 75
96 290 47
83 310 89
20 254 46
100 412 94
143 240 30
26 375 47
67 216 84
294 304 92
204 317 77
375 435 51
247 423 25
187 326 50
59 65 31
103 224 23
182 454 35
146 410 34
38 494 30
16 164 74
193 413 75
329 452 37
195 264 3
35 76 13
171 456 40
218 433 50
310 477 49
354 423 22
136 245 74
333 432 84
135 171 4
277 423 1
382 492 12
293 467 5
146 440 68
290 456 76
365 425 73
428 471 79
31 387 88
67 96 72
186 361 81
85 402 7
8 460 36
40 472 80
201 412 14
431 463 42
15 263 68
200 209 53
40 345 23
293 462 66
252 395 9
316 447 68
103 240 69
316 457 84
142 371 55
168 474 53
166 348 74
465 491 70
287 336 64
219 249 29
191 357 90
40 77 47
126 380 58
83 267 93
239 273 45
207 338 29
37 335 62
152 196 32
248 374 12
10 296 89
112 257 55
121 137 92
283 435 48
148 192 32
394 404 37
153 352 82
105 355 65
77 227 48
53 434 87
74 418 89
278 325 33
34 388 42
108 427 90
196 319 11
294 424 9
346 387 87
0 435 97
47 465 84
7 434 49
143 378 21
85 414 80
237 498 71
344 428 98
77 303 41
196 309 31
289 411 10
98 340 62
361 381 96
169 366 53
178 453 13
296 480 36
95 193 38
45 157 100
38 94 37
206 302 85
258 308 12
330 430 38
143 190 7
14 319 68
51 169 89
82 172 10
346 476 10
263 276 90
72 382 55
49 55 9
273 353 85
113 311 73
407 413 33
466 469 13
116 450 10
234 448 52
112 175 3
184 261 39
99 378 97
290 466 20
337 427 39
148 243 57
6 97 26
25 267 64
137 190 99
90 150 74
42 51 73
101 367 49
269 391 92
171 412 69
139 486 91
167 274 56
66 205 5
122 471 59
342 346 44
144 148 89
1 180 85
21 480 88
33 83 57
159 355 84
145 352 18
144 201 95
248 431 70
141 497 21
92 492 10
255 391 11
279 293 80
262 329 11
119 243 94
209 285 66
371 422 81
113 139 25
144 163 73
40 151 87
201 448 48
15 55 94
311 427 2
212 248 40
55 236 77
270 421 62
304 341 87
186 268 4
126 485 14
59 305 93
164 181 84
20 331 33
23 210 76
181 310 73
0 455 38
81 329 49
162 403 20
370 399 99
421 448 45
15 243 20
11 211 89
24 276 92
43 339 100
57 446 32
75 480 3
151 384 29
71 295 89
60 302 49
248 386 47
233 376 50
353 457 45
85 262 16
144 250 37
192 234 5
139 490 36
177 219 13
113 130 73
148 316 34
65 181 64
101 457 33
186 211 17
249 275 52
20 463 41
79 494 13
137 182 86
61 253 38
44 176 93
3 172 34
54 214 53
17 344 2
152 437 82
261 467 2
216 269 89
41 354 90
165 351 88
238 458 12
0 128 28
166 203 53
171 181 5
148 378 80
129 315 62
203 366 64
121 261 93
129 226 95
63 331 13
364 411 23
144 312 11
189 340 79
117 272 40
149 425 36
15 479 38
28 188 37
117 262 98
176 340 49
212 213 89
73 202 24
62 228 82
416 472 64
179 299 74
360 372 54
67 246 84
144 328 52
153 499 47
73 136 62
173 456 3
202 212 56
175 463 59
276 371 35
450 491 77
19 280 57
371 389 5
266 432 68
134 254 74
153 288 74
166 237 79
22 499 59
43 198 63
451 469 26
285 388 78
23 77 13
250 398 6
242 294 87
263 369 97
78 85 6
223 411 5
26 488 33
304 330 62
126 281 45
245 475 8
57 247 31
256 388 73
8 152 72
57 104 7
116 325 13
302 484 93
56 293 47
43 279 39
175 400 50
311 443 20
26 358 51
156 226 94
273 279 70
79 133 70
197 350 85
8 297 51
303 382 94
343 483 99
335 488 96
172 361 40
62 297 72
308 397 42
320 478 35
103 402 12
357 387 44
116 446 53
133 483 56
342 349 10
54 110 84
95 421 68
232 460 24
157 423 1
303 411 34
3 19 91
77 395 58
221 411 68
404 479 58
169 405 2
56 412 45
10 380 6
116 215 75
116 481 5
105 281 26
2 182 58
119 458 37
94 421 58
151 213 43
242 384 65
22 398 24
53 296 43
177 357 79
183 233 100
70 396 16
135 377 90
26 136 29
125 164 64
365 457 78
423 434 15
132 429 77
105 467 38
102 171 50
262 440 9
153 157 89
114 255 70
114 212 76
477 495 80
70 435 17
196 294 56
131 449 73
24 419 3
228 252 58
50 131 59
176 333 84
74 91 90
211 215 25
40 308 62
170 329 58
34 183 80
31 174 58
271 287 28
218 357 54
104 361 67
107 112 12
164 227 74
281 351 4
283 453 87
292 363 55
13 450 4
350 397 1
23 32 50
122 418 95
398 437 49
50 68 1
343 360 74
41 432 33
66 224 96
384 459 35
19 160 9
392 441 61
140 167 9
262 282 77
1 479 26
138 354 27
78 237 71
92 287 92
378 392 71
8 109 33
61 278 10
6 382 34
259 409 17
267 302 82
286 326 63
100 116 43
452 491 29
91 335 78
68 412 83
435 489 6
71 126 15
42 484 43
171 250 58
439 449 90
4 278 89
182 484 53
223 250 76
259 331 13
125 191 22
122 248 79
287 320 71
72 269 53
27 339 93
19 80 61
121 184 88
149 209 79
223 293 51
13 193 41
219 468 2
306 384 63
5 221 49
5 150 93
109 151 49
182 222 24
180 316 21
41 394 26
369 396 53
258 356 86
1 475 97
26 84 37
212 443 23
86 104 74
164 387 37
130 131 57
36 296 45
286 476 18
176 485 6
183 371 32
122 466 3
352 431 79
74 203 65
51 282 86
462 475 20
31 304 15
274 285 85
195 368 40
41 448 89
32 418 46
87 351 80
96 386 90
114 237 25
371 457 85
196 436 26
66 478 19
72 182 73
219 381 5
456 486 43
171 473 42
277 328 48
356 359 80
281 353 93
107 406 58
59 337 31
143 372 54
209 361 45
52 161 49
64 275 64
86 399 77
159 267 31
343 396 74
262 372 66
36 192 33
89 477 48
73 126 71
14 108 94
389 488 86
170 317 29
258 324 67
51 118 71
244 421 54
205 489 55
154 456 44
49 406 24
203 435 46
287 453 6
328 466 29
215 249 93
120 364 59
140 358 13
106 487 50
237 310 31
452 471 88
195 270 64
207 387 91
316 332 40
105 166 56
360 433 58
92 323 28
66 124 89
403 489 50
101 210 85
332 338 56
24 298 14
157 369 29
49 495 26
159 279 24
90 282 5
40 298 33
40 152 52
74 333 19
88 472 45
184 494 17
288 312 68
220 324 68
142 298 74
99 310 54
0 401 53
346 384 87
190 460 5
365 396 59
248 389 87
403 426 41
427 472 99
311 437 71
369 444 79
157 464 97
156 489 69
312 420 97
271 329 42
80 127 49
132 139 99
240 373 77
103 154 22
256 331 58
62 121 1
24 455 98
236 458 7
201 318 58
109 117 5
51 382 54
149 465 4
18 223 12
121 194 59
285 319 31
292 299 3
97 427 2
365 429 4
82 475 62
27 194 42
133 158 37
133 329 73
258 261 36
301 475 45
356 415 79
285 308 82
251 421 72
76 253 94
96 260 10
148 425 15
142 178 36
200 387 37
207 467 46
39 375 95
24 403 81
130 274 74
167 468 82
116 205 75
6 117 45
32 353 65
78 300 77
322 491 20
295 472 68
149 403 21
305 350 72
83 136 56
391 469 74
343 499 85
225 286 52
149 351 43
144 340 40
107 349 8
92 310 100
87 484 88
150 158 58
6 178 40
88 90 57
225 318 14
282 353 67
46 410 55
259 491 76
73 481 24
72 284 55
160 272 37
174 222 50
165 499 35
220 258 73
260 326 18
331 385 70
49 403 54
30 245 18
260 276 72
322 493 99
228 326 78
310 405 73
126 293 85
278 448 49
83 106 52
93 485 47
269 408 1
140 308 34
267 298 1
176 303 75
282 396 19
245 385 66
217 475 36
24 78 10
128 437 43
40 230 68
236 489 2
13 433 25
182 277 79
184 455 67
230 483 92
144 480 39
407 425 62
154 330 92
242 362 33
88 354 61
263 351 11
21 390 92
217 415 66
340 467 92
398 472 39
323 412 73
115 466 7
117 164 15
87 212 45
169 386 93
12 477 49
82 250 34
69 255 41
255 301 58
244 448 28
189 251 99
256 472 25
119 279 46
347 423 38
41 447 68
325 424 94
188 402 23
39 147 69
117 271 43
85 290 55
133 444 32
442 464 75
376 464 2
145 440 71
221 248 51
28 174 42
78 492 98
339 366 35
80 115 96
324 475 79
254 363 5
326 470 17
166 187 99
305 447 63
230 453 55
226 446 52
146 418 22
128 230 67
135 384 60
179 426 9
89 156 38
37 323 73
271 411 4
220 316 51
239 484 6
374 450 48
13 182 25
22 84 2
139 317 33
82 114 25
277 469 33
125 339 100
163 231 51
297 453 73
111 415 51
247 306 44
235 313 37
204 265 99
14 179 80
382 489 1
108 123 72
251 354 11
291 308 20
108 403 82
280 390 29
394 440 19
244 319 81
169 340 57
47 452 71
57 292 85
10 294 13
304 434 29
161 367 41
79 310 29
22 72 50
105 485 63
77 440 96
112 372 34
284 416 4
185 368 69
29 292 40
291 349 30
215 383 67
103 217 65
201 460 84
232 498 23
30 478 52
69 283 76
16 33 92
197 275 55
47 265 98
97 459 17
357 461 85
154 224 11
325 332 85
127 372 13
2 442 70
0 430 53
196 369 12
209 358 19
56 65 54
19 279 14
122 415 88
24 248 84
58 115 53
45 396 65
191 470 59
134 315 78
62 463 74
139 468 100
249 471 76
432 468 29
410 498 65
94 480 43
45 228 42
267 390 13
29 301 6
232 301 87
306 326 38
74 481 66
415 453 75
134 374 43
183 402 63
103 350 49
52 126 64
342 472 76
317 397 75
256 357 39
132 166 75
28 97 34
47 209 75
107 238 45
221 223 77
61 339 56
42 294 32
181 474 45
322 435 32
355 379 89
209 277 29
266 286 70
231 233 37
45 476 61
92 274 75
140 324 4
107 382 75
400 410 70
28 273 37
47 96 41
249 403 12
246 338 11
156 243 80
154 234 24
209 434 26
133 422 32
46 345 62
32 61 32
17 415 45
221 404 82
201 317 63
20 65 64
379 491 68
239 470 54
259 324 35
107 317 26
60 415 19
80 183 94
72 101 31
42 340 69
5 385 91
226 470 89
133 235 46
121 422 26
282 307 85
58 479 39
63 319 74
123 306 85
254 484 90
110 375 61
87 490 85
187 203 69
1 464 4
65 182 30
23 270 6
293 350 24
302 333 52
374 457 4
13 231 92
144 151 4
275 287 55
55 394 31
66 258 75
22 472 82
262 323 11
1 297 21
177 225 43
70 300 88
55 73 63
264 387 33
123 136 84
10 492 18
58 108 93
266 336 39
47 241 53
28 415 53
234 384 88
118 281 68
327 473 88
440 493 41
199 317 5
322 418 62
19 98 89
15 257 86
28 110 99
39 306 29
61 379 30
11 74 43
131 325 78
352 445 77
100 297 46
322 425 96
68 341 60
193 437 98
258 374 15
211 419 74
335 410 11
194 499 55
54 168 91
88 182 22
220 368 17
291 453 54
303 480 1
199 263 90
269 322 81
251 316 59
341 363 79
338 404 98
30 477 64
215 306 18
93 375 85
152 322 62
221 353 94
149 255 71
311 444 63
97 179 83
155 396 35
186 233 94
116 182 7
5 292 64
247 390 100
93 212 79
23 317 90
351 479 30
368 497 2
87 229 60
267 474 33
81 344 54
98 244 100
325 383 50
35 405 100
139 450 15
204 451 18
18 258 29
41 202 68
5 81 28
353 384 94
163 333 33
200 202 57
326 363 88
77 300 46
221 306 43
19 229 69
90 320 38
257 478 91
175 193 23
299 463 91
16 373 92
178 442 86
415 460 48
101 335 34
140 156 32
386 484 40
375 473 26
65 357 30
201 480 68
286 403 6
91 338 68
26 332 84
3 322 24
196 420 70
62 238 89
255 389 27
61 428 50
106 416 69
16 149 84
3 301 85
129 314 3
38 467 97
358 375 81
4 11 49
44 235 69
55 226 94
53 175 34
21 264 69
250 390 1
119 294 33
99 203 71
219 267 49
182 453 15
349 408 62
310 468 48
393 419 27
438 453 5
174 218 40
228 334 8
58 91 58
383 414 26
17 398 11
313 441 2
103 225 82
297 361 18
305 368 29
236 466 92
349 410 82
22 110 45
124 146 54
252 286 42
55 147 6
148 181 28
141 360 29
95 153 7
390 453 51
99 244 12
269 365 42
132 260 74
92 270 35
90 498 12
75 323 42
353 360 63
224 287 76
24 458 98
154 279 96
120 228 100
343 447 72
7 47 21
34 344 46
204 372 83
13 302 45
301 452 89
177 318 70
239 348 22
8 138 30
59 347 53
119 280 44
112 490 46
120 352 67
232 321 84
41 57 59
187 486 16
119 312 62
175 214 89
106 308 7
11 103 32
60 103 82
328 450 65
42 245 58
232 449 57
114 193 90
294 299 90
435 468 88
321 499 33
332 455 91
32 303 74
195 209 22
61 225 1
3 145 22
29 309 21
182 343 67
127 342 77
133 489 98
27 381 80
96 393 48
426 494 67
201 283 68
118 496 64
103 475 86
80 383 55
3 161 15
69 442 94
11 385 9
142 469 37
235 435 82
120 218 56
112 354 26
233 393 87
135 423 54
68 400 24
120 349 88
421 468 29
164 381 14
138 479 65
403 484 56
267 372 55
154 210 54
33 119 22
57 147 18
106 363 77
373 497 83
174 279 23
172 243 95
162 413 8
304 332 64
1 150 76
72 159 95
31 322 76
7 97 19
48 348 87
19 471 90
125 377 49
84 329 55
176 404 98
144 423 58
114 486 69
209 324 88
137 483 25
218 273 97
52 238 27
384 426 72
67 398 86
75 384 57
48 324 35
312 485 88
140 209 90
164 234 31
213 387 93
268 499 6
284 354 24
97 275 40
91 470 90
230 430 10
53 160 45
124 234 24
387 406 55
58 399 87
34 471 3
251 314 8
58 186 17
59 400 67
121 358 54
165 460 20
159 409 68
379 423 91
60 139 19
362 475 93
266 319 92
321 338 99
309 412 37
76 229 29
225 366 79
423 465 53
54 281 47
38 261 54
112 465 23
199 397 1
35 115 73
127 304 12
67 180 57
145 420 13
117 284 35
177 441 17
197 205 88
176 300 52
27 158 87
431 494 60
122 139 38
67 182 37
19 214 50
308 375 10
329 396 35
140 212 42
265 395 5
196 461 68
238 497 90
221 407 40
166 337 44
100 283 35
335 487 95
89 410 48
360 390 73
86 116 45
37 462 33
60 250 56
252 289 27
72 225 44
202 303 37
127 228 86
392 454 17
181 296 51
76 428 12
20 333 26
157 199 50
34 426 27
80 487 16
446 450 98
430 447 33
66 388 72
302 398 29
115 393 25
121 487 42
117 492 11
34 71 74
306 357 91
256 380 37
8 95 2
238 344 70
313 387 80
296 338 43
19 188 40
338 386 35
339 391 33
47 79 95
177 390 66
105 240 89
9 287 77
306 312 9
153 277 75
70 213 96
185 425 14
320 485 61
104 439 69
204 282 78
221 262 40
108 168 24
72 135 98
130 395 41
181 453 54
279 355 83
214 270 26
27 479 24
28 427 81
304 358 93
98 374 84
130 365 95
320 402 2
283 291 67
110 216 11
235 270 16
211 262 89
54 254 67
95 311 27
39 429 47
470 472 35
35 230 91
240 419 60
273 322 88
208 368 21
87 330 17
248 334 66
203 400 79
237 494 3
321 435 79
142 195 63
203 382 13
142 145 30
264 391 64
19 33 55
478 492 25
94 187 19
205 250 19
390 474 6
301 403 18
312 314 33
96 141 91
369 405 12
302 368 72
78 317 75
235 488 91
36 159 50
96 426 56
151 270 38
78 381 99
100 133 59
42 265 64
232 332 96
52 365 70
169 280 57
287 309 95
110 223 96
135 346 96
381 472 72
41 309 43
145 302 58
433 479 67
208 318 96
401 483 81
344 354 90
23 426 73
29 349 60
52 139 61
201 266 34
200 349 95
144 346 65
230 496 2
204 472 47
16 321 88
227 373 23
9 107 36
225 304 43
151 154 17
356 418 5
405 439 8
155 192 23
52 483 51
125 143 54
47 328 73
184 273 62
270 343 43
260 267 53
188 205 38
98 170 42
106 365 69
85 280 34
144 470 93
169 308 22
220 479 11
151 402 83
136 275 42
60 306 32
151 361 99
204 497 67
82 179 18
266 433 97
129 427 7
414 464 33
341 452 21
216 218 34
84 473 50
70 192 4
23 228 16
277 427 51
251 374 41
276 442 51
166 266 51
56 226 28
7 220 88
384 421 17
253 322 49
234 268 5
120 200 35
79 90 77
116 260 38
401 413 28
137 421 74
276 374 2
168 198 4
23 34 90
226 404 92
352 389 49
160 276 48
165 345 53
373 460 77
99 181 73
114 311 19
90 272 70
184 208 25
45 324 78
77 87 23
445 483 23
197 272 49
325 326 74
12 456 61
29 263 25
355 394 64
129 325 85
10 66 92
454 465 88
374 432 63
94 323 81
289 493 32
374 385 87
128 259 5
119 256 24
49 298 33
188 214 56
153 491 4
313 332 49
13 14 94
28 75 87
460 482 7
291 294 27
153 441 62
264 487 75
157 319 74
8 99 74
443 459 47
49 390 80
25 396 29
170 326 24
106 306 60
276 366 46
87 470 86
371 490 74
74 155 67
216 415 35
276 315 91
176 366 24
430 450 8
251 419 51
225 414 43
317 329 99
93 281 75
229 376 54
306 363 90
77 175 69
20 498 25
340 382 71
292 474 41
367 462 31
195 274 92
33 399 87
258 427 13
94 409 57
123 391 41
172 255 44
168 301 73
166 401 82
198 252 60
115 364 30
12 438 15
191 302 95
31 246 8
287 355 19
35 194 21
22 76 61
189 445 85
407 458 90
310 392 63
293 321 13
10 58 3
34 151 92
49 145 46
50 498 45
154 382 50
239 425 7
0 58 99
99 108 66
52 383 75
8 309 67
191 386 54
15 275 9
139 435 23
92 496 28
29 150 27
86 429 49
37 233 17
158 243 97
140 187 2
141 300 37
234 391 43
299 384 11
25 33 50
229 489 2
27 180 86
197 397 89
207 497 34
3 347 54
183 232 75
300 488 21
198 397 16
356 396 85
81 303 71
0 488 97
28 50 67
268 270 34
222 335 72
408 468 51
71 75 41
271 393 20
163 410 82
48 495 47
139 388 95
89 497 86
31 221 56
18 69 6
160 289 28
45 380 65
51 130 22
237 485 58
55 372 2
27 261 16
77 372 100
108 181 74
26 244 100
415 425 39
230 438 71
17 226 2
428 459 96
168 211 29
83 460 21
357 498 3
92 100 39
256 307 90
27 252 78
3 36 51
105 338 63
262 466 97
25 297 45
279 499 64
111 267 34
119 343 8
121 296 10
312 410 92
198 400 71
243 478 97
315 335 71
186 205 37
4 343 66
15 82 50
285 295 47
103 207 83
255 368 88
125 468 54
107 258 43
128 287 14
9 62 66
404 469 84
272 476 96
392 495 16
190 469 60
30 149 59
156 265 5
218 299 60
272 448 44
67 418 60
367 470 80
281 468 49
285 340 77
0 189 3
8 43 24
240 403 97
403 480 96
83 181 4
60 456 91
177 213 24
181 478 88
195 241 93
181 465 4
62 236 49
95 283 5
1 127 35
227 466 58
397 469 12
116 236 91
45 454 23
43 465 89
205 484 83
19 423 50
85 139 45
314 342 52
94 170 39
192 246 39
141 208 15
89 428 23
4 81 94
58 196 35
51 175 80
210 247 40
23 218 88
26 101 70
384 443 41
156 332 24
83 141 53
193 214 73
33 146 43
326 362 32
70 271 70
123 249 98
401 487 89
16 166 84
17 359 21
3 218 62
117 399 70
99 442 95
397 473 38
24 197 14
62 356 90
272 292 60
202 483 94
465 495 26
107 487 22
306 388 93
311 475 31
249 453 13
112 119 9
70 223 59
308 362 84
294 327 83
82 246 83
52 299 24
34 136 34
208 422 43
34 55 79
75 277 52
59 344 16
190 319 68
131 389 52
203 234 37
368 480 14
185 290 23
142 366 64
287 454 8
310 312 69
341 375 49
245 367 38
2 121 82
349 448 88
11 14 65
394 434 40
272 430 97
351 391 55
163 290 10
29 205 34
15 207 73
109 232 81
112 338 4
152 225 73
338 451 68
346 376 64
254 455 73
47 197 48
194 244 57
253 459 21
137 256 25
5 275 9
198 478 87
186 368 42
88 340 23
215 259 45
39 427 11
2 51 97
255 379 28
109 359 42
178 373 42
110 166 19
234 456 32
252 306 91
292 408 84
292 395 49
81 429 27
31 461 72
121 288 40
289 295 19
105 330 61
10 304 69
108 389 82
43 374 7
24 408 63
151 245 15
352 363 77
82 237 94
33 118 100
64 377 17
74 289 38
352 390 68
42 389 88
352 472 20
232 438 45
290 403 57
104 284 12
38 108 41
79 82 10
301 417 58
239 427 98
31 33 10
320 487 50
16 407 81
7 132 37
65 360 27
219 485 75
315 354 15
49 374 38
100 495 94
479 488 46
202 484 12
260 419 2
328 335 61
283 495 69
360 416 26
181 205 77
337 342 47
130 337 91
131 401 86
14 375 66
130 231 8
22 293 14
189 378 11
163 293 3
114 228 72
41 383 42
10 406 42
327 499 74
247 253 75
245 496 4
19 117 19
17 395 1
44 429 85
313 406 20
146 437 71
359 373 35
237 393 4
2 57 75
205 299 32
196 328 44
196 287 82
71 435 95
37 261 86
6 326 79
77 210 36
116 267 24
56 112 37
17 279 23
2 432 72
36 228 4
46 346 82
3 43 75
394 444 17
2 53 90
285 496 49
93 282 86
296 356 57
6 348 98
25 271 4
49 493 61
62 395 29
261 313 98
45 80 15
353 354 2
95 478 81
44 273 36
149 227 80
302 459 78
302 344 73
226 408 1
133 431 98
205 283 91
24 320 44
89 422 22
33 326 38
305 415 64
176 440 27
291 449 7
64 107 12
57 424 94
63 217 78
252 336 89
409 411 3
187 467 62
119 284 34
44 141 90
179 344 76
296 407 27
95 273 83
231 239 71
44 472 25
246 287 92
4 434 73
68 90 16
52 429 6
50 198 71
241 332 3
24 89 52
154 438 25
11 224 21
103 488 89
164 407 72
29 304 72
147 398 21
36 446 85
192 329 95
204 499 20
275 322 20
73 164 48
307 463 21
98 158 63
390 403 1
343 445 19
57 301 21
307 350 43
313 436 29
82 325 34
304 338 22
372 464 31
12 181 75
198 224 74
192 483 48
54 313 9
87 423 23
110 358 87
91 327 81
164 360 80
304 431 3
182 358 17
263 375 85
91 170 51
207 284 35
364 446 88
62 415 26
221 231 6
53 340 21
226 300 26
5 317 82
16 318 45
103 269 81
341 397 11
243 388 63
179 430 69
175 456 69
30 236 64
172 261 5
3 458 47
169 426 46
157 327 70
111 174 50
194 413 87
150 288 65
252 415 30
386 497 72
63 138 25
92 299 60
393 459 18
141 372 92
232 259 18
76 371 92
208 374 48
310 345 99
94 356 42
318 416 53
17 274 100
176 187 20
88 123 6
147 408 51
27 161 32
134 195 54
24 27 94
10 230 5
355 431 24
11 386 53
260 426 89
122 247 37
92 219 79
157 283 50
68 353 32
318 421 80
62 431 52
85 171 38
97 279 88
205 292 34
36 458 87
190 311 23
323 438 32
117 420 9
442 496 90
104 443 47
113 369 41
112 160 17
374 497 78
311 312 72
321 487 71
248 451 13
265 407 92
245 284 15
67 193 89
175 332 75
127 160 14
340 472 70
279 477 8
318 384 26
34 340 85
101 498 64
387 472 60
218 322 2
277 466 19
231 421 78
123 298 74
21 233 99
118 443 74
20 56 53
170 304 5
96 412 7
227 350 38
112 374 76
188 366 62
140 283 84
274 436 90
3 169 35
98 269 71
48 76 87
71 407 38
283 409 3
258 409 92
384 470 75
187 435 21
312 357 92
192 376 70
164 220 54
225 397 36
63 246 66
214 233 34
14 356 27
12 450 2
242 364 40
27 494 15
254 451 26
116 254 68
100 165 31
427 442 13
64 121 21
349 383 28
125 245 76
247 360 22
252 474 51
2 13 97
48 173 75
6 129 65
310 454 92
396 478 44
207 265 38
364 455 53
256 353 48
8 380 29
20 491 78
109 378 29
357 434 58
188 404 8
322 438 37
331 396 91
151 325 90
335 423 60
81 446 57
62 188 82
214 407 8
241 430 13
179 307 56
283 470 73
267 411 68
196 246 48
414 481 38
0 292 64
121 144 50
43 169 16
123 360 69
151 212 65
10 184 57
367 440 99
128 474 33
177 298 35
37 112 1
32 370 100
16 167 39
81 474 73
104 447 45
222 417 99
370 418 45
268 292 5
303 484 5
230 325 79
282 486 28
74 106 44
293 419 34
2 109 76
288 397 100
202 313 50
73 440 39
54 396 27
300 455 95
16 229 4
432 457 31
42 45 58
154 436 14
95 399 92
0 236 64
91 149 94
97 407 32
55 292 54
22 311 87
11 371 59
404 446 48
23 495 28
15 332 50
370 444 28
195 262 53
379 417 92
315 437 71
321 463 60
2 257 61
21 253 26
123 158 94
248 458 29
225 473 37
73 397 92
30 66 53
167 309 49
172 350 13
146 350 6
52 457 98
78 335 4
386 450 75
491 496 22
418 485 12
155 415 36
46 308 86
188 430 97
45 406 32
37 375 16
144 353 58
139 381 91
8 333 27
49 215 68
164 238 58
105 439 39
24 65 81
6 142 9
393 454 18
130 262 3
322 466 31
209 402 22
212 468 76
67 375 80
6 339 3
267 473 34
276 333 93
330 391 46
198 421 44
132 314 99
222 265 28
94 306 81
280 452 80
24 436 60
302 402 10
68 244 81
252 391 27
41 317 52
208 389 100
216 317 10
96 136 57
71 392 64
32 328 29
222 306 20
294 360 38
96 272 62
86 245 56
434 447 96
182 494 95
244 437 88
165 436 64
77 353 100
28 288 50
53 356 63
77 443 77
173 236 9
307 411 61
185 294 77
370 469 5
113 400 51
82 184 5
157 407 5
141 225 79
108 294 3
181 403 73
30 148 100
189 256 37
286 395 76
257 457 87
372 412 71
16 276 91
72 312 13
116 248 20
81 143 79
52 413 66
256 436 42
29 330 66
119 161 83
26 338 31
13 456 12
201 373 38
228 359 59
24 422 96
357 369 57
182 326 85
93 351 65
186 230 33
171 205 4
223 346 88
175 316 39
219 460 21
363 380 73
244 339 10
10 205 5
171 260 48
78 459 76
164 311 86
24 433 37
179 195 87
84 483 9
122 371 67
52 192 25
70 384 17
5 430 39
247 432 39
200 403 27
67 337 57
22 431 51
161 458 34
103 356 23
94 319 71
100 278 86
214 342 84
384 454 30
72 157 54
235 249 84
256 448 88
167 397 85
472 481 7
33 449 9
323 425 92
320 499 26
225 332 54
236 461 69
155 481 69
265 445 6
52 477 83
188 427 99
65 302 57
52 343 80
179 193 59
99 124 41
434 461 51
97 121 29
167 440 38
343 385 83
93 140 35
22 298 68
219 375 33
75 147 82
76 468 75
362 441 8
84 421 47
86 437 91
440 467 81
152 463 21
103 470 70
212 229 35
417 486 24
64 226 88
301 420 66
13 379 60
125 184 10
61 63 68
10 52 27
213 367 23
264 474 72
346 352 33
18 78 85
52 322 47
235 466 16
77 256 63
435 446 1
153 280 43
16 176 69
210 353 83
183 328 17
133 200 33
81 290 48
179 186 64
328 461 98
4 455 50
7 367 28
21 151 46
74 94 35
44 128 43
113 325 67
213 392 23
284 477 49
303 308 7
211 350 82
67 95 39
172 329 34
103 358 26
223 358 40
51 309 24
267 344 75
13 238 54
89 360 73
281 466 75
199 343 87
1 244 2
310 365 11
111 148 27
142 335 33
84 438 38
107 497 98
154 406 96
2 296 36
177 418 83
203 221 25
345 381 53
174 178 60
331 429 37
174 391 33
117 148 19
203 326 39
226 379 39
240 491 74
85 382 17
74 326 99
41 261 41
57 372 61
8 224 64
462 493 9
250 350 38
233 350 88
36 182 6
79 390 100
85 360 16
433 496 83
91 495 94
402 429 32
192 392 13
294 481 94
302 444 5
420 444 60
26 474 42
223 384 64
134 349 32
94 132 100
321 460 56
53 131 15
33 435 81
380 438 92
21 325 48
73 141 73
306 408 84
172 246 71
9 194 54
74 378 31
139 242 15
175 426 48
70 499 73
166 380 33
145 165 88
133 485 74
352 478 98
139 380 91
249 262 47
114 200 25
106 269 52
143 483 98
257 340 63
206 338 67
143 272 74
117 315 40
2 477 8
63 101 72
142 182 78
198 307 2
79 187 3
160 240 6
357 408 61
307 333 48
96 411 2
224 239 84
362 422 99
343 438 3
189 272 43
67 259 70
70 475 78
272 418 90
252 354 21
113 242 92
30 483 98
391 480 75
96 175 44
152 383 14
64 244 31
45 269 56
415 436 30
79 337 80
89 284 78
94 354 60
155 427 80
213 470 10
99 209 81
254 461 75
13 478 100
384 435 45
299 386 16
43 172 63
357 470 86
138 458 80
271 351 82
161 416 84
18 267 78
137 252 37
284 427 6
50 159 8
55 368 50
56 235 35
24 33 23
218 261 22
119 470 7
337 441 94
87 177 43
306 412 97
22 32 16
70 319 43
305 495 50
217 246 7
243 293 33
306 403 11
157 309 63
312 342 97
56 491 1
108 232 24
7 99 36
209 452 47
33 189 14
77 338 82
71 377 100
233 241 84
16 327 44
97 368 89
190 482 84
161 448 83
19 276 15
114 164 86
35 221 42
292 316 84
270 393 22
347 373 63
6 194 99
240 325 61
111 245 47
246 276 91
295 427 36
164 395 98
25 188 69
195 401 46
190 269 22
373 395 10
316 437 89
204 403 56
78 221 91
94 267 37
86 197 58
313 482 88
104 371 84
198 202 83
275 403 73
127 239 37
97 441 95
1 316 14
142 480 3
3 75 48
213 466 19
99 148 34
341 382 97
121 354 44
186 365 20
16 181 50
342 486 87
53 473 71
401 484 51
257 373 46
237 445 17
135 469 21
17 471 64
161 200 54
15 431 7
213 293 40
35 93 43
128 312 38
176 231 100
110 143 31
35 359 36
95 115 6
108 217 44
225 413 51
278 431 34
360 399 33
119 164 35
18 113 87
351 371 61
12 202 64
306 415 93
209 480 75
325 399 99
159 318 3
331 407 40
61 144 96
15 304 73
135 422 98
80 286 81
48 210 68
4 426 62
131 388 86
246 285 26
80 83 28
62 373 39
42 121 57
175 249 48
330 394 40
138 347 82
34 241 8
20 226 40
24 254 36
20 416 11
223 285 40
199 495 26
1 402 21
71 396 80
241 265 8
372 495 4
10 344 53
83 146 35
121 324 41
2 278 7
22 487 68
137 183 3
273 431 42
272 371 9
189 415 22
220 397 17
147 444 78
271 357 5
269 422 74
149 178 47
227 347 17
65 213 67
330 481 87
63 203 25
288 405 5
161 408 85
44 131 1
156 343 56
286 367 47
51 136 22
388 407 20
9 25 43
122 166 79
330 406 52
171 467 2
145 186 4
111 137 98
426 460 80
198 467 91
265 413 34
340 343 45
214 373 70
175 438 50
117 266 18
282 316 5
106 296 38
9 441 77
182 333 78
33 45 37
3 61 38
74 140 8
113 407 64
11 285 81
309 379 35
141 198 14
51 437 86
26 61 35
92 484 14
13 393 78
95 412 98
80 156 52
194 458 26
270 330 81
372 434 64
249 433 71
28 147 84
41 210 56
107 242 31
239 416 12
286 318 90
114 438 26
1 425 97
71 164 32
323 489 31
205 478 21
154 407 20
463 496 36
181 476 82
34 444 23
219 289 79
107 197 35
102 296 51
12 132 16
37 214 94
249 313 74
231 335 35
244 271 55
304 465 20
46 118 34
256 406 89
63 158 1
17 331 14
92 471 72
16 421 47
170 276 41
27 35 38
323 346 83
352 496 36
23 490 34
4 468 68
193 444 79
45 226 61
237 403 69
52 361 18
96 313 68
181 197 70
357 406 68
59 197 49
414 438 55
164 410 7
57 87 36
236 322 18
82 479 1
6 492 88
72 179 89
182 325 73
24 253 66
92 269 24
126 404 29
217 397 35
88 450 32
128 283 42
347 486 23
362 429 65
79 373 34
56 354 85
115 433 11
21 463 35
288 450 18
202 339 14
282 414 71
75 464 6
20 253 18
13 346 33
318 320 23
440 448 85
258 287 85
46 125 26
66 280 46
66 417 90
67 281 70
359 427 39
55 307 66
19 326 7
160 382 32
212 464 53
124 178 43
163 435 57
114 461 20
66 397 5
41 82 64
16 197 87
313 440 48
95 203 95
139 471 22
227 311 4
57 280 10
45 480 38
159 492 42
127 436 44
145 169 16
56 128 17
275 488 69
111 224 68
39 294 26
309 348 24
182 241 58
344 420 75
384 387 5
52 130 25
109 342 54
264 450 66
83 368 10
147 181 46
239 278 63
310 429 82
217 382 6
97 437 83
219 403 24
67 456 93
299 477 22
220 302 81
140 317 100
111 439 8
195 293 90
169 179 100
181 332 80
4 351 3
222 374 71
31 147 85
249 485 51
170 183 18
213 316 34
131 183 92
191 401 89
101 485 42
161 334 46
172 279 99
114 136 15
452 475 30
174 423 72
38 106 43
130 295 21
131 345 25
34 140 74
268 406 10
95 359 23
400 424 58
69 199 58
151 246 16
349 397 24
301 444 69
143 345 13
149 357 19
221 347 40
45 491 52
8 281 44
310 448 40
314 352 1
57 408 9
113 405 70
53 380 69
88 300 2
102 379 57
11 452 88
32 343 22
94 482 66
65 432 68
202 264 16
49 327 94
223 334 44
116 277 23
217 381 61
39 193 13
90 336 19
27 486 28
162 443 43
210 383 66
278 400 34
412 419 56
87 107 60
57 219 53
217 406 4
415 448 63
123 143 67
278 488 16
263 321 20
72 384 51
45 244 9
96 345 19
219 264 60
423 449 98
47 182 27
100 348 11
157 449 87
114 153 77
177 325 9
289 309 4
137 375 22
216 481 99
52 370 32
0 348 83
220 382 6
45 290 19
181 198 25
178 409 7
367 464 11
63 129 73
61 157 14
80 367 53
85 410 9
255 405 1
48 473 94
161 220 63
371 417 88
62 206 66
18 104 45
110 496 87
201 403 4
232 334 24
184 326 47
149 359 38
48 320 65
268 294 56
141 338 52
350 493 64
232 277 95
223 479 48
78 311 7
277 352 13
110 167 59
138 453 68
194 426 63
303 431 31
125 357 81
167 349 34
214 314 46
191 440 5
95 149 87
213 347 52
9 77 21
339 378 2
172 221 57
410 495 3
172 454 4
34 74 2
71 467 2
34 246 20
148 173 32
126 272 71
246 330 57
9 186 100
51 484 55
47 263 25
251 334 93
290 325 61
143 238 8
275 450 6
147 454 64
212 466 97
280 312 5
351 408 61
78 285 1
273 316 57
80 409 74
54 283 93
417 446 24
42 232 5
231 278 26
7 159 71
223 409 63
68 366 97
258 388 31
213 245 22
244 467 92
403 429 13
256 275 25
78 348 73
231 279 75
302 342 46
156 421 49
181 484 21
127 443 28
103 382 71
4 410 55
49 140 2
65 314 7
281 323 13
92 346 3
196 351 97
197 452 13
282 413 61
92 246 38
224 236 59
5 29 69
71 389 80
362 492 87
73 455 99
121 175 58
7 128 49
158 277 77
67 355 57
183 381 19
7 465 51
421 459 78
276 494 66
104 407 91
184 387 36
84 270 36
306 405 80
110 135 42
165 189 58
32 452 59
67 340 37
46 367 68
27 248 21
10 458 50
201 250 54
12 453 21
136 249 11
64 145 81
225 439 87
83 86 44
46 393 97
245 331 67
411 437 1
180 487 35
282 329 16
155 354 42
126 336 20
196 220 21
70 408 74
12 244 19
159 319 23
214 409 36
218 409 98
236 365 62
198 272 23
283 322 68
111 484 39
238 280 69
45 350 52
90 129 78
68 463 58
194 296 8
141 485 43
190 256 1
75 390 90
300 461 42
217 244 45
311 372 56
89 222 21
276 317 88
228 278 79
328 367 77
205 429 80
223 316 73
115 312 97
59 69 72
359 468 37
262 310 64
25 115 77
88 236 62
351 450 86
251 386 26
106 242 15
107 337 55
76 233 55
35 162 75
103 208 75
344 350 23
95 282 99
273 293 61
139 479 6
14 412 20
214 405 12
438 461 14
128 418 25
16 219 27
139 309 28
296 488 80
44 109 90
187 382 42
184 227 99
345 476 96
119 199 58
401 421 83
426 441 91
12 34 33
257 437 25
112 190 33
337 453 43
129 355 36
22 322 70
225 384 85
175 318 15
66 167 43
103 170 56
155 263 97
13 22 37
134 443 24
3 433 97
135 254 42
339 442 69
200 340 72
296 330 52
49 438 93
164 165 55
160 249 60
178 268 14
45 297 42
176 452 9
12 215 93
42 358 29
305 390 87
10 250 28
399 469 58
130 223 74
26 90 10
168 182 48
80 305 48
90 122 84
0 116 40
58 86 9
374 477 66
361 479 66
8 360 74
128 154 6
156 429 52
205 449 72
63 357 79
7 107 78
75 280 66
104 364 26
74 468 60
188 321 22
257 456 47
191 381 82
380 478 90
384 458 45
320 482 36
432 473 55
73 237 35
75 149 85
275 480 4
52 274 34
0 417 20
276 350 84
356 463 87
80 311 66
111 365 4
135 151 45
319 439 49
52 255 2
237 412 24
110 471 61
52 132 17
7 26 76
207 405 32
343 441 81
423 456 85
279 453 63
48 268 37
276 443 54
3 432 16
16 487 92
164 392 53
24 318 89
56 228 99
94 169 79
80 241 75
126 455 12
12 264 56
23 136 72
60 171 23
74 382 57
388 396 15
117 293 17
80 187 14
30 401 34
59 265 88
82 496 30
275 354 97
222 247 61
322 454 7
0 25 31
57 148 72
74 489 70
65 471 68
202 243 13
85 253 37
2 360 95
103 140 25
147 449 6
20 41 2
100 446 83
370 454 32
1 326 15
113 329 62
24 483 7
129 287 96
46 484 9
111 412 54
188 286 33
273 352 20
109 409 56
208 252 44
79 392 37
207 310 48
27 364 63
412 482 4
252 276 50
173 318 1
254 293 97
207 258 94
103 246 19
28 160 83
150 493 82
26 457 60
340 349 22
63 406 60
208 268 54
256 295 48
89 129 79
221 494 39
36 200 46
133 222 97
78 261 36
125 286 41
125 282 68
4 164 51
41 122 63
149 309 55
166 382 41
288 445 50
385 486 83
297 468 58
205 353 22
201 289 27
99 288 16
321 381 81
115 145 21
117 406 38
173 265 68
130 317 68
180 312 30
16 248 68
232 467 99
426 448 70
62 376 38
104 398 75
423 493 75
197 487 4
171 198 88
411 431 22
303 345 4
125 280 70
108 147 4
144 219 99
130 475 62
153 163 29
134 135 37
231 464 85
8 82 12
46 124 8
134 159 87
88 428 18
332 404 6
127 169 45
147 483 6
73 159 56
88 356 94
53 212 70
75 210 21
125 214 98
173 180 52
184 348 86
74 129 21
122 341 22
4 211 34
222 347 42
384 397 84
153 309 44
229 485 57
53 469 91
327 490 99
273 367 66
255 432 23
109 371 84
250 451 69
352 477 45
113 448 88
158 483 76
371 488 18
37 354 25
209 365 72
11 295 21
250 297 2
114 382 50
162 297 40
286 366 96
181 447 62
168 380 21
355 380 33
29 299 93
216 414 59
240 259 26
285 415 29
50 447 31
356 424 63
236 251 73
99 431 44
181 275 80
70 471 9
296 459 9
145 351 3
181 226 95
226 396 80
317 348 7
23 252 4
132 469 28
8 451 41
268 489 68
226 471 9
273 333 19
161 492 47
246 448 81
228 232 32
191 204 74
449 499 18
44 372 35
75 351 98
26 486 55
25 362 61
56 443 84
83 268 14
200 322 58
105 212 15
20 473 61
40 335 63
97 431 10
124 394 24
134 302 27
122 376 96
343 352 62
35 54 12
135 477 14
58 156 74
71 413 47
105 292 32
132 237 84
174 266 55
9 354 43
170 289 35
110 266 95
9 310 51
195 227 77
19 128 26
85 230 5
21 391 57
20 74 3
348 419 44
79 401 70
276 389 23
60 463 18
144 215 66
109 224 9
124 286 87
144 466 78
76 178 66
106 112 16
150 346 63
362 382 83
122 412 45
49 281 10
213 236 83
27 429 84
44 460 48
65 173 88
270 379 45
22 282 5
232 439 42
150 367 69
24 160 97
24 77 28
168 239 47
26 413 50
156 361 77
44 198 64
86 114 81
398 494 37
37 487 3
334 424 89
49 461 84
98 379 16
50 154 41
62 455 15
242 352 42
0 258 66
242 387 93
167 462 47
311 414 19
70 433 13
175 260 33
57 187 65
10 368 85
173 257 11
46 375 19
55 474 38
373 378 29
17 367 13
3 316 82
264 265 69
33 283 27
81 420 92
296 368 99
197 491 10
31 424 98
88 98 5
165 231 46
330 387 89
124 415 79
194 465 48
181 302 14
191 473 26
66 451 48
132 194 74
240 245 64
59 351 9
171 291 42
128 349 14
11 331 31
218 372 58
460 490 89
481 495 1
198 468 79
324 472 54
162 368 56
127 469 83
171 258 50
35 299 44
79 462 26
261 356 76
154 278 26
64 482 23
112 422 81
31 218 40
20 479 87
118 363 69
413 418 17
153 475 66
100 290 57
360 461 83
174 252 56
65 265 91
60 111 62
22 62 26
220 487 53
114 127 92
149 302 35
11 178 58
91 336 8
76 361 53
310 460 86
165 359 33
231 312 23
17 360 58
2 373 43
284 465 56
258 442 78
235 377 90
76 149 48
49 231 23
105 199 66
42 293 37
103 177 4
71 171 79
8 288 23
53 154 92
68 299 86
289 428 51
229 341 79
262 366 8
14 159 39
19 243 43
230 460 7
30 490 91
12 248 84
116 147 25
216 257 29
23 278 12
2 484 57
253 330 64
3 281 98
23 237 70
59 318 26
65 141 19
83 455 23
71 493 47
92 120 32
448 466 88
135 397 75
146 426 25
262 352 53
262 291 48
18 297 47
251 493 24
66 112 53
8 377 56
360 471 50
38 157 41
359 376 11
44 317 82
168 360 87
105 298 32
85 170 86
285 493 59
25 390 63
29 181 76
222 477 70
227 460 91
330 488 30
67 354 33
195 267 52
57 314 5
259 396 43
321 346 57
217 414 68
122 444 69
14 32 89
62 412 29
241 471 18
37 133 40
285 471 93
122 425 8
82 343 87
78 471 96
233 359 67
101 145 60
82 319 4
351 352 94
77 328 70
375 459 12
76 335 53
116 377 1
168 372 84
260 423 13
38 420 78
30 204 78
110 190 13
215 394 88
74 396 39
208 358 47
381 455 26
9 368 48
149 234 33
148 176 55
382 386 24
415 432 67
188 465 5
28 124 28
182 396 13
265 396 51
29 283 5
85 161 75
93 428 84
89 247 33
132 437 17
332 364 71
362 376 21
127 334 66
426 471 20
146 322 49
230 412 26
4 325 65
214 267 92
63 211 11
143 215 32
32 450 37
486 488 10
7 19 66
178 181 21
63 447 32
314 490 31
159 345 47
211 425 52
50 327 90
168 180 70
282 323 53
135 349 46
321 370 48
2 202 5
52 463 58
115 483 18
65 248 53
111 131 47
177 406 29
267 275 55
51 227 17
238 308 13
203 307 7
255 461 87
95 98 7
0 441 6
134 310 89
8 346 53
137 253 72
404 418 97
74 125 92
7 43 22
220 245 12
373 429 77
231 317 26
148 494 95
119 259 48
271 286 100
390 402 70
224 261 8
33 285 4
271 425 22
103 372 99
263 366 90
88 89 37
136 291 31
291 348 75
102 139 95
118 155 46
32 383 19
119 246 4
345 380 50
83 111 67
184 338 46
35 235 9
148 218 16
299 470 15
1 412 80
245 447 99
161 317 21
97 352 25
27 456 21
152 472 94
41 411 50
256 442 69
297 301 47
36 483 47
195 461 67
11 176 68
351 419 12
179 497 77
36 366 93
34 438 88
31 124 79
58 433 59
215 355 39
265 277 74
158 331 27
2 256 73
189 299 34
152 428 35
190 277 16
246 279 72
69 358 18
188 246 95
19 242 77
141 251 38
141 469 4
6 87 3
63 142 21
339 388 96
415 478 1
48 147 84
30 322 26
200 469 57
126 292 78
182 353 58
243 304 14
276 472 54
23 429 20
231 386 66
63 388 20
3 452 33
24 53 82
153 195 22
212 261 27
312 493 100
25 184 10
120 319 44
16 177 51
14 288 98
36 341 72
205 464 14
110 470 93
42 160 64
71 342 60
4 134 51
128 322 91
229 356 10
196 488 12
156 369 33
136 413 57
173 366 39
111 126 55
197 246 81
166 462 43
63 367 71
284 328 87
47 267 55
106 147 45
194 237 78
32 280 9
108 252 27
312 315 43
41 453 34
50 123 52
67 330 84
224 328 62
390 480 68
217 297 9
212 278 6
119 223 34
72 360 53
62 279 27
87 316 57
301 347 66
144 268 36
312 395 36
74 180 67
262 449 6
143 317 22
45 138 62
18 272 99
267 380 4
23 83 39
64 294 52
385 463 71
216 339 15
99 259 22
123 329 18
279 455 90
314 470 26
410 456 33
205 351 1
53 456 69
219 232 10
158 403 8
161 324 84
59 237 48
295 339 81
126 215 45
115 314 92
402 473 57
314 495 88
57 60 26
154 336 55
201 331 87
239 461 35
398 408 85
416 454 67
314 345 5
15 166 97
109 235 1
328 395 100
56 232 35
51 335 2
180 282 23
195 301 47
276 394 41
59 262 93
174 367 48
221 291 76
95 263 63
52 490 58
325 496 33
38 270 19
149 460 77
186 405 42
236 274 97
308 351 53
274 283 91
160 179 75
57 371 36
170 477 94
365 402 68
81 201 13
366 448 18
135 313 48
318 360 66
17 40 4
372 430 8
104 122 55
227 323 5
489 496 82
108 132 17
167 421 7
450 470 20
205 258 26
219 238 97
271 484 52
264 311 57
75 452 70
315 403 43
128 396 57
123 159 48
211 494 13
0 46 90
67 450 33
310 321 98
268 413 37
251 267 41
239 364 63
161 326 10
263 359 66
389 429 96
135 152 5
17 201 81
289 394 58
277 379 67
213 317 43
35 69 25
196 391 92
73 290 33
286 306 60
428 436 91
164 310 7
207 458 63
297 329 94
51 458 53
59 447 57
272 497 81
317 405 26
20 62 91
116 253 7
32 35 48
271 342 26
159 266 64
158 378 69
241 359 54
17 397 68
50 418 4
16 484 66
237 319 86
137 437 65
25 296 95
286 391 20
350 414 30
166 176 7
355 452 94
9 80 84
122 320 11
134 333 50
392 428 64
93 270 58
215 430 87
244 468 41
180 413 26
173 278 74
23 158 4
15 164 62
120 490 47
290 306 45
117 206 51
109 493 94
149 193 67
18 75 7
349 436 65
254 274 7
5 401 35
280 373 89
153 454 90
375 447 22
59 188 51
198 303 15
146 282 39
23 379 63
178 322 62
40 454 92
117 489 22
172 472 89
170 348 67
39 96 4
109 385 93
68 104 72
188 244 63
134 432 74
121 379 57
222 399 76
361 430 44
205 424 54
421 423 79
214 450 23
59 284 99
275 412 97
4 231 15
35 452 70
430 442 59
164 361 21
95 435 38
137 476 33
216 353 25
51 62 11
74 123 67
140 299 43
122 315 84
229 353 90
133 271 58
97 195 74
346 445 58
234 362 86
65 184 64
360 387 5
3 84 43
313 365 24
100 328 26
114 247 100
55 80 41
74 255 25
220 327 89
313 359 22
109 353 79
344 434 88
15 415 5
193 395 18
286 349 18
224 496 60
113 184 11
8 358 87
250 354 28
348 472 18
269 360 64
76 94 37
337 352 63
317 398 49
281 324 93
216 271 36
151 321 30
247 337 84
213 410 97
161 302 42
173 290 8
116 195 26
146 259 14
156 177 6
92 462 43
238 492 53
218 290 52
195 311 63
377 466 11
129 374 50
128 379 39
37 358 57
104 135 89
41 152 54
17 251 76
61 344 52
446 468 97
244 445 20
177 188 42
21 249 17
116 158 27
57 252 63
171 446 81
299 360 56
474 493 25
22 132 92
388 469 67
349 429 51
215 391 49
224 251 4
177 319 100
307 417 63
126 185 78
349 499 45
309 485 30
75 279 53
368 490 89
195 370 43
277 376 72
49 370 64
178 377 92
198 250 33
314 422 35
193 365 49
164 246 23
24 30 93
29 303 23
9 240 28
248 436 89
6 95 7
18 114 86
149 480 22
419 444 96
262 303 96
58 126 23
7 79 17
263 272 37
234 254 49
272 319 65
79 215 9
43 154 17
103 239 96
383 404 17
21 114 9
112 132 64
92 361 50
329 424 1
180 466 43
187 407 70
1 465 57
44 73 88
57 347 77
172 413 28
121 484 88
295 304 1
254 360 79
44 115 25
103 204 21
108 290 100
5 36 45
460 464 52
91 215 1
150 162 79
280 426 40
34 319 92
150 455 80
62 303 14
142 331 90
375 414 81
266 320 35
8 78 57
172 388 3
13 270 28
67 177 6
154 463 81
192 402 73
343 484 94
169 478 24
85 214 71
137 319 36
409 432 50
14 454 36
186 193 33
230 409 43
5 210 62
42 405 82
82 433 93
157 311 81
273 327 23
130 363 47
122 370 99
220 301 16
108 176 19
165 265 63
174 219 40
300 359 98
4 185 70
311 476 61
101 435 17
175 451 63
12 343 94
253 298 13
323 338 67
142 390 2
11 204 85
95 320 19
151 499 86
2 443 84
75 192 81
327 448 25
230 499 38
165 447 85
398 434 15
67 209 24
355 428 1
97 489 99
319 464 81
279 481 38
62 266 11
86 101 16
54 82 59
217 347 12
206 373 44
86 213 37
250 325 67
378 488 78
291 420 29
314 383 85
159 283 69
198 257 54
110 344 15
124 340 70
15 106 2
327 488 52
272 356 65
137 342 34
134 364 56
49 497 91
286 390 55
115 458 27
87 318 47
73 438 25
89 310 56
188 224 19
411 488 10
4 127 55
349 497 77
57 251 15
324 351 57
260 424 18
121 352 34
133 386 68
255 459 9
148 185 74
267 454 82
270 398 47
368 499 32
94 269 39
166 491 32
202 290 47
144 207 75
32 117 13
348 354 82
121 479 6
45 162 28
39 265 76
203 238 98
341 489 63
99 386 12
36 322 19
109 304 62
331 333 24
24 134 91
127 171 14
191 248 56
293 329 61
41 226 76
288 443 60
141 175 8
36 430 53
194 348 100
31 272 47
166 461 91
485 499 56
13 169 100
80 338 11
3 199 44
56 365 53
397 413 67
306 407 19
146 170 85
228 357 57
123 324 4
293 412 12
10 92 50
224 256 37
343 386 92
115 438 50
24 141 73
132 408 56
35 301 66
78 329 47
187 260 40
54 66 97
99 308 57
353 364 44
43 123 24
142 200 91
108 304 68
36 321 28
345 433 58
174 404 55
291 493 9
240 352 73
51 285 73
397 399 38
43 473 29
281 339 3
363 431 45
114 259 16
279 462 21
272 486 15
168 228 3
104 290 54
13 285 39
432 494 44
58 157 68
321 449 69
24 262 100
154 239 19
173 494 1
315 412 54
22 274 82
135 454 53
362 481 48
341 411 10
86 396 67
297 302 66
37 405 2
311 447 66
49 418 79
58 483 76
203 408 56
66 189 33
147 167 46
270 373 86
258 273 88
379 478 96
95 328 2
22 483 41
32 96 9
369 371 58
294 423 53
68 249 75
445 498 54
12 378 41
123 369 38
1 486 48
211 430 41
52 408 49
44 226 80
83 193 37
63 107 20
1 476 75
103 117 62
125 477 82
414 462 83
392 432 18
72 415 48
351 355 12
357 452 28
21 150 80
349 363 72
431 454 17
120 285 1
139 406 12
104 209 11
91 189 49
122 285 35
30 256 75
10 476 29
29 277 83
62 265 67
160 230 23
306 364 85
145 357 8
279 484 24
307 405 100
389 463 77
343 421 4
310 442 72
119 211 98
31 224 6
65 389 30
169 370 5
24 288 30
433 441 3
320 333 28
370 459 83
54 159 36
33 157 9
22 230 39
146 229 97
206 228 97
116 413 84
130 222 47
137 184 95
412 429 59
180 286 93
251 259 42
391 483 61
17 37 83
60 209 84
120 208 6
2 45 17
121 351 96
104 225 57
204 474 95
134 227 34
189 291 51
91 291 23
137 191 48
44 467 92
128 468 56
196 452 96
44 333 45
30 153 78
67 312 61
1 175 25
19 216 69
31 364 43
68 489 1
47 306 12
370 415 35
133 308 69
316 491 96
62 136 1
92 182 44
123 285 72
192 386 22
227 470 82
20 152 37
255 331 49
184 486 49
303 469 10
163 374 25
166 443 24
285 393 60
72 364 52
144 349 75
160 187 9
360 380 60
475 491 2
102 331 83
117 215 100
291 491 41
11 88 37
416 464 58
174 479 37
12 308 34
212 442 24
86 431 100
265 370 64
397 447 86
6 400 6
117 441 5
5 332 40
97 382 27
195 208 69
8 148 55
344 408 59
8 154 21
143 299 62
167 416 68
311 465 20
221 304 99
276 411 1
157 194 89
293 335 53
25 449 39
274 427 68
253 400 68
368 419 19
6 341 35
116 424 20
379 403 20
263 438 22
354 362 8
45 495 55
20 365 70
86 230 9
163 204 23
241 292 42
149 251 82
125 257 20
46 490 83
216 249 58
57 245 51
193 383 47
233 240 17
384 391 80
53 230 1
110 302 87
210 324 75
335 388 5
204 466 78
257 401 65
49 417 80
61 481 58
156 160 26
166 288 75
137 404 59
165 463 25
291 369 88
78 103 94
159 189 81
201 406 31
60 381 49
231 385 23
282 461 10
287 352 83
195 470 57
81 103 2
218 415 28
128 149 16
69 85 9
72 88 44
196 299 37
36 253 31
56 474 96
45 458 95
153 396 80
46 361 55
99 136 14
325 367 96
373 382 75
28 63 85
226 328 39
129 254 86
182 295 14
183 390 43
132 467 93
162 434 11
225 367 48
324 464 37
259 458 57
335 384 41
358 448 24
178 191 35
92 160 4
74 344 21
432 459 38
34 122 34
359 378 94
157 403 27
11 362 8
112 242 95
256 450 100
278 280 8
72 331 39
244 490 73
121 407 52
199 212 77
47 191 58
193 423 39
183 287 95
23 259 38
27 43 48
210 456 74
148 486 48
350 412 77
119 236 57
14 244 93
190 321 8
307 371 69
155 474 81
344 461 49
316 428 52
14 418 21
7 45 9
170 483 12
318 420 77
91 217 83
334 362 82
191 463 72
139 497 37
24 413 31
0 359 74
14 342 92
321 442 72
46 115 62
299 362 17
194 436 38
37 98 47
103 413 46
113 180 6
51 465 53
31 43 49
45 111 100
113 175 22
275 431 81
68 156 38
346 492 96
183 214 9
145 179 59
137 287 64
181 243 23
176 273 60
105 430 100
336 425 6
68 125 85
317 369 54
396 492 92
389 395 89
59 271 11
270 288 7
309 337 66
66 363 74
213 346 50
332 415 41
24 309 95
92 237 44
217 401 2
467 477 63
335 366 24
139 182 94
190 282 50
118 446 58
3 121 63
306 418 33
108 499 44
103 306 54
143 214 91
111 458 60
59 183 22
18 99 34
84 401 64
129 424 21
147 191 71
18 439 91
267 300 3
65 320 80
267 308 3
90 366 37
32 351 7
238 440 1
161 274 56
337 368 15
249 390 69
334 481 55
145 161 89
235 271 73
411 441 95
215 253 99
136 153 63
186 349 34
396 433 58
15 130 41
327 485 23
251 428 81
239 243 32
17 421 97
103 361 57
120 484 51
75 98 35
1 298 75
163 170 83
106 235 27
115 499 72
138 248 24
75 334 73
3 205 77
66 380 18
21 443 6
10 270 72
10 278 78
118 494 35
127 187 97
386 498 42
122 174 26
336 442 85
11 53 6
206 271 57
272 440 14
32 470 90
36 490 9
226 264 43
133 289 53
1 384 91
266 424 46
354 471 21
62 180 42
113 353 17
441 479 59
197 260 10
121 334 79
76 288 55
140 251 60
372 454 6
271 362 46
53 84 41
30 458 54
5 66 93
105 422 46
64 249 69
222 497 71
244 334 31
220 395 59
237 274 13
94 152 67
86 255 71
29 236 32
197 301 11
95 404 79
227 375 44
294 298 2
334 355 33
304 387 5
158 300 99
90 107 82
112 406 51
281 361 92
402 436 54
463 498 53
40 111 96
74 188 27
127 149 28
394 443 59
15 383 41
1 91 87
94 302 58
51 405 16
8 200 2
31 409 35
182 455 33
126 477 40
208 379 83
45 296 95
120 276 89
137 453 48
125 265 78
101 224 21
29 336 66
102 361 100
116 364 2
234 476 83
254 426 99
195 375 30
237 284 96
204 339 57
116 126 10
155 163 69
204 260 56
79 121 52
166 361 41
161 191 42
165 491 92
85 366 56
79 222 90
265 373 86
219 302 11
145 381 70
27 482 21
300 402 28
71 195 6
136 385 65
100 463 84
323 405 19
288 361 53
62 244 52
4 41 5
316 321 3
135 140 73
94 239 98
277 281 59
29 64 68
54 431 10
24 466 32
215 307 19
11 113 63
46 480 11
395 479 37
123 188 70
143 268 46
97 102 49
67 356 18
237 429 62
1 319 85
300 415 21
82 105 69
7 340 13
344 465 37
334 382 25
11 137 25
31 143 9
194 416 8
127 458 65
281 299 6
164 314 27
210 253 57
172 327 19
41 288 52
150 473 30
25 261 41
418 430 16
12 421 70
178 245 31
50 202 69
308 365 18
307 466 30
368 425 85
345 492 13
134 172 82
200 460 79
99 236 83
0 347 8
305 308 28
229 430 74
32 67 100
147 272 93
74 472 59
308 425 67
66 80 31
138 340 34
347 435 34
15 72 91
54 84 99
288 410 52
122 235 21
102 210 14
226 417 57
273 388 76
70 256 14
398 464 2
388 465 76
70 333 9
203 349 74
7 149 90
71 404 19
195 224 54
115 140 25
12 292 99
322 402 93
239 457 5
377 464 88
396 488 35
63 180 79
29 454 95
140 453 44
243 262 62
318 479 84
83 209 6
274 393 54
242 414 64
346 465 1
201 449 89
141 328 57
129 490 73
86 406 69
28 317 67
65 266 85
366 443 75
401 420 90
419 445 16
170 248 94
33 405 72
128 176 11
150 486 18
50 324 18
182 266 35
44 381 66
248 333 68
336 361 62
46 427 10
70 82 94
46 233 66
290 416 73
371 383 19
413 477 11
268 308 99
29 95 95
117 440 27
6 198 25
279 289 50
22 208 26
132 351 28
284 450 49
29 94 41
397 485 71
22 52 82
58 148 71
120 175 34
303 449 78
362 494 86
303 362 21
246 353 63
39 418 32
208 435 57
228 394 100
110 252 28
23 293 36
297 471 93
319 462 19
17 209 54
8 175 59
142 239 65
19 315 86
233 332 76
394 429 60
60 329 77
136 465 92
222 246 3
14 80 23
76 199 53
2 132 6
171 307 55
329 405 10
95 222 66
52 291 47
232 481 53
388 479 81
466 484 88
179 285 2
202 495 15
49 100 51
179 290 7
60 307 23
39 456 97
406 455 87
110 349 59
288 395 28
85 120 17
220 451 37
104 108 16
238 382 36
50 163 69
19 73 74
39 484 80
164 226 85
359 404 53
78 252 7
416 444 79
342 471 98
186 329 75
166 238 53
180 285 49
290 388 88
33 378 49
79 496 53
136 317 35
259 447 26
381 418 24
33 134 99
44 246 78
118 484 75
15 318 95
49 365 81
58 144 80
241 455 100
201 456 90
299 415 17
152 381 92
374 482 84
105 113 60
118 488 74
99 489 21
270 338 79
93 216 20
235 253 55
163 210 5
247 314 65
75 347 99
133 455 27
129 422 83
253 307 60
157 448 6
430 483 65
182 210 17
117 142 94
205 477 13
310 357 28
20 70 69
49 454 85
208 453 41
357 437 29
31 319 2
365 499 4
6 256 71
52 137 77
45 433 36
411 456 45
447 482 67
41 221 33
275 408 8
97 236 13
18 484 65
54 116 75
81 269 28
55 263 92
15 374 57
104 311 86
123 190 3
102 480 41
263 320 44
451 471 49
220 243 7
103 344 52
220 259 78
79 83 50
69 464 13
372 466 7
407 411 91
231 415 84
202 273 87
10 126 34
266 279 55
136 194 15
49 227 61
150 457 15
135 348 54
430 453 74
47 202 19
292 439 21
194 290 11
2 487 74
42 103 93
32 140 58
294 346 75
130 464 96
13 62 39
114 169 56
63 414 76
75 354 29
28 192 71
195 263 60
339 450 20
293 455 81
16 41 70
91 419 17
27 412 48
126 394 1
212 439 73
425 489 53
181 496 76
123 497 64
279 397 66
65 273 86
159 226 46
79 255 31
174 236 55
27 258 98
186 392 31
76 279 5
14 376 23
221 247 12
173 212 80
9 353 68
223 268 3
282 423 43
54 417 93
70 317 45
307 349 23
16 458 60
113 233 77
299 330 79
105 270 17
250 381 44
175 271 34
78 480 54
180 274 60
331 446 48
12 403 48
331 409 13
77 360 14
351 387 81
6 280 35
193 438 60
188 292 39
275 379 48
272 283 90
270 399 30
173 259 66
103 259 11
104 297 61
215 452 99
127 132 29
96 101 34
341 403 3
259 422 19
90 268 13
291 309 48
19 89 54
7 185 99
16 402 1
171 375 35
53 137 76
109 234 64
35 375 98
254 394 73
58 111 80
268 449 95
226 295 50
77 279 32
11 458 51
231 356 96
401 418 13
21 317 54
120 151 50
96 436 8
254 492 81
287 349 57
79 386 86
353 372 71
135 499 16
47 175 71
384 438 67
251 454 25
301 311 9
14 475 67
299 419 57
455 491 31
44 439 62
456 478 16
334 346 67
91 93 8
51 113 72
81 237 38
226 317 82
429 464 77
153 265 2
195 489 96
378 415 21
94 119 40
7 282 39
394 499 89
159 428 46
72 273 89
154 203 44
121 369 77
212 349 68
346 454 84
35 480 62
29 210 46
321 468 74
174 196 49
392 440 99
322 340 10
157 366 41
156 368 91
40 128 40
67 68 6
261 428 5
311 456 94
365 416 61
226 288 71
125 266 53
86 290 7
33 356 14
47 183 61
247 421 4
289 395 52
466 473 84
68 83 21
8 302 79
14 337 45
18 35 36
134 317 64
112 183 21
416 434 57
230 448 34
370 476 17
144 229 72
110 452 33
3 70 66
117 154 6
194 347 46
280 356 75
245 319 53
82 399 43
34 125 51
93 225 92
123 254 15
302 323 19
19 442 43
54 272 16
229 392 80
271 298 58
314 316 76
190 238 73
1 409 37
406 464 38
340 395 84
97 254 33
51 263 26
24 191 16
268 277 94
193 433 11
158 499 50
227 274 35
277 451 10
112 124 63
45 48 93
116 423 57
197 343 75
300 499 70
201 395 48
32 297 91
49 192 81
155 397 78
133 347 80
343 349 99
277 292 67
20 441 46
102 363 50
242 430 31
55 246 93
179 343 99
203 299 48
75 460 72
25 428 84
170 452 95
126 401 4
317 363 82
40 51 87
102 264 37
112 314 10
67 485 49
25 216 53
307 373 93
281 338 42
33 336 51
79 190 17
222 236 56
61 145 87
233 405 75
51 151 20
35 227 6
24 358 58
44 88 20
51 73 59
87 165 34
110 441 58
2 258 8
240 271 18
394 498 28
87 481 92
29 443 99
231 339 92
157 380 99
51 326 25
12 69 52
374 382 44
155 248 41
305 353 14
225 422 6
131 456 53
4 346 8
163 433 91
247 335 100
273 419 41
274 498 86
75 181 97
129 230 71
173 220 99
284 415 98
256 485 41
124 457 25
32 384 17
203 497 82
263 279 26
218 265 6
257 332 24
160 217 76
115 330 69
228 340 41
466 478 81
102 359 47
188 446 96
33 376 51
59 473 90
269 394 36
107 215 38
178 402 31
184 449 97
95 269 76
257 334 31
32 327 5
107 302 68
298 443 20
193 399 31
271 485 18
105 397 33
315 374 70
354 373 65
73 395 42
311 423 10
104 195 45
316 327 82
354 390 85
215 454 78
1 229 54
1 27 100
59 270 63
104 321 74
84 397 60
102 290 12
163 226 5
336 446 55
203 298 87
114 462 2
184 285 31
324 336 18
116 447 30
445 469 64
17 323 65
433 490 14
5 160 57
80 186 44
101 443 82
48 219 53
216 440 18
273 452 30
270 405 83
388 427 40
385 469 75
330 470 85
403 423 25
212 309 100
53 483 88
81 236 12
6 78 22
196 315 55
124 157 96
368 436 24
79 343 100
358 438 10
40 402 48
115 136 89
146 303 59
9 117 79
474 497 18
2 102 61
177 471 10
161 366 36
119 263 71
69 112 9
75 153 100
92 183 8
244 312 82
354 416 4
150 202 12
34 177 31
55 156 40
112 182 45
150 241 16
182 424 64
187 378 4
115 229 32
251 430 80
285 486 82
45 213 44
338 367 71
112 467 3
169 394 18
75 459 45
141 380 97
318 334 9
92 199 13
34 234 90
229 369 71
394 410 53
132 157 37
305 446 87
130 197 11
171 438 7
90 406 82
120 447 93
47 365 49
58 480 60
13 276 27
369 401 52
195 308 89
141 166 75
211 490 55
8 448 74
254 366 39
83 459 63
239 402 47
42 162 28
132 196 72
51 203 55
308 372 15
131 458 54
77 298 39
164 495 2
206 340 54
194 434 72
151 186 46
112 128 15
324 428 11
107 229 21
202 250 78
92 115 36
158 370 66
228 407 98
129 342 58
241 465 56
158 469 22
274 379 49
2 118 44
289 424 57
220 454 57
293 311 72
50 139 86
120 169 15
217 373 45
229 267 78
186 417 23
338 413 79
153 243 91
79 413 14
81 409 95
3 473 32
38 155 57
144 307 97
376 414 15
102 403 98
250 396 66
226 414 82
47 203 22
243 411 5
113 165 38
29 31 50
144 292 81
169 450 57
101 497 57
66 285 16
249 476 67
220 345 99
284 298 74
212 471 1
54 447 37
395 493 95
50 256 40
60 88 52
18 421 98
106 295 70
202 205 38
50 170 69
403 435 100
153 175 97
166 234 87
193 315 62
235 408 63
449 498 57
50 393 74
53 196 6
98 391 78
6 208 5
196 225 8
183 213 40
355 414 55
116 146 59
8 162 27
196 203 86
384 486 100
351 426 48
1 330 5
231 248 43
34 451 64
302 453 97
351 418 29
356 495 82
27 245 98
251 418 97
337 494 55
190 454 74
235 417 76
35 447 29
254 376 62
29 192 90
251 402 39
5 183 12
109 390 20
135 177 10
75 179 77
103 477 40
138 312 35
328 446 17
45 494 97
180 225 15
35 360 10
55 99 88
39 102 89
245 408 95
115 163 79
0 496 75
359 415 93
10 297 75
262 474 78
151 469 33
220 466 59
112 263 74
63 223 94
257 385 76
221 368 100
34 366 46
234 329 46
127 133 42
86 137 44
229 377 95
149 320 13
303 337 62
215 361 15
62 116 35
187 245 58
94 399 67
39 70 51
334 344 84
281 335 53
93 326 71
40 79 71
161 460 94
141 252 5
148 385 18
253 479 19
3 256 29
167 356 35
184 393 84
220 239 69
79 288 15
214 442 39
26 366 10
46 187 34
146 216 69
0 72 91
123 410 10
140 408 97
320 322 69
416 460 10
227 410 69
380 482 24
18 448 33
137 323 12
36 414 8
125 238 37
203 212 9
39 394 69
21 107 8
108 151 72
320 477 59
309 344 36
240 364 94
144 210 22
22 153 39
48 346 65
241 448 25
140 474 76
174 291 95
373 456 53
225 429 28
343 376 78
321 445 21
179 409 21
175 430 91
18 324 93
60 497 80
181 436 54
28 105 84
124 365 33
46 53 94
23 60 8
75 164 1
70 243 38
307 401 22
123 393 76
281 285 99
23 227 53
152 429 71
359 491 61
55 315 43
119 192 98
329 343 57
215 345 14
235 344 23
119 388 68
60 291 77
482 499 86
31 132 16
253 296 93
1 57 77
388 452 37
296 492 62
87 169 9
333 396 58
220 437 7
268 286 32
198 278 20
53 268 32
214 384 28
176 263 98
275 342 2
102 222 28
138 372 70
122 125 55
146 186 22
111 460 95
96 152 61
77 466 32
16 309 74
190 352 87
139 234 17
143 392 60
139 342 26
181 442 42
43 499 5
52 410 92
85 294 53
105 491 43
40 481 53
284 470 8
235 268 94
99 278 48
242 308 77
461 493 30
45 114 77
354 475 86
12 224 16
43 482 18
267 282 27
4 397 80
55 370 70
231 308 66
67 221 73
307 357 33
66 263 85
215 244 19
197 347 86
155 403 84
103 257 99
260 307 11
353 358 100
59 365 35
246 444 100
16 377 42
113 307 64
286 445 77
149 335 87
236 355 94
200 437 53
3 135 19
361 499 52
287 448 96
54 265 41
113 434 74
276 310 19
309 317 37
267 377 21
111 376 99
176 190 53
285 477 40
175 313 24
154 452 21
45 46 11
238 265 4
161 349 92
27 39 22
269 333 89
291 485 7
291 380 39
417 456 36
3 465 97
286 380 44
216 474 21
261 487 55
125 242 43
67 212 89
111 343 9
155 388 83
328 375 61
349 400 9
398 465 3
121 177 44
298 371 29
399 430 49
72 279 88
273 287 99
201 351 62
97 463 80
85 245 72
344 495 39
404 450 55
103 122 83
192 206 54
367 412 39
223 287 51
78 277 1
174 407 47
42 111 100
8 418 58
234 418 18
198 362 51
212 270 21
31 284 21
81 339 52
89 255 35
41 205 59
109 294 56
346 362 38
28 65 43
127 265 56
21 262 3
34 350 91
171 442 73
198 462 57
180 442 65
12 347 58
107 340 72
73 409 88
278 429 70
155 203 77
238 250 76
49 394 48
144 472 9
396 484 72
11 462 12
33 314 59
70 71 16
181 482 65
33 375 95
64 350 43
84 476 94
17 410 1
21 85 98
18 56 85
47 158 45
104 386 20
192 194 35
221 418 84
287 410 47
249 499 49
18 327 3
212 308 94
74 376 68
368 399 10
213 345 19
226 274 100
55 161 96
208 433 26
141 180 37
114 455 60
18 108 29
29 498 80
324 393 53
265 340 23
49 442 86
347 460 78
331 350 41
141 267 84
326 330 29
175 262 69
222 292 9
185 276 21
244 283 96
163 495 43
72 218 51
335 362 23
285 405 34
266 381 51
147 456 8
33 305 33
48 484 97
55 94 37
261 466 98
211 367 55
59 285 9
115 292 82
0 445 45
114 407 98
287 403 48
313 355 29
235 401 13
391 474 70
22 309 93
74 150 69
86 170 75
162 300 38
16 314 38
173 288 77
12 201 29
256 314 11
230 392 99
68 306 55
452 473 41
228 331 23
29 370 31
298 331 91
31 120 96
364 388 2
150 301 23
111 248 18
2 468 22
200 380 16
96 398 37
150 179 14
202 240 2
265 394 34
163 422 90
318 432 58
386 458 77
420 443 23
59 196 48
109 255 41
89 492 85
169 495 11
149 189 39
348 423 15
181 269 9
18 467 37
284 484 77
363 370 52
9 327 83
441 459 61
335 342 94
211 243 29
199 457 61
60 162 16
384 417 34
119 156 80
360 492 27
454 479 88
253 292 28
125 166 79
258 306 56
76 312 63
102 398 81
192 425 24
6 417 12
66 290 99
59 462 74
245 307 95
27 186 81
254 485 70
65 407 58
129 488 11
250 439 83
365 443 6
403 430 47
13 356 16
306 460 51
30 391 37
32 181 44
23 403 24
37 178 89
44 370 25
45 175 31
363 466 82
144 419 62
49 271 44
318 499 38
149 202 84
168 368 76
130 361 6
78 281 66
339 346 48
257 495 11
233 253 46
87 251 33
209 225 4
239 261 75
28 38 33
171 188 31
207 289 71
138 446 62
105 290 49
303 454 55
90 467 75
127 204 87
159 498 51
391 467 54
268 280 81
140 143 48
91 116 88
127 385 27
108 431 21
39 449 35
171 337 96
5 473 6
277 397 27
153 377 17
13 401 17
85 301 80
47 162 91
142 196 63
383 436 67
292 333 32
7 423 70
3 331 88
323 421 94
374 460 76
37 495 94
20 340 54
65 75 27
233 435 25
107 429 49
29 496 73
73 360 41
35 478 65
276 482 52
33 322 52
143 348 46
308 390 2
110 455 55
385 408 83
62 349 33
93 199 42
387 492 3
220 284 16
22 438 12
27 354 53
342 461 79
318 462 40
88 411 41
64 362 63
203 335 5
320 434 45
137 260 48
297 332 75
164 337 45
74 78 14
69 176 69
30 202 48
264 298 94
1 29 8
426 453 78
46 149 82
212 364 47
269 397 36
99 177 99
181 490 9
7 455 76
398 482 75
2 101 80
297 461 64
86 489 14
176 206 43
335 464 95
46 140 43
18 315 21
109 271 82
191 430 47
129 293 29
53 270 97
146 416 27
392 489 48
397 425 39
374 402 55
222 448 88
123 205 62
245 354 60
258 303 51
259 457 33
25 28 20
164 333 3
183 353 49
137 328 66
384 413 92
294 315 72
190 273 8
314 418 24
62 211 79
338 488 62
265 329 7
27 273 35
273 351 27
12 49 21
63 371 91
361 491 24
371 472 68
176 283 4
247 487 55
304 326 16
205 305 20
88 430 30
192 358 59
89 100 18
228 499 99
110 425 21
79 485 76
318 331 78
248 474 3
144 218 77
248 323 61
52 498 69
147 252 11
13 278 48
60 225 97
46 101 69
465 474 27
110 276 69
409 464 72
3 333 51
61 109 77
178 477 12
79 141 57
263 493 95
108 109 86
30 385 33
111 257 93
175 437 26
96 343 37
91 432 82
66 385 51
119 387 91
42 414 41
397 474 22
71 447 7
118 481 7
218 248 5
84 245 20
2 82 48
325 488 21
73 341 84
121 147 20
85 229 71
138 140 40
428 450 16
63 247 50
445 463 100
278 441 22
211 225 57
0 385 43
115 150 20
201 413 71
100 483 54
24 48 44
74 457 15
131 300 26
364 467 59
40 358 56
34 493 90
242 285 74
358 458 24
298 364 70
10 267 75
239 358 72
39 200 99
145 258 55
179 395 20
26 42 42
147 482 15
149 332 82
8 122 20
38 113 14
4 182 58
165 471 24
286 314 82
260 293 34
118 267 62
271 456 48
3 236 97
318 445 57
223 475 6
150 437 91
171 242 86
401 446 88
368 388 83
358 476 45
15 309 57
227 372 46
170 313 64
160 364 50
147 319 46
266 474 90
315 383 71
56 239 19
143 303 78
324 466 55
72 352 29
100 459 62
337 445 8
180 499 72
57 254 61
174 336 80
20 305 91
195 421 75
144 459 81
229 231 64
313 419 40
166 352 3
2 363 33
294 493 69
314 391 98
8 14 75
138 461 94
49 260 23
283 310 20
179 458 40
83 479 21
128 386 80
109 175 74
43 372 83
65 405 17
70 407 38
227 239 29
169 236 55
216 376 46
224 391 41
18 66 50
50 387 16
381 443 58
413 433 36
31 190 57
227 272 57
337 464 13
221 227 29
236 493 60
56 64 92
48 224 39
10 213 73
56 351 65
398 431 8
132 455 79
70 269 49
92 338 72
255 373 50
91 326 81
28 483 84
0 493 89
111 144 40
276 281 9
71 314 90
371 499 49
1 354 51
357 409 99
125 302 97
15 435 91
241 308 64
214 271 50
21 91 91
58 436 100
243 380 36
94 497 39
15 473 81
8 183 44
258 320 11
214 443 15
338 427 39
331 339 90
178 298 19
158 388 36
98 388 43
5 97 21
296 306 89
248 339 3
431 445 81
196 295 19
266 272 65
319 457 51
246 386 73
277 392 55
326 478 9
68 264 93
72 276 69
194 263 32
209 228 60
49 332 90
13 31 49
403 416 39
408 458 61
37 280 82
118 472 32
26 384 42
352 369 75
277 481 50
292 486 77
81 439 94
47 71 38
0 326 71
147 283 17
394 497 66
59 345 92
313 352 9
118 225 49
266 311 74
173 197 60
231 311 13
114 420 57
223 352 68
19 85 22
316 485 19
24 63 11
22 77 48
54 280 46
8 222 20
103 133 51
173 401 78
76 384 87
194 380 17
326 492 87
14 157 81
33 106 44
126 193 53
14 460 71
96 405 38
146 329 28
96 335 47
87 483 4
97 268 40
176 304 78
243 494 70
94 393 4
71 277 26
250 338 6
241 325 9
64 208 68
118 201 20
82 447 68
54 215 50
104 278 95
119 439 85
156 348 39
282 355 45
95 247 6
275 467 68
73 147 91
328 469 66
19 358 76
226 239 76
71 461 63
283 398 60
182 265 16
320 471 77
290 411 63
480 488 74
7 104 96
71 328 82
128 361 9
358 493 93
79 328 81
309 376 100
112 169 10
340 464 76
306 417 23
257 451 68
330 496 15
310 482 66
358 367 61
6 240 62
306 437 98
34 394 96
226 351 88
85 480 61
8 10 63
184 435 93
95 202 63
9 276 28
129 259 92
162 490 84
191 237 4
63 229 6
196 447 89
258 457 74
4 359 100
257 313 38
150 264 68
124 414 41
135 320 19
48 488 24
100 268 41
48 431 96
219 346 30
101 191 13
28 291 79
69 100 67
9 390 22
149 219 64
31 111 97
264 300 35
303 499 89
78 367 4
242 365 52
53 106 10
32 169 75
80 404 48
164 323 16
298 337 85
53 93 49
293 330 71
130 139 62
78 345 21
403 477 32
358 399 30
152 418 3
17 233 21
116 489 93
94 484 94
186 414 9
2 349 96
375 468 9
391 454 19
180 332 26
28 327 53
72 337 4
120 181 14
136 415 1
428 467 15
209 301 59
169 186 12
251 456 64
222 229 42
38 230 12
110 480 18
177 493 31
1 117 73
42 335 42
223 367 10
64 401 21
248 446 54
316 458 26
95 187 15
328 397 1
313 362 71
290 440 58
437 466 97
203 308 88
446 456 80
24 291 25
39 144 28
395 458 93
367 389 57
102 191 63
11 470 81
124 405 8
116 335 41
41 487 51
263 376 77
81 184 4
455 476 93
320 446 66
15 282 96
72 471 27
93 481 12
43 59 85
422 449 33
11 121 1
418 448 93
280 444 73
24 339 40
481 488 43
344 370 8
371 403 50
70 455 72
167 390 70
365 378 47
64 252 47
28 29 49
411 428 34
57 499 64
258 372 38
88 467 38
120 283 26
386 402 82
54 389 93
84 229 19
429 447 2
374 448 81
15 177 65
376 447 51
167 311 17
224 316 30
397 452 8
276 460 80
252 307 97
189 227 79
285 396 53
19 149 43
67 393 48
12 85 75
108 295 22
450 466 45
2 245 23
119 154 71
225 454 36
66 264 75
19 203 33
124 303 72
39 53 69
259 413 97
426 499 78
335 397 67
31 485 41
63 292 38
11 128 4
185 227 84
54 118 2
237 305 39
49 86 85
180 417 48
49 459 24
144 241 56
87 187 83
327 444 43
435 437 59
329 392 7
76 215 77
184 373 33
73 156 67
433 467 13
0 30 18
176 329 88
317 325 74
12 402 66
308 354 53
48 120 72
34 131 92
133 369 85
353 472 74
195 318 52
178 437 18
177 442 5
224 318 99
52 135 73
246 335 63
319 397 78
134 351 2
390 464 93
211 302 69
103 229 9
347 432 89
1 252 95
61 110 50
237 288 82
231 436 26
13 299 92
90 258 26
202 263 32
39 134 78
115 369 38
36 63 7
163 322 73
142 387 57
190 463 62
91 397 2
54 291 99
102 298 68
59 435 69
133 368 34
247 429 33
49 137 8
247 273 42
31 386 77
236 491 37
142 175 73
210 473 9
310 383 38
100 162 3
204 377 3
26 64 22
323 366 82
191 239 82
22 25 46
257 356 21
417 496 16
107 271 42
96 254 38
340 376 73
302 350 42
33 298 15
43 82 71
293 300 78
462 464 15
352 420 72
238 437 35
45 351 76
133 350 69
388 403 36
289 474 55
292 399 21
129 174 60
118 182 40
21 146 3
77 213 99
303 367 47
159 444 37
81 341 26
125 243 77
427 487 100
141 409 31
92 284 99
304 309 41
117 369 1
16 160 55
80 314 77
72 200 55
148 191 27
129 378 61
175 338 65
385 446 67
326 498 82
121 294 91
109 457 35
233 273 83
253 361 27
74 88 41
99 182 50
428 433 82
323 403 62
254 465 28
21 457 60
349 458 39
214 437 40
105 497 19
49 175 87
106 277 81
186 451 61
44 358 76
14 312 44
103 116 97
218 451 98
126 316 25
80 459 20
26 251 48
170 293 67
172 252 31
36 306 62
77 283 8
240 351 99
1 249 17
146 399 33
330 478 24
169 439 51
28 480 95
331 467 51
375 463 1
20 175 32
285 454 76
72 187 76
398 448 9
63 89 2
37 255 10
167 383 45
104 165 14
219 288 62
323 387 1
90 303 26
14 93 64
18 158 39
103 180 58
10 88 70
141 290 79
407 496 6
263 470 48
103 490 43
66 155 80
470 474 7
266 386 49
60 333 10
184 499 52
288 378 85
408 462 30
269 497 43
23 35 16
70 356 6
239 352 18
93 308 28
19 194 45
168 209 40
135 404 18
337 483 62
1 313 4
78 239 15
175 488 49
68 432 9
0 14 89
346 427 54
58 393 37
48 448 36
90 195 84
71 374 13
236 264 27
55 160 42
293 390 78
311 461 41
90 249 31
280 407 27
25 385 28
225 313 55
150 152 30
308 414 56
84 298 52
23 153 30
89 109 13
99 224 18
130 497 30
335 444 86
145 425 43
277 298 24
334 392 46
11 43 100
326 471 16
142 468 26
52 116 69
128 426 22
248 496 40
233 389 20
169 219 93
58 242 55
380 416 46
151 410 89
116 130 66
48 75 3
234 483 58
134 389 61
206 485 76
342 451 100
212 435 86
32 73 48
317 407 17
317 323 84
86 311 81
117 328 17
285 449 55
13 475 34
188 335 52
94 347 61
250 470 31
237 366 18
4 28 62
71 185 42
156 260 86
437 468 91
96 314 59
181 443 54
294 428 98
311 470 4
101 316 59
98 352 47
73 165 7
139 389 71
149 382 30
60 157 89
29 88 57
332 377 41
387 433 21
207 251 24
14 451 78
473 498 87
178 311 35
13 404 71
173 485 33
60 298 61
237 436 60
92 380 87
282 474 30
15 86 55
86 322 71
37 325 62
41 182 24
247 257 82
206 227 63
172 370 70
280 315 30
98 260 62
123 496 30
10 435 16
261 262 42
144 343 68
27 491 44
17 42 1
138 191 56
187 275 8
214 353 97
135 379 10
25 174 68
28 276 77
85 309 31
127 358 94
207 271 86
363 496 57
243 358 15
127 178 50
32 408 14
275 282 51
22 326 69
198 238 10
278 281 86
78 441 12
108 341 39
358 439 75
120 408 55
39 187 45
4 131 71
293 342 34
72 214 56
5 211 82
374 479 74
51 215 29
183 433 31
206 409 14
3 356 29
164 317 3
39 64 13
147 176 50
77 425 80
254 358 11
346 447 53
78 134 77
6 355 88
194 223 20
155 455 78
290 368 72
26 85 52
274 443 4
249 450 81
343 382 67
128 496 66
198 477 35
193 250 60
291 469 93
45 84 78
227 362 71
143 428 50
102 243 6
293 417 55
206 397 26
163 462 16
49 371 98
30 313 42
84 199 73
96 394 82
117 436 96
202 479 30
116 145 69
15 370 10
10 444 7
140 261 28
268 287 73
289 373 35
58 386 40
106 213 98
35 406 3
202 217 33
65 79 82
252 294 7
215 429 94
96 454 82
269 314 1
194 486 50
87 442 98
75 177 64
385 487 67
173 481 79
139 358 70
126 444 26
334 439 47
222 372 35
97 172 75
77 331 14
42 211 44
173 427 33
38 207 25
10 196 46
399 439 59
152 413 24
191 389 52
112 430 81
36 41 4
210 448 52
396 411 10
31 101 95
480 484 94
184 476 92
56 237 88
284 438 69
94 355 43
32 180 81
246 275 4
28 386 90
71 497 70
240 246 95
119 374 92
304 469 88
11 15 84
287 475 47
237 360 16
74 391 23
30 482 91
195 309 47
408 447 98
103 438 68
128 456 89
123 175 94
143 420 16
46 333 97
299 436 89
3 411 79
64 71 72
64 477 77
301 340 99
65 430 8
58 96 59
74 388 80
259 381 77
85 469 66
315 400 51
87 321 37
146 466 60
95 378 36
275 290 79
399 424 48
217 247 24
11 190 86
64 322 71
33 181 44
66 194 75
233 322 99
213 401 91
157 322 14
163 205 67
75 262 19
35 453 40
7 173 29
389 436 49
329 495 9
153 451 18
241 351 34
393 492 65
223 482 72
322 326 45
205 369 88
189 328 32
329 387 76
138 351 58
134 197 38
229 467 44
26 260 46
181 257 38
81 412 40
193 318 73
235 246 46
207 415 43
201 349 85
73 214 37
67 371 79
377 485 63
299 318 91
216 235 98
164 235 6
136 190 88
171 274 86
19 118 57
66 95 12
88 475 98
162 374 66
152 471 38
209 215 44
205 447 22
364 488 88
155 401 78
7 118 51
49 253 82
220 456 98
224 292 96
108 480 54
223 388 9
65 192 11
322 374 50
199 322 52
106 388 47
85 336 98
185 486 45
108 200 89
90 394 80
88 242 67
230 268 79
85 404 20
151 468 96
42 479 82
71 152 31
106 425 80
114 435 16
402 486 31
45 377 10
255 473 42
177 263 45
63 460 1
81 173 81
23 399 16
50 141 29
5 363 69
300 308 65
101 261 68
21 137 68
320 362 5
38 242 34
175 372 21
107 375 54
133 454 16
321 325 85
87 231 95
56 82 68
25 83 14
227 474 39
57 464 94
39 90 80
279 325 8
307 317 57
462 494 5
463 471 55
92 416 45
283 445 18
0 241 71
141 487 9
41 465 87
46 495 22
127 229 37
85 96 19
173 219 98
54 73 2
144 323 78
150 245 3
25 315 38
26 341 71
54 402 74
200 498 38
101 284 48
414 447 14
300 328 68
95 499 7
465 492 73
83 189 23
213 214 94
253 300 98
414 417 82
59 299 71
8 321 36
119 212 26
9 138 11
242 297 51
265 319 45
146 395 96
380 490 61
373 379 67
137 200 25
30 363 42
92 228 49
110 243 44
63 157 65
282 498 60
117 287 51
49 312 46
191 240 2
178 450 72
61 149 44
218 260 41
434 480 57
4 256 13
36 469 34
43 377 82
315 346 18
290 448 18
204 460 28
120 167 86
53 200 56
108 270 94
82 334 11
426 429 62
4 285 77
28 380 16
105 476 88
85 275 2
87 394 90
205 358 15
127 156 37
11 84 97
238 326 4
413 435 48
60 188 18
209 397 2
16 415 26
39 370 71
208 428 3
210 490 58
160 298 14
180 465 3
152 455 12
207 459 73
18 240 41
240 323 97
81 170 49
309 353 76
230 315 51
93 372 85
306 446 88
440 462 13
409 475 59
484 495 27
292 480 52
166 193 71
268 485 37
100 171 17
140 383 35
362 463 14
74 377 80
161 390 32
142 496 43
162 171 55
128 198 89
193 415 73
118 195 69
145 313 4
111 214 46
72 140 89
207 346 95
81 265 61
141 281 69
83 394 100
57 445 54
250 472 86
101 180 14
46 135 28
325 370 44
171 261 32
28 391 11
239 481 39
306 354 23
140 393 35
46 238 30
247 369 23
328 371 53
29 260 95
471 487 25
116 359 77
225 492 70
18 252 58
222 460 44
239 312 2
413 496 25
331 375 2
36 335 94
355 443 54
99 163 8
237 425 69
144 437 68
166 289 35
88 366 76
410 446 96
129 338 86
193 466 43
51 170 1
185 299 3
237 497 98
112 425 54
247 482 85
272 401 71
122 416 44
33 296 83
306 339 4
213 289 18
259 420 94
32 109 35
103 461 44
22 118 21
19 367 61
93 207 30
109 499 12
241 284 34
337 363 25
209 400 34
206 400 7
22 254 11
171 487 15
52 112 43
96 177 87
319 370 51
213 433 87
93 109 20
244 306 67
363 487 35
93 495 10
51 428 29
66 471 30
367 473 44
322 352 93
283 378 16
185 455 32
272 436 4
198 378 80
32 108 44
8 133 71
436 442 94
176 184 1
94 373 53
154 280 85
97 154 59
28 358 98
223 265 34
203 264 21
18 63 46
232 366 67
333 403 50
239 255 37
173 293 18
116 418 15
70 81 66
113 478 48
154 207 78
297 298 32
186 475 60
32 200 92
122 253 3
324 496 14
98 359 76
293 393 61
299 408 26
36 162 91
224 433 71
310 356 83
34 354 70
199 404 85
97 216 4
61 368 67
204 216 10
97 468 32
103 283 36
36 246 31
371 454 54
170 263 7
66 100 22
207 307 26
112 126 21
186 257 63
76 385 72
229 401 42
47 346 26
340 360 7
345 408 3
407 446 33
234 397 14
237 306 30
418 471 45
46 468 90
1 284 58
300 393 66
23 87 25
49 466 64
142 353 19
261 412 70
78 175 52
81 162 89
250 327 54
44 320 8
256 417 28
0 132 81
220 471 49
433 448 21
437 452 83
306 478 29
181 353 40
339 499 67
80 462 84
20 484 98
33 377 14
105 387 50
36 169 61
334 486 1
162 383 41
233 447 80
450 458 55
469 498 100
183 352 60
260 472 85
330 451 77
95 205 30
350 456 66
270 389 71
195 471 88
100 443 61
166 258 16
107 187 54
128 181 34
147 464 7
103 220 90
96 227 18
284 403 24
239 438 18
100 488 33
239 357 59
2 398 21
377 419 38
55 428 22
233 409 65
44 362 95
288 492 81
66 300 26
380 485 19
284 473 49
241 392 83
211 299 48
34 147 36
47 276 48
149 408 54
112 475 42
152 269 29
149 495 9
1 42 57
21 460 2
21 434 3
378 420 35
20 189 85
193 344 77
302 304 18
64 188 85
118 214 68
28 194 62
72 404 57
48 355 24
359 456 66
289 404 74
7 217 73
139 480 59
7 350 15
223 333 89
234 468 45
80 455 29
61 420 70
455 492 51
356 448 78
131 494 77
424 469 33
235 415 30
172 449 65
114 325 97
73 281 46
262 273 10
218 250 86
86 330 75
92 445 7
256 323 23
207 252 94
451 494 59
297 328 35
166 342 23
185 286 95
174 335 54
39 363 36
182 422 53
121 382 6
226 361 77
62 286 70
314 386 65
121 364 28
107 270 21
105 140 95
1 361 44
23 27 55
162 238 14
15 455 84
50 353 18
373 478 22
166 275 44
54 169 69
389 462 74
255 347 90
336 383 42
27 299 62
416 490 63
442 490 73
93 136 47
15 273 59
170 434 86
260 441 87
131 287 40
232 295 53
175 268 48
157 176 35
28 479 76
117 168 31
437 459 13
442 460 84
121 438 48
62 108 79
291 382 5
253 266 11
385 413 41
4 191 64
50 175 18
67 365 62
5 307 53
60 185 68
81 238 27
63 438 47
325 404 49
256 374 9
202 439 7
64 150 94
14 436 89
2 61 62
122 494 7
308 440 7
276 468 59
11 38 87
242 448 6
247 298 49
313 395 5
158 472 25
101 135 47
77 423 34
336 376 17
86 301 80
112 474 97
349 444 74
8 86 6
100 141 42
262 413 67
187 288 59
298 387 55
396 496 27
85 349 59
6 373 34
255 407 36
188 236 84
383 471 33
267 394 82
66 97 89
308 468 12
24 35 49
206 441 82
265 320 44
219 416 50
386 405 59
38 81 70
174 390 39
112 493 89
56 380 82
206 489 10
262 271 96
231 480 1
19 337 70
435 478 73
299 418 93
196 265 43
32 425 15
294 422 52
196 224 33
289 470 40
156 207 74
155 319 34
152 459 21
132 353 95
51 56 25
107 203 16
304 405 46
336 369 84
312 455 67
210 431 69
238 429 91
69 452 22
173 442 51
183 446 79
199 330 65
202 387 5
137 189 5
43 340 21
179 182 20
119 429 32
89 94 37
24 442 4
252 488 78
50 247 60
41 136 96
45 332 78
178 200 24
31 229 24
93 143 31
115 116 83
228 263 42
77 461 79
91 496 70
15 102 59
245 438 27
353 387 59
39 43 61
176 436 48
197 290 25
69 291 72
374 410 39
342 482 78
330 357 90
147 250 24
43 431 41
40 465 1
418 446 49
62 494 82
203 413 5
242 409 30
78 408 40
1 53 13
7 498 84
143 389 46
107 316 79
356 434 90
70 76 89
399 403 49
424 466 9
182 375 49
76 459 32
145 231 84
83 104 34
132 321 77
58 130 70
204 374 46
157 300 81
203 344 62
159 413 61
23 485 1
56 86 78
5 465 11
87 325 77
165 467 88
6 440 37
189 464 58
422 475 41
101 355 77
482 490 73
290 360 97
52 473 16
201 239 72
230 276 35
42 466 98
106 305 74
130 426 24
108 211 78
49 170 61
263 292 19
148 240 7
183 204 31
289 401 17
288 498 76
148 349 39
218 394 65
204 321 75
255 282 84
52 384 89
15 235 95
1 391 58
96 182 4
326 388 39
382 470 31
260 361 65
297 436 39
101 440 95
28 487 42
446 480 99
16 285 6
284 441 69
247 379 81
149 389 46
1 494 37
170 278 75
66 389 91
163 431 51
0 28 45
173 303 30
299 335 5
104 406 69
217 375 78
62 400 46
409 483 75
91 100 46
92 97 9
17 497 12
176 252 56
273 433 94
103 274 41
51 77 63
190 430 61
202 442 36
212 293 87
218 324 38
293 341 24
21 328 8
60 167 44
327 370 38
158 380 3
317 349 16
233 457 15
104 222 48
439 481 7
396 489 42
36 448 94
234 473 59
181 234 23
215 389 10
28 96 39
53 240 15
128 267 66
63 148 66
163 273 94
87 90 64
79 416 52
414 449 17
153 402 93
77 299 10
140 243 67
138 447 9
248 294 46
107 173 53
140 233 29
35 276 85
80 158 2
81 393 4
115 452 99
161 187 55
30 259 73
187 317 72
97 161 26
189 302 58
449 497 88
237 329 46
227 432 64
24 417 75
179 467 84
157 331 41
402 467 21
325 361 64
348 397 46
132 461 22
149 263 87
131 450 39
162 259 73
349 409 67
269 455 28
178 222 88
179 427 54
46 92 78
91 141 92
209 336 95
215 269 75
63 167 70
20 353 64
76 203 37
245 370 18
35 458 60
58 60 6
440 446 22
97 378 86
350 477 2
377 487 78
144 430 8
264 299 44
122 203 52
288 446 29
71 319 12
164 478 74
278 333 45
129 396 22
130 351 32
337 430 52
11 98 2
225 387 44
