500 4300
0 83 63
83 143 5
143 171 68
171 189 88
189 293 16
293 361 92
361 368 5
368 411 60
411 455 19
455 499 39
48 272 62
338 365 75
394 415 65
117 298 9
21 291 36
193 230 27
240 268 53
62 279 6
78 398 91
41 404 89
114 344 65
89 235 80
257 336 9
89 154 3
58 478 31
20 285 74
309 374 52
141 180 75
274 401 6
15 160 47
26 445 94
33 334 87
207 320 93
166 332 50
382 484 29
149 178 87
205 263 43
346 473 13
26 315 21
51 253 81
5 388 17
416 451 84
119 367 60
1 154 34
167 408 38
197 403 91
420 427 35
54 80 29
240 476 84
67 377 33
99 247 28
191 498 72
251 269 41
107 233 42
126 306 81
45 463 53
111 331 23
255 487 81
276 488 12
240 469 10
297 487 2
179 195 89
271 462 47
115 334 84
234 385 71
229 259 38
424 495 39
174 421 2
1 344 47
154 235 87
213 459 90
41 327 11
193 469 30
41 216 86
290 488 21
55 97 15
8 215 56
83 209 47
22 235 5
130 356 1
46 168 10
0 432 30
307 347 11
74 193 71
203 441 3
126 406 55
291 495 93
65 205 54
425 490 63
268 277 30
143 356 75
157 196 14
189 329 81
319 436 100
284 434 57
197 374 9
113 448 31
223 458 77
315 451 69
89 226 7
157 264 59
132 261 47
102 431 26
138 147 1
162 417 8
33 82 25
101 369 19
135 335 51
390 429 23
64 308 35
20 490 30
233 244 87
355 368 100
46 281 19
176 193 73
31 291 94
438 498 82
94 258 68
451 452 37
0 111 66
12 369 100
117 266 97
56 333 87
267 424 75
203 499 89
145 318 43
118 302 35
167 455 55
418 477 72
300 440 41
239 461 69
62 442 26
220 472 93
306 413 32
83 144 89
260 305 48
370 424 45
94 132 77
57 280 43
234 459 30
202 231 42
368 419 76
14 18 91
62 102 97
244 363 47
44 80 47
48 313 14
89 299 61
181 345 92
6 13 15
162 338 8
11 132 77
316 434 72
169 288 5
325 418 84
36 375 27
455 460 96
419 481 33
64 379 7
186 196 67
300 366 84
8 498 23
1 38 25
134 344 81
11 12 86
120 275 43
117 279 37
351 427 11
168 397 84
102 296 30
203 485 100
207 484 1
13 331 37
299 356 58
83 283 12
331 477 49
14 282 67
253 341 67
10 342 46
280 429 46
286 445 18
276 288 80
67 70 97
267 289 74
219 419 95
233 306 1
38 253 3
135 297 60
360 416 62
243 265 7
90 308 68
31 341 77
127 466 74
300 446 18
297 460 69
214 411 74
345 450 91
176 478 24
146 324 70
38 483 47
302 499 42
194 430 43
197 384 87
363 426 53
147 228 20
141 246 54
280 442 54
71 116 60
179 450 38
5 233 9
260 265 73
288 372 86
253 274 10
9 379 27
379 467 1
23 367 38
72 145 45
24 458 29
91 387 32
2 228 51
288 325 7
4 495 90
35 444 71
31 271 69
9 105 25
188 490 39
12 356 38
22 208 7
169 486 20
421 424 55
437 490 48
73 187 61
199 230 37
160 226 48
95 120 47
188 420 31
330 487 19
367 417 23
410 472 17
354 493 86
239 492 92
7 140 94
237 321 43
219 469 47
74 366 11
229 480 87
34 43 22
53 75 65
89 186 16
123 247 93
300 374 47
52 103 71
82 184 71
286 416 5
405 465 73
322 457 62
60 229 87
101 445 99
69 108 77
231 335 40
390 438 51
40 425 23
320 456 10
72 290 79
230 364 90
319 397 58
12 328 59
169 255 62
67 132 93
3 157 16
174 296 21
53 169 47
21 429 82
215 250 23
26 226 46
231 426 21
371 443 7
186 261 18
304 314 76
57 318 2
244 413 96
315 464 55
143 345 98
159 179 56
225 368 19
331 419 71
273 387 16
290 411 28
78 148 72
18 122 30
114 332 55
121 470 90
334 403 100
241 405 10
210 484 65
37 88 99
148 281 50
106 459 68
63 370 30
52 286 2
257 269 9
381 443 40
20 231 77
10 101 2
3 374 40
275 389 21
366 379 63
158 177 51
198 495 100
14 450 64
248 364 85
129 341 20
110 283 8
348 388 47
26 251 60
98 343 90
8 151 12
105 361 15
172 419 46
196 469 3
293 425 15
107 324 61
439 467 65
30 181 16
255 294 96
113 289 34
231 499 71
75 263 27
210 396 70
85 152 52
176 476 28
231 397 96
31 356 31
97 216 25
68 98 63
416 487 61
168 291 19
188 218 12
239 286 58
78 161 18
216 311 71
92 459 81
56 119 35
103 479 18
151 159 43
66 357 33
206 437 92
35 201 30
203 235 21
97 265 3
26 62 64
20 149 35
245 360 89
84 336 72
202 242 23
53 385 59
309 396 98
85 457 93
365 468 80
124 486 56
296 455 45
43 316 82
224 458 89
219 462 98
150 172 27
90 237 14
120 344 25
38 417 47
297 442 69
39 497 81
408 445 37
376 388 54
369 415 10
113 266 81
27 120 4
147 217 47
159 334 54
84 251 8
227 251 94
299 440 64
297 355 5
70 417 47
49 433 24
24 39 74
72 77 89
41 122 65
178 224 22
66 129 86
74 447 23
46 64 6
2 496 92
43 271 22
14 47 30
103 110 33
79 178 80
257 286 71
351 446 1
266 294 29
240 474 73
27 216 96
444 445 76
275 441 93
202 284 100
63 363 78
66 290 49
43 310 27
361 439 94
43 434 52
167 468 66
312 331 88
250 348 5
229 450 7
158 461 6
322 329 31
17 357 47
283 465 71
144 461 10
120 401 84
364 442 83
122 479 67
59 175 23
138 434 43
157 276 11
1 332 26
353 459 76
29 386 41
23 67 11
110 313 17
132 457 7
335 400 21
257 447 3
231 385 67
429 477 78
6 324 60
143 355 50
286 482 2
122 277 25
435 491 2
73 330 98
76 176 94
24 325 90
43 53 72
165 391 80
102 109 1
64 246 87
355 469 78
132 378 63
360 391 74
288 343 75
111 316 96
32 290 17
288 304 40
152 177 14
32 287 97
113 369 75
376 401 48
377 490 51
133 421 15
4 367 75
389 395 47
204 284 33
233 273 11
184 240 82
211 259 20
170 188 17
281 369 43
293 340 12
199 256 36
282 309 17
302 410 31
194 367 63
23 352 75
294 464 6
244 279 89
200 499 74
163 399 17
86 196 68
82 496 6
282 340 61
6 144 62
110 344 19
78 344 31
85 409 2
301 400 34
122 431 95
363 403 66
77 368 32
307 378 32
104 452 29
82 88 63
130 405 5
100 435 61
157 329 44
84 266 91
75 193 62
303 371 81
301 496 20
50 386 7
164 252 52
318 397 11
68 477 89
222 282 86
123 409 33
326 360 72
317 391 60
76 103 91
3 380 87
77 321 72
205 255 99
134 208 19
390 456 7
143 435 14
295 367 8
15 122 76
157 424 49
421 430 13
128 210 67
252 347 81
52 367 95
183 286 79
257 419 46
4 226 26
215 252 23
445 465 94
239 392 82
57 435 29
48 134 45
62 449 50
132 252 88
338 386 26
57 419 67
74 82 38
254 465 74
50 96 42
364 473 33
145 494 43
303 479 24
140 444 87
191 417 19
154 225 86
55 92 53
121 402 81
308 314 83
339 496 7
124 341 99
391 477 63
32 301 11
27 333 60
287 465 51
86 115 35
137 210 46
282 436 25
160 292 9
349 384 65
23 34 94
121 397 70
8 464 92
116 338 67
389 474 55
182 339 88
336 359 71
53 326 61
367 492 97
125 362 59
324 454 40
67 461 34
58 214 47
236 393 45
213 263 71
0 444 13
377 400 86
109 446 52
124 464 15
50 416 73
122 134 67
143 167 89
45 49 82
231 272 80
198 214 17
20 211 89
160 456 62
98 348 28
5 85 10
328 376 43
178 320 95
38 274 87
1 278 4
40 449 89
1 321 31
319 486 66
77 476 42
165 331 33
50 339 7
218 267 61
257 363 29
12 246 65
21 353 93
80 246 55
324 444 21
258 493 35
171 481 24
276 411 43
235 432 28
230 317 24
73 128 24
41 275 86
208 460 84
388 437 51
20 152 90
48 389 92
133 282 79
19 92 36
383 389 82
323 357 61
78 93 82
63 93 82
357 476 53
241 257 10
67 99 13
75 431 66
137 201 93
378 481 99
296 316 4
122 327 23
116 380 2
1 67 16
24 103 57
32 403 15
118 129 54
18 395 10
262 275 24
16 108 2
85 156 10
333 488 2
195 254 39
47 421 76
28 249 65
32 428 87
137 220 11
259 320 49
347 392 95
80 115 5
215 435 5
76 187 77
29 264 87
291 417 1
296 374 45
86 261 26
264 359 50
296 363 10
266 393 72
125 367 64
342 365 41
179 472 19
479 482 22
153 400 59
83 119 31
49 229 66
153 274 42
129 240 94
249 484 14
102 268 8
441 472 5
45 388 72
172 341 19
396 473 89
285 383 52
89 252 11
306 498 65
80 362 53
56 160 84
206 459 34
242 261 16
382 394 30
347 449 69
287 492 53
89 465 56
430 442 30
159 361 82
99 381 75
28 189 41
444 456 78
117 244 13
133 494 12
170 334 79
105 326 23
284 313 52
340 492 7
313 378 52
31 212 88
190 382 70
168 208 48
207 369 21
284 362 67
120 296 48
214 260 97
148 434 35
1 123 32
156 304 46
413 462 17
59 75 44
36 420 95
83 226 44
215 419 30
70 196 60
135 343 18
95 210 37
91 471 57
213 362 13
49 335 81
171 195 6
35 214 25
261 461 13
313 471 38
205 358 43
215 281 24
68 345 71
308 323 87
129 216 77
45 314 93
392 432 70
121 342 92
330 476 75
135 455 7
79 396 66
98 322 75
21 301 39
63 341 3
303 395 44
7 239 84
13 167 37
133 321 14
125 140 16
175 436 19
288 383 53
197 398 44
82 129 89
28 214 90
51 369 9
112 127 56
388 430 65
341 474 62
107 149 34
449 484 95
103 280 57
211 225 40
91 188 29
105 421 85
348 389 84
173 328 30
46 263 60
79 267 1
95 178 15
116 449 53
217 466 17
203 220 71
166 432 2
94 113 61
18 307 80
29 127 69
209 235 24
131 332 85
310 402 86
434 462 66
106 265 51
292 314 64
6 387 19
323 331 81
14 55 88
66 434 72
29 416 58
342 396 38
7 471 72
300 410 64
163 291 47
74 167 79
89 189 52
184 457 73
18 353 91
236 332 94
236 472 6
229 341 13
320 484 83
31 455 35
198 422 8
221 495 61
33 275 99
97 277 30
66 302 80
230 351 1
16 313 59
55 277 49
172 404 73
259 493 32
42 258 5
144 425 94
82 310 26
393 431 63
53 120 11
82 285 94
305 385 83
419 433 15
199 269 74
73 245 78
149 374 70
337 434 84
310 311 97
189 299 70
195 382 97
148 226 36
121 295 44
214 440 37
204 467 94
76 493 84
117 349 30
315 434 62
365 478 32
406 434 83
96 205 63
199 275 96
271 288 15
21 427 60
43 323 33
62 107 69
334 444 2
23 384 1
355 489 7
202 328 87
287 371 20
215 350 70
300 498 13
207 282 84
28 251 73
160 283 10
135 262 86
187 307 90
247 304 57
139 261 94
350 374 88
84 400 54
24 79 84
247 443 37
164 234 41
8 170 65
216 264 62
85 344 74
125 237 80
231 478 81
38 104 19
324 362 55
356 471 79
0 80 92
233 416 47
306 412 87
208 304 75
143 402 15
101 304 35
14 160 29
43 258 90
146 458 33
76 465 33
80 131 36
93 371 52
233 496 53
0 296 55
156 450 18
111 417 87
30 454 59
45 367 76
319 403 18
167 445 90
108 124 7
245 388 76
100 349 54
8 118 94
273 382 77
225 312 60
386 388 90
13 197 7
102 116 13
45 235 2
86 107 43
149 215 34
253 308 89
337 466 9
113 215 69
43 150 35
140 292 3
78 163 82
291 353 30
16 20 14
110 195 21
231 425 34
50 178 70
287 464 79
58 224 94
57 429 94
291 469 81
191 248 41
261 372 78
217 300 11
115 239 94
213 441 59
253 363 22
109 211 89
310 467 43
124 137 92
150 416 25
9 409 64
282 430 68
41 458 97
172 390 88
92 414 59
210 466 42
93 308 46
190 477 40
239 455 11
226 376 61
91 431 42
162 489 94
115 496 91
79 143 8
200 244 56
36 286 37
71 213 51
200 313 19
319 364 14
234 431 87
155 305 35
323 499 79
254 328 6
266 321 78
28 37 82
190 443 78
99 100 8
134 498 28
161 368 25
52 99 53
299 322 1
329 457 24
107 206 38
343 477 97
126 433 83
210 447 48
108 364 30
44 397 12
295 395 41
223 420 65
19 52 61
108 262 61
379 397 12
119 357 6
310 477 12
0 31 76
283 324 98
72 263 41
46 335 55
181 227 24
354 403 68
409 433 10
123 204 40
241 479 4
49 432 24
228 424 51
59 448 97
281 346 89
133 342 33
360 363 31
97 204 79
71 481 41
58 125 23
82 244 63
284 350 68
138 371 58
103 126 49
15 259 88
160 387 60
271 440 14
53 58 27
73 106 2
113 127 86
145 187 21
36 238 91
416 496 27
172 434 93
250 339 44
392 470 19
29 155 84
101 460 39
25 124 93
171 491 73
414 470 22
139 335 95
96 122 10
7 14 18
152 437 37
87 277 61
349 401 97
78 468 16
344 473 53
91 296 49
61 460 41
106 130 69
158 499 18
163 494 67
430 447 21
168 286 20
8 337 46
73 101 5
62 273 53
82 245 68
66 168 64
28 69 88
343 446 29
91 489 65
257 310 57
215 243 86
168 237 43
293 396 62
140 402 13
8 343 64
132 224 74
277 393 66
361 419 80
116 466 53
145 363 60
197 311 24
82 446 37
336 440 6
47 117 14
307 487 52
246 294 17
144 205 58
217 229 22
84 115 32
18 444 30
32 267 17
133 393 29
274 495 4
349 411 12
19 51 7
62 424 85
42 117 33
47 193 87
111 267 92
368 474 71
326 474 46
0 23 77
217 407 31
67 242 58
261 498 46
201 211 19
282 394 40
28 153 41
12 41 29
64 277 36
0 187 8
40 396 29
229 477 76
392 394 84
91 95 31
110 379 62
96 405 47
348 425 46
67 106 8
88 154 41
35 220 9
247 301 58
235 346 25
8 110 49
370 373 79
142 462 15
51 278 6
284 491 72
141 257 16
209 430 66
54 185 9
168 329 25
477 493 56
317 460 93
207 231 99
137 450 53
10 12 34
100 171 84
24 327 89
359 478 30
126 220 72
207 262 89
290 346 3
188 195 66
4 246 67
72 383 14
301 305 3
41 167 32
195 271 48
63 410 81
200 285 18
20 140 35
277 318 83
27 262 16
78 112 42
283 331 18
205 482 81
16 176 98
55 75 72
243 412 71
445 471 91
257 477 38
211 305 28
141 370 63
7 219 40
122 207 66
156 204 32
449 455 13
103 309 24
24 279 75
297 386 35
97 308 31
186 499 8
22 226 90
54 56 72
241 328 69
197 239 13
280 388 53
303 438 22
189 498 55
275 370 93
255 269 53
178 338 84
190 442 30
189 309 33
49 61 22
288 355 80
30 489 24
79 489 1
54 152 33
82 116 12
18 453 45
36 459 53
127 170 93
36 159 85
62 362 4
282 375 57
204 236 60
42 201 15
98 150 23
311 321 96
240 448 17
225 326 20
201 426 6
306 319 92
421 461 98
114 496 96
105 221 73
195 399 1
37 490 3
68 495 10
166 454 86
358 448 27
458 487 48
57 481 8
127 409 53
24 25 31
7 267 58
280 380 11
104 282 1
357 374 75
194 439 82
138 451 77
107 395 34
280 320 1
234 334 94
285 300 56
266 375 37
53 417 10
296 481 25
165 378 24
148 343 81
168 495 96
213 475 80
32 49 57
327 459 64
132 216 96
97 171 18
265 293 82
103 261 55
29 138 93
53 104 77
141 470 82
125 150 68
119 187 33
52 213 100
116 130 59
91 129 4
111 239 96
290 403 26
359 404 50
308 452 82
1 412 85
368 455 27
421 474 41
19 230 39
420 478 25
423 499 83
88 200 59
64 79 62
270 418 2
354 395 82
59 466 86
157 285 53
152 340 88
417 467 19
178 486 45
1 496 9
361 413 73
66 199 12
73 96 14
26 258 54
161 375 92
299 484 48
55 102 49
96 101 67
211 440 40
182 307 75
147 264 83
13 168 9
66 326 4
169 307 16
325 385 70
209 214 18
258 421 66
129 183 17
243 315 86
141 294 63
234 269 75
38 282 9
232 328 60
232 424 39
144 441 12
247 295 24
35 315 54
105 355 96
156 290 69
211 473 13
126 341 89
263 302 40
82 396 67
234 499 9
121 447 51
86 172 33
70 290 59
383 490 41
49 201 75
244 296 43
438 496 91
199 284 56
197 360 32
92 333 26
234 349 78
398 438 83
104 490 77
191 288 95
313 376 92
122 266 78
59 174 81
254 493 58
86 496 55
189 351 43
404 457 61
187 446 93
249 294 12
323 370 61
15 321 59
153 474 53
91 256 22
273 466 88
144 158 63
266 362 74
72 154 51
229 290 39
207 228 46
224 279 5
466 477 18
108 139 82
87 398 10
373 406 35
42 114 29
91 140 14
88 336 63
15 380 82
172 233 93
272 423 75
361 389 10
296 327 26
132 229 20
121 344 24
170 176 7
384 422 24
199 278 77
15 479 93
42 73 52
120 285 7
70 155 27
287 305 57
181 433 96
115 481 99
27 274 92
239 302 85
316 463 7
87 248 74
174 335 20
123 213 98
263 422 92
15 462 95
161 331 31
76 300 51
68 484 54
229 489 22
240 371 10
276 428 63
7 221 1
427 439 73
22 152 10
116 424 28
265 491 46
125 243 46
70 130 44
329 486 84
90 180 31
272 493 43
12 185 40
71 266 56
165 242 39
352 396 27
220 240 77
320 431 78
260 448 81
28 404 39
54 119 73
3 222 95
248 453 25
29 50 67
78 463 39
306 415 84
130 378 66
70 356 79
96 124 43
204 237 24
241 311 15
101 383 93
237 411 96
334 442 94
328 436 73
188 317 45
280 411 32
45 357 92
14 110 16
288 491 60
396 447 97
300 449 21
173 213 24
285 386 49
64 224 60
17 441 41
50 467 43
134 173 38
139 400 22
10 82 95
90 380 46
213 251 94
26 399 47
105 219 81
372 494 95
52 283 9
34 159 65
102 498 45
109 344 10
402 420 100
14 181 89
267 275 12
265 366 86
373 409 2
71 84 85
92 448 70
198 320 47
127 462 89
156 196 97
47 221 78
330 485 81
83 138 42
145 495 69
24 389 67
99 496 9
30 51 82
118 181 80
111 360 29
45 278 24
146 302 46
51 247 46
318 337 31
183 293 72
256 435 31
36 266 45
66 281 40
69 313 88
151 350 52
186 209 52
88 412 88
25 260 64
88 350 73
144 207 99
79 300 47
177 393 45
54 187 19
197 269 36
130 281 79
129 353 87
232 485 54
23 249 17
43 456 78
176 222 17
64 412 56
39 462 29
251 274 78
79 358 28
163 268 28
123 417 70
59 422 82
407 443 86
137 381 26
56 207 88
113 260 20
218 435 42
252 459 65
376 458 2
118 372 98
270 413 75
278 463 76
58 245 62
141 214 10
169 418 21
11 380 65
39 80 37
186 316 62
81 86 62
53 380 49
9 128 64
252 260 48
44 86 27
141 326 47
433 446 22
101 199 74
137 247 76
152 193 61
53 219 86
288 434 21
237 367 29
249 303 51
118 232 69
297 316 7
52 462 44
142 190 49
355 381 40
12 71 41
45 83 33
344 373 79
49 138 6
58 495 62
138 226 31
51 165 62
25 301 33
275 374 45
70 237 47
158 297 30
82 329 97
57 467 85
117 307 5
291 438 2
286 446 3
33 63 74
92 439 19
241 401 44
105 174 18
236 286 26
74 307 15
113 339 9
156 387 60
142 378 94
278 466 69
312 377 87
250 457 46
121 181 61
249 273 5
407 497 90
135 181 69
338 454 5
190 319 58
165 469 36
257 338 82
3 152 47
248 496 22
238 338 31
91 145 89
116 448 89
207 440 23
314 446 90
187 221 78
169 498 92
3 415 63
71 496 71
271 273 58
183 184 47
97 340 42
80 465 5
211 390 12
141 335 76
67 169 74
140 273 17
266 281 7
14 24 68
333 482 75
95 169 78
45 472 94
156 168 95
40 91 7
214 472 98
133 297 25
19 215 38
303 312 97
290 482 2
281 446 19
103 244 23
56 65 42
226 474 2
121 171 6
421 441 80
23 486 23
197 337 32
241 432 98
252 323 43
97 259 80
104 296 2
181 299 83
4 422 82
6 12 77
96 370 59
62 312 21
286 357 47
209 418 82
336 428 18
135 466 16
37 355 36
141 465 2
40 478 81
214 418 6
199 255 26
29 408 68
146 481 90
111 246 26
317 469 70
81 232 21
22 285 83
212 251 93
114 161 9
69 238 61
433 490 95
379 384 75
323 441 41
252 498 8
0 425 30
392 444 54
394 481 7
83 345 61
103 477 91
81 452 2
361 431 11
17 22 72
212 379 93
7 320 1
383 418 42
381 405 66
109 368 5
149 174 30
9 300 90
3 429 58
127 376 80
35 115 94
91 486 89
265 266 61
83 178 38
385 485 8
97 179 14
7 407 99
489 494 31
323 421 52
180 287 40
114 192 18
63 318 4
214 474 60
63 297 51
125 168 67
261 435 88
310 436 5
207 336 79
38 300 80
46 287 19
314 453 39
64 143 24
466 475 13
453 471 23
13 103 60
340 434 1
218 284 72
147 311 14
261 291 46
15 209 44
126 457 34
315 338 88
165 200 66
39 91 68
251 420 9
13 439 30
30 159 7
227 256 69
244 415 10
338 432 64
20 157 18
128 134 82
113 121 35
35 99 5
264 339 16
233 254 94
72 275 79
308 340 60
400 406 51
382 486 66
99 117 77
69 126 12
137 467 1
169 312 70
424 470 68
201 446 24
86 143 68
205 297 30
36 293 41
401 465 9
54 274 51
108 490 27
38 398 30
42 299 66
4 458 82
285 341 27
438 476 8
28 225 48
26 389 29
174 187 6
368 453 92
89 224 71
223 268 79
240 288 95
83 94 33
309 366 48
29 341 98
129 398 78
368 497 27
45 71 11
246 443 39
124 396 88
467 499 61
368 383 100
206 334 89
118 378 53
333 452 92
307 341 12
60 167 5
241 469 72
24 499 22
345 357 12
148 468 21
97 196 41
1 190 100
270 448 66
278 345 40
260 278 61
86 96 91
8 71 2
344 474 49
248 366 47
159 232 64
2 79 97
132 204 14
319 467 62
187 443 39
2 19 4
151 395 55
88 115 56
372 477 39
255 292 58
215 307 58
119 352 28
121 141 29
456 494 98
139 217 61
245 337 80
182 465 86
365 467 16
33 236 41
252 310 58
204 254 96
157 425 42
233 304 84
159 476 88
186 382 92
331 434 80
395 415 32
189 421 19
21 385 20
298 410 68
235 324 64
23 257 39
251 257 65
155 258 19
145 344 49
189 373 80
165 306 27
167 376 43
110 305 75
151 247 35
102 197 17
325 476 67
14 274 17
204 480 67
120 138 94
58 250 69
153 227 79
366 422 27
20 24 21
364 423 58
101 376 33
406 459 75
391 414 40
62 394 6
334 441 98
215 275 90
101 211 87
174 380 14
151 184 64
50 116 13
113 265 15
353 432 77
163 341 11
288 370 43
245 441 84
65 95 85
400 455 84
113 469 35
12 109 66
239 279 1
213 363 6
98 422 78
95 399 85
176 460 36
284 415 40
369 388 83
14 238 78
6 232 43
147 415 98
287 438 44
231 301 94
131 493 35
207 400 59
24 97 56
423 460 88
253 280 21
6 44 83
36 91 81
209 401 77
201 370 54
254 490 23
110 464 50
146 316 36
174 419 11
164 310 9
39 304 58
115 385 52
156 372 2
0 480 23
258 414 65
127 340 72
184 451 93
270 471 37
0 492 28
32 279 73
50 334 21
395 474 90
307 431 60
95 426 16
144 444 91
143 215 81
408 412 12
225 437 60
33 108 80
168 385 31
87 234 48
11 313 71
139 484 37
351 450 15
229 297 48
65 299 14
224 444 78
179 488 97
284 319 92
350 445 69
52 180 64
12 51 31
96 190 67
14 347 59
20 276 94
313 430 93
297 435 56
156 226 16
150 438 67
316 353 1
66 260 100
281 289 23
160 419 12
98 125 38
293 371 39
137 290 51
147 422 18
287 419 43
374 375 42
184 211 93
115 196 56
152 325 68
146 404 12
74 160 5
29 449 53
85 483 11
160 364 36
18 362 47
101 344 63
11 40 1
29 55 77
80 222 74
63 216 91
289 404 75
65 75 41
35 415 35
69 91 43
72 433 42
155 288 33
153 384 45
22 462 52
19 196 10
317 334 41
52 341 33
144 480 99
158 278 35
373 379 38
112 189 77
210 264 1
325 414 89
348 375 56
40 95 87
95 437 99
385 417 1
243 396 26
152 203 70
361 448 50
148 348 85
142 210 72
102 143 25
271 349 61
11 189 97
412 419 71
163 479 84
281 316 10
396 426 15
11 152 54
287 452 84
401 435 51
294 371 31
286 325 33
126 139 63
238 343 22
236 241 52
85 346 100
121 135 80
165 414 18
192 422 46
349 378 75
178 439 23
26 415 69
133 475 19
178 196 70
252 381 62
170 488 74
275 355 66
271 485 23
193 241 49
202 210 64
88 173 71
47 460 37
393 494 78
133 172 59
15 361 9
63 300 25
4 419 91
131 491 28
98 100 69
27 201 48
422 429 20
94 390 75
39 201 96
92 321 40
195 313 29
139 187 92
126 194 18
456 483 21
332 469 30
151 191 85
185 477 85
424 463 25
186 264 49
9 21 32
232 278 94
60 365 32
128 193 11
288 362 86
49 496 52
153 294 84
486 488 32
116 324 63
122 299 31
266 402 55
129 430 62
441 482 37
22 185 32
113 404 10
75 157 89
284 499 70
239 385 70
12 156 45
76 462 59
93 137 19
291 375 99
125 286 16
322 463 10
0 288 2
115 221 52
163 410 39
260 268 83
140 275 44
365 443 65
38 136 4
406 478 37
58 430 51
161 249 88
356 450 22
248 479 75
325 411 25
5 380 42
96 387 27
312 368 63
0 332 35
93 355 81
446 485 42
300 302 79
157 439 29
102 282 86
29 126 54
194 197 40
41 147 8
106 420 24
64 242 22
133 254 24
36 300 53
5 259 90
83 383 67
170 395 66
112 151 47
72 136 63
53 265 100
149 348 93
78 235 50
267 321 91
226 327 56
126 278 80
337 352 99
261 478 10
250 397 22
51 327 1
85 293 90
41 173 78
74 95 32
101 420 57
40 387 5
207 395 5
312 441 95
153 442 33
203 399 28
111 488 91
174 207 42
75 260 71
47 175 37
64 366 2
40 260 31
193 216 44
0 182 19
12 251 12
17 266 47
216 399 86
160 195 12
102 447 84
176 455 4
386 437 53
357 458 71
248 303 57
163 411 37
60 246 69
59 237 26
43 421 3
131 348 13
87 271 37
151 377 66
184 383 91
144 262 90
11 119 21
350 431 42
322 412 59
175 237 5
6 67 49
40 122 2
127 453 62
89 391 18
224 354 32
222 490 36
194 376 44
179 272 13
305 317 79
115 173 30
6 15 60
332 419 61
54 308 35
136 402 43
44 282 89
206 262 87
175 204 39
25 72 4
144 221 57
198 355 16
300 405 16
171 324 93
407 474 83
188 199 74
70 97 16
287 298 89
13 250 36
223 350 71
113 206 3
355 455 14
47 265 85
257 398 34
95 393 71
302 374 14
198 227 33
20 194 77
107 397 4
369 398 34
65 352 52
9 23 88
103 454 74
23 396 60
10 167 53
126 191 9
181 311 79
103 114 86
287 386 27
72 219 33
454 493 81
98 390 38
237 324 36
52 464 9
162 310 81
311 394 25
47 322 11
102 360 72
152 164 6
87 236 91
96 320 98
242 336 53
80 218 31
267 304 40
376 496 36
250 284 2
41 92 30
78 422 51
61 69 95
37 148 40
358 445 82
341 439 37
77 301 1
329 472 26
269 434 56
66 255 39
98 281 55
76 118 64
74 281 74
208 275 30
17 297 84
77 272 90
358 433 67
117 327 22
253 429 11
71 365 71
153 266 55
145 345 68
135 225 6
48 125 25
355 481 58
128 404 83
45 402 47
104 411 32
241 303 22
49 175 42
271 472 20
146 343 4
278 446 59
238 345 100
148 388 54
105 399 86
204 325 22
207 456 92
133 193 85
281 460 18
84 402 50
15 76 100
94 308 81
278 279 99
42 259 69
107 240 57
316 318 5
108 282 47
199 368 49
42 244 83
3 306 9
237 383 69
93 201 10
314 440 6
15 480 53
175 309 24
130 365 19
18 220 12
428 482 24
200 366 9
40 252 69
121 399 85
71 375 73
253 391 61
85 204 92
105 196 55
202 260 83
95 369 87
57 98 6
72 82 23
139 403 84
163 286 45
189 247 78
16 250 45
22 403 24
95 428 83
66 136 91
173 383 77
176 470 19
37 248 86
103 133 16
121 441 31
79 120 80
150 454 83
118 293 86
117 317 95
333 450 61
126 205 62
248 452 16
176 288 90
48 382 94
167 470 46
195 317 90
144 376 96
317 454 73
366 368 66
40 461 75
68 361 67
72 330 89
183 482 14
234 291 6
311 464 74
316 319 88
57 131 32
243 452 6
100 111 76
91 168 95
316 389 9
195 203 92
278 410 8
95 200 9
61 78 83
158 293 7
126 410 10
116 412 75
1 29 59
138 271 13
81 144 38
29 177 29
148 333 60
227 496 54
73 434 36
18 477 28
193 404 47
161 313 47
118 171 58
286 453 41
176 209 35
62 72 19
203 407 18
105 359 50
177 394 23
317 335 44
51 292 35
31 48 49
22 436 50
128 454 36
129 424 14
221 389 58
364 408 77
261 321 60
34 110 27
47 132 99
7 100 38
293 382 80
402 416 4
221 341 2
52 376 91
103 202 89
23 237 67
297 360 38
121 186 38
175 318 62
32 171 54
30 74 96
352 489 24
176 296 75
364 491 71
329 411 15
80 311 6
190 363 74
142 159 76
233 327 33
80 281 62
207 367 60
336 433 29
134 426 55
390 458 64
41 422 29
222 270 60
10 495 31
220 409 3
130 272 46
97 115 56
19 342 37
91 289 86
120 234 86
40 135 26
347 375 52
105 487 33
60 217 69
348 361 15
138 282 71
52 284 82
79 315 59
170 282 31
65 403 62
48 219 18
28 291 32
84 314 80
124 390 57
46 447 85
201 381 1
202 418 64
460 494 50
22 352 28
434 480 2
215 272 37
211 492 30
469 497 4
115 268 71
227 483 77
121 382 89
99 302 7
111 203 18
132 149 50
93 418 84
205 440 37
158 368 61
69 427 82
96 292 41
113 361 62
1 270 47
325 457 25
123 245 96
307 340 19
369 463 3
181 493 9
32 408 23
151 167 16
42 400 31
164 294 24
325 345 96
149 393 57
81 339 22
379 464 71
103 332 99
168 481 46
350 463 42
348 491 18
380 442 40
270 375 37
224 391 1
8 251 15
192 267 100
114 218 15
41 329 7
323 378 52
267 391 92
221 385 30
337 375 55
72 185 88
438 477 62
356 491 18
218 255 55
192 383 47
456 497 5
93 464 20
76 214 47
90 330 56
47 202 96
2 317 86
214 467 67
288 461 11
362 467 34
209 439 69
256 453 84
296 344 60
120 318 57
142 357 64
207 210 95
169 445 88
138 340 92
102 140 30
130 441 77
111 121 92
85 223 80
192 418 37
135 366 6
79 112 5
349 457 87
16 315 15
289 466 36
380 497 60
246 449 44
393 414 30
102 297 98
263 447 22
8 243 57
218 438 74
105 281 88
367 483 40
288 429 58
253 332 71
75 236 15
270 463 24
133 443 22
146 403 13
146 333 33
35 82 88
18 130 7
36 340 82
311 366 94
64 98 60
17 236 53
70 460 81
36 147 10
17 130 47
117 394 44
102 208 51
1 83 23
244 445 16
46 78 96
96 402 64
304 356 91
86 303 96
244 467 82
150 167 94
47 491 31
38 363 9
238 327 87
297 351 18
142 411 49
292 433 74
90 343 61
428 493 79
271 292 52
16 480 50
290 295 55
67 435 42
185 259 16
243 353 6
393 403 59
3 393 65
239 326 60
86 356 30
366 418 34
199 229 26
139 186 10
4 225 29
155 303 31
12 484 53
0 371 26
81 377 63
4 256 33
75 386 9
187 309 23
145 427 62
219 389 100
142 479 47
16 159 57
64 317 74
106 357 2
45 99 70
196 434 95
145 339 80
382 487 3
255 354 26
314 339 52
479 495 100
107 420 98
69 147 64
51 365 41
61 157 95
280 296 35
61 87 11
277 496 81
121 164 42
46 496 77
31 82 14
24 399 32
379 462 87
275 452 34
16 82 25
159 447 68
66 108 20
203 239 82
72 285 69
420 456 26
77 251 23
57 251 97
17 172 66
124 285 69
314 316 40
36 258 32
92 171 44
66 92 51
462 490 55
214 290 27
154 321 27
299 453 14
192 377 18
205 323 27
212 233 84
195 410 72
184 452 64
63 376 41
142 368 12
373 428 50
118 146 79
38 140 74
82 382 33
233 435 47
13 247 94
53 214 90
384 453 28
33 53 21
17 188 26
74 154 15
79 402 56
14 492 91
0 102 80
91 124 98
14 52 34
93 451 25
58 260 54
81 362 54
207 328 98
98 277 6
176 421 12
247 354 96
87 186 18
243 361 41
343 355 47
37 273 7
98 120 8
39 149 60
113 359 8
270 377 30
159 495 96
162 360 67
305 437 76
57 215 33
41 293 54
281 484 66
221 255 94
99 269 24
387 418 29
239 266 93
90 111 24
154 197 45
448 464 58
12 93 28
86 127 89
213 461 96
47 480 30
404 417 40
133 417 70
162 359 43
1 226 19
232 461 83
102 342 4
95 310 69
379 482 88
266 451 39
264 487 15
26 278 95
35 308 26
322 458 76
241 297 40
347 401 81
73 191 10
122 363 78
60 219 12
316 391 3
46 286 75
60 478 80
139 396 12
141 418 1
29 121 48
196 482 92
16 241 74
187 456 14
346 459 29
184 396 15
436 475 63
31 46 25
98 163 34
291 397 48
385 470 86
230 439 35
56 79 26
104 162 63
135 428 67
41 79 92
253 377 60
255 395 14
17 381 36
273 350 42
214 471 11
390 442 32
245 323 30
282 442 43
87 226 79
182 418 7
442 479 86
144 148 20
240 402 28
24 123 46
1 159 79
141 429 43
121 406 20
89 118 67
126 157 41
298 377 53
241 488 89
312 453 50
330 357 97
73 75 83
119 274 89
364 496 11
96 248 71
225 284 41
12 435 73
166 177 35
0 375 14
184 352 58
226 463 89
0 397 8
119 344 75
4 48 7
268 366 43
90 97 62
98 115 73
40 148 62
75 230 46
71 384 52
57 163 46
60 485 61
94 106 72
158 496 46
77 371 10
73 260 99
51 189 10
48 100 39
303 435 53
44 228 34
31 49 48
162 167 94
84 334 89
13 181 31
167 374 28
67 279 34
142 438 95
206 397 86
44 461 76
132 409 57
321 391 70
358 465 69
145 309 77
47 278 36
190 451 56
312 343 26
133 465 20
18 250 53
173 394 75
254 359 92
363 476 11
156 248 29
161 258 2
13 127 90
272 309 41
418 440 78
134 186 91
199 245 46
201 386 13
28 427 77
310 376 83
60 155 24
24 122 88
0 395 49
369 431 18
167 308 95
166 323 47
93 209 82
7 259 69
241 357 25
253 360 63
39 52 93
283 473 71
23 113 67
1 231 12
147 235 77
141 494 29
89 320 30
200 372 11
123 274 61
95 333 81
19 110 50
130 298 74
282 345 34
26 381 11
293 331 91
144 487 46
370 428 88
123 167 43
131 466 72
417 469 19
241 260 21
159 256 94
288 420 19
246 452 91
125 375 70
85 225 34
108 322 5
229 241 96
268 395 59
140 439 53
60 77 30
364 426 5
48 266 64
185 261 30
229 498 90
244 354 60
360 485 7
346 464 52
169 243 24
318 410 82
34 447 53
43 330 33
183 423 50
384 386 18
49 332 51
288 313 25
63 85 95
358 438 36
168 183 23
49 300 23
257 260 60
59 66 37
150 193 72
156 359 81
128 185 46
329 494 17
129 158 35
187 427 17
149 315 21
100 372 1
462 487 36
120 445 86
283 360 18
262 469 36
101 267 67
11 493 99
200 289 6
3 72 71
92 215 83
215 264 70
81 470 4
160 496 9
97 434 88
186 409 6
34 351 99
437 443 74
121 339 14
363 416 23
8 372 17
374 455 85
195 421 94
286 306 6
172 307 72
380 489 47
21 320 94
83 258 19
310 462 77
110 445 17
392 475 42
151 358 59
417 498 62
181 237 66
283 486 98
65 82 64
347 396 40
329 446 12
105 213 34
121 165 70
108 293 89
284 489 31
157 269 66
106 198 100
255 339 24
236 360 83
251 374 45
121 152 45
378 448 1
97 152 37
166 339 18
279 440 36
1 27 17
344 439 59
340 405 70
14 266 39
412 481 95
459 470 14
93 499 99
36 366 57
214 367 64
305 320 78
265 464 29
389 469 34
75 320 26
39 257 14
11 361 94
37 252 31
152 479 24
41 294 90
58 69 38
86 416 60
251 487 17
232 264 11
281 483 99
174 362 90
139 230 89
47 304 4
201 322 25
175 270 21
346 437 84
73 294 9
120 330 45
300 353 25
238 387 6
200 395 18
62 412 58
188 337 77
232 233 9
40 111 63
0 159 91
297 336 33
118 247 95
152 256 77
121 203 36
121 217 48
305 367 99
383 465 21
16 98 31
74 197 47
39 133 78
408 437 20
22 153 83
26 122 27
128 244 21
130 448 10
204 420 20
219 310 45
218 351 95
35 167 98
27 294 70
291 296 26
272 381 60
186 255 86
95 373 28
188 298 12
461 486 71
284 393 5
338 357 33
343 481 39
175 462 51
252 256 100
142 355 8
304 481 6
130 375 49
10 174 84
8 323 44
269 411 40
230 389 96
190 272 22
6 237 12
77 115 69
175 473 59
306 383 26
95 313 11
191 433 35
410 497 78
183 462 57
176 453 88
117 433 30
201 452 25
134 304 68
8 437 23
123 381 50
239 292 31
171 336 26
445 461 34
208 243 60
139 293 30
116 414 37
83 388 27
261 300 98
227 479 87
80 205 3
61 209 3
170 419 30
72 206 74
189 485 52
191 202 76
408 468 46
158 307 73
379 480 1
189 447 87
274 463 60
195 381 78
39 292 19
192 431 73
130 439 58
255 310 8
188 234 92
86 266 89
31 316 44
227 487 56
3 118 65
164 351 58
11 102 81
67 458 75
134 439 100
426 480 37
5 406 55
156 289 2
262 448 13
228 385 75
108 359 39
110 365 8
169 459 8
54 166 37
32 88 58
149 282 72
54 282 32
23 175 32
320 428 7
2 402 22
164 480 78
8 204 36
121 455 20
155 422 15
447 462 26
2 30 35
57 416 96
83 400 43
294 474 40
11 456 84
219 270 46
100 494 93
282 470 59
21 204 68
42 412 99
285 418 3
101 155 15
200 242 61
30 405 85
141 287 100
144 360 75
48 311 24
9 73 52
211 266 94
90 367 73
6 398 22
178 407 59
15 192 74
14 354 66
284 345 2
75 105 66
93 179 60
41 220 75
270 424 45
88 126 6
22 487 29
87 260 78
14 42 58
367 395 51
100 262 42
395 410 7
209 486 74
155 438 80
116 204 98
65 411 35
267 466 32
84 113 33
23 43 55
27 169 21
371 395 3
64 264 89
326 471 80
16 492 43
122 148 42
38 243 37
326 330 32
70 438 60
66 135 63
168 408 72
116 471 62
167 415 68
232 349 43
60 80 67
54 329 1
157 322 22
204 493 56
165 335 61
312 315 69
157 175 5
119 149 84
241 444 16
37 138 58
353 393 35
90 198 53
36 51 97
19 207 16
28 264 26
427 493 10
70 77 56
38 209 20
136 429 54
25 488 10
68 260 9
167 383 73
318 419 9
5 95 17
22 88 18
318 323 72
122 260 8
53 350 35
293 325 11
78 277 57
207 275 79
245 251 90
50 219 36
276 447 12
110 480 31
11 299 61
108 304 7
322 435 18
429 464 23
383 426 90
9 430 82
6 287 35
103 469 69
145 467 79
188 497 34
429 452 60
35 471 71
5 254 41
368 463 90
187 395 83
38 270 24
131 142 38
69 414 43
106 136 6
15 67 13
471 486 97
21 489 47
38 196 85
25 365 58
252 330 74
247 434 71
96 365 3
311 413 92
105 300 69
95 151 84
414 445 90
283 358 95
348 452 87
36 334 16
75 129 19
291 378 91
228 408 99
255 281 91
357 426 84
132 184 26
114 432 1
165 296 36
97 122 41
67 295 50
90 328 91
3 230 41
147 374 98
159 449 17
60 343 7
428 494 98
222 259 11
67 410 20
74 407 3
61 267 72
53 216 35
17 54 94
120 303 48
82 437 53
96 290 99
114 187 20
256 318 46
40 202 60
195 493 90
41 91 99
260 395 70
173 205 79
212 347 20
6 75 88
30 268 28
94 161 7
259 403 28
69 357 44
180 457 38
35 143 6
207 242 78
349 359 60
128 448 27
215 467 69
0 362 13
20 186 22
229 497 85
144 496 90
19 402 70
293 299 22
147 461 83
22 132 54
108 188 66
91 322 11
115 195 71
298 473 7
259 411 85
6 379 2
17 134 9
247 428 61
354 396 13
422 435 20
42 118 3
291 395 38
161 418 76
220 436 98
181 197 1
165 311 78
295 437 29
146 259 24
30 54 5
385 415 19
147 303 71
241 266 15
386 415 32
3 49 79
373 465 88
459 490 59
227 403 38
76 173 76
209 382 65
45 94 22
36 474 32
28 465 82
264 352 81
22 178 24
147 467 60
166 374 66
89 197 72
104 182 87
8 115 2
96 172 48
125 170 5
288 413 41
176 403 93
129 383 36
26 149 51
351 495 93
0 497 61
211 260 62
149 380 59
11 71 53
187 316 45
0 157 66
103 406 15
21 155 60
76 306 80
67 294 57
276 444 80
210 255 54
178 270 4
182 372 55
15 39 47
242 399 73
221 367 70
336 384 39
82 338 17
296 351 65
214 449 94
29 112 59
141 372 94
28 127 5
338 379 15
226 393 67
99 101 90
207 356 84
18 158 97
58 109 1
3 192 58
54 313 88
185 479 71
59 342 87
136 336 66
212 256 32
160 411 54
110 275 98
114 395 92
51 364 70
88 394 15
26 236 7
194 481 28
416 493 14
143 326 65
131 343 98
88 348 51
3 288 83
55 287 30
2 96 69
247 271 38
296 386 71
77 265 19
136 484 32
16 299 75
94 125 91
75 349 90
100 420 75
166 494 27
6 333 30
98 317 89
400 432 83
276 490 54
101 282 3
310 414 97
141 291 91
124 353 17
288 465 38
25 463 22
4 33 15
178 448 74
251 427 87
106 233 39
43 156 32
120 268 8
203 443 65
258 444 76
226 308 54
29 30 76
121 179 69
390 391 4
58 217 26
417 494 53
174 387 71
270 291 82
185 338 29
323 351 4
269 400 16
218 219 90
179 242 82
65 145 82
146 306 45
243 354 40
46 276 21
199 396 80
136 377 22
104 467 32
44 290 95
11 246 12
337 354 71
88 274 4
310 432 92
329 480 89
15 233 12
213 337 86
24 305 27
314 398 73
236 254 75
8 380 71
370 473 28
81 290 77
274 450 24
191 204 49
6 330 46
56 225 63
313 435 97
80 125 82
27 419 28
286 498 15
349 380 81
365 436 14
12 320 88
248 295 66
24 250 67
0 246 63
94 416 43
154 328 42
226 346 51
405 479 6
75 374 18
109 135 25
6 376 61
74 472 65
363 464 36
82 110 17
387 497 45
5 397 17
34 358 28
168 400 61
67 340 89
312 418 73
51 68 60
409 467 46
50 270 59
131 449 36
306 369 94
74 232 68
49 278 28
250 424 20
259 360 43
12 183 64
46 275 35
8 169 95
338 380 80
141 293 94
203 490 34
152 173 89
0 457 47
428 452 44
124 287 2
282 483 73
191 290 41
242 377 59
245 352 83
165 454 99
175 292 74
171 312 68
335 399 81
30 48 94
190 317 72
100 397 67
82 135 28
109 185 98
19 499 19
23 78 100
37 264 62
306 315 44
188 498 37
138 322 93
52 162 3
198 464 38
44 449 81
100 421 12
288 389 88
149 403 97
62 484 56
219 287 7
284 351 79
14 195 96
119 260 70
266 364 71
32 106 73
73 266 40
136 172 2
23 97 98
82 270 36
105 398 100
257 395 24
98 369 82
261 304 78
207 397 34
116 152 16
220 315 8
123 200 5
324 484 51
162 299 69
147 447 93
4 96 24
118 299 55
354 380 23
251 308 35
264 289 16
16 415 28
16 421 75
129 237 17
269 367 59
53 316 74
90 447 43
108 271 67
311 337 63
100 329 5
347 429 55
14 188 82
100 385 21
15 216 28
208 438 94
470 485 78
181 191 65
144 368 54
310 498 32
243 274 56
208 386 19
165 302 6
131 157 9
18 144 71
74 464 33
27 156 89
424 497 100
31 294 42
15 175 72
98 247 9
217 391 38
39 181 6
302 333 68
10 356 7
5 137 69
256 272 76
105 138 64
101 443 34
244 423 12
392 428 27
230 242 55
88 125 64
19 94 15
358 381 60
117 396 99
90 254 79
155 414 71
96 495 20
63 115 44
96 333 99
112 444 39
111 228 13
173 318 49
58 236 84
291 467 13
185 194 12
237 420 66
151 239 79
161 456 79
67 306 77
310 494 23
103 263 88
136 460 65
94 262 27
23 423 45
381 406 40
11 405 70
175 230 59
81 488 44
189 204 81
122 438 53
75 361 11
197 365 100
46 60 1
78 253 37
61 86 58
429 431 7
68 135 43
224 452 97
60 312 51
81 450 20
331 370 31
23 340 27
72 407 56
149 217 37
75 208 93
218 220 30
96 249 62
168 413 86
4 173 51
123 199 49
166 264 52
217 406 56
48 49 17
326 444 56
259 291 78
155 183 24
266 497 86
203 232 72
274 377 88
245 452 68
126 275 66
43 275 98
144 149 68
90 290 82
314 328 39
210 291 69
137 315 40
59 450 10
135 416 34
104 329 65
433 461 66
129 235 11
295 368 72
254 341 77
167 430 68
285 406 8
299 402 70
9 373 86
111 291 25
32 298 58
63 499 61
375 447 82
217 234 100
245 467 46
276 479 15
196 420 1
150 367 21
279 431 98
79 388 47
121 320 42
53 227 5
173 207 17
328 442 68
6 156 95
24 323 68
110 333 16
76 191 94
107 244 89
107 193 99
29 202 51
231 471 18
120 449 32
330 435 73
203 458 8
134 292 60
4 462 15
161 295 36
243 458 77
7 304 85
83 402 78
105 474 23
139 272 67
261 424 65
346 413 11
298 347 59
52 209 33
151 491 73
120 130 92
0 154 1
45 361 47
78 489 48
140 272 92
153 451 98
93 168 29
198 216 31
202 382 34
1 437 62
185 487 20
243 299 79
329 452 37
226 379 100
12 204 1
135 426 60
176 281 53
76 449 25
91 165 41
90 376 18
130 333 99
137 471 88
89 287 45
211 398 57
186 397 99
23 485 99
241 422 38
323 462 9
227 445 49
231 323 93
145 270 1
303 440 1
275 469 14
243 389 29
15 477 48
56 448 8
124 328 71
351 465 45
285 324 15
7 444 99
397 432 68
281 381 28
169 497 29
320 453 69
183 345 78
137 417 27
86 175 41
44 204 28
279 314 17
221 393 54
234 237 98
26 63 67
440 468 14
64 116 73
103 331 33
330 466 35
233 449 52
70 193 78
137 243 19
158 365 10
210 304 13
193 478 4
293 330 20
80 441 50
362 392 89
323 339 60
121 371 40
74 116 90
265 333 22
359 373 85
466 493 25
9 369 12
32 348 3
365 441 51
8 17 20
256 475 33
69 393 20
298 388 53
15 203 41
122 494 100
166 229 3
24 131 80
330 438 87
118 201 95
151 307 57
253 372 56
98 161 54
96 337 77
195 305 73
97 276 41
1 172 38
131 338 90
326 463 89
299 434 85
104 192 31
56 289 18
189 408 82
382 471 96
11 209 57
306 476 51
207 394 55
404 446 50
221 253 30
13 95 30
248 429 22
333 426 49
160 354 2
24 398 34
137 378 21
217 476 79
12 148 35
221 227 29
133 318 75
50 162 71
247 487 65
407 464 37
52 369 6
269 290 15
416 425 64
202 334 96
145 402 18
81 146 87
25 38 31
314 333 84
163 372 59
54 205 4
407 447 24
9 18 94
222 335 6
18 493 78
41 128 2
75 456 24
187 422 24
288 433 36
127 150 3
243 276 85
67 362 92
200 353 71
37 116 86
14 104 54
216 439 63
92 213 36
281 426 85
53 187 5
241 423 38
264 427 53
346 353 19
55 336 24
326 486 100
16 119 32
56 230 76
109 445 66
154 271 83
104 156 21
16 88 91
321 400 36
218 496 99
398 453 68
67 374 39
11 468 84
130 449 42
222 249 57
345 444 65
376 455 60
471 493 53
267 312 49
48 258 18
139 246 18
218 453 50
26 33 42
283 298 93
207 368 2
269 479 37
228 299 41
224 378 78
450 452 73
123 307 55
109 308 88
17 36 89
165 425 94
25 32 97
174 410 47
238 312 30
434 496 8
294 352 10
365 429 20
409 478 36
91 216 42
91 236 47
208 380 88
181 445 49
189 405 13
86 412 53
19 475 25
200 282 38
127 351 94
298 428 71
234 491 80
270 450 7
2 326 64
102 404 43
268 298 15
59 180 11
461 467 34
47 201 70
200 498 96
0 146 34
12 478 23
248 272 69
259 302 82
79 350 75
112 301 74
397 493 20
15 287 97
273 370 33
28 486 74
134 298 67
17 432 87
174 271 93
7 202 86
128 436 5
217 266 91
222 280 93
258 397 73
155 476 46
66 305 72
65 370 70
73 298 48
70 246 24
5 158 96
119 339 58
41 445 94
136 374 51
65 279 38
334 423 37
48 68 94
228 289 39
333 354 10
333 403 29
196 338 22
145 234 40
61 317 7
243 485 55
117 300 99
221 422 91
253 289 39
146 171 77
112 146 67
99 338 97
162 392 5
59 386 47
219 353 16
153 221 77
99 317 7
10 449 66
64 178 100
183 244 13
212 411 41
153 414 42
67 400 99
326 470 52
115 316 88
19 301 81
73 229 79
249 394 67
217 294 96
218 273 44
16 496 21
26 39 88
164 448 67
9 449 8
256 336 26
124 485 15
149 354 92
343 482 53
211 366 32
186 311 52
70 495 47
434 498 97
79 468 87
41 192 52
90 286 18
149 324 69
38 344 12
97 143 95
111 313 11
397 480 29
36 211 66
252 465 43
151 470 65
31 122 7
251 395 64
226 419 76
151 461 57
264 411 92
41 263 33
215 494 48
29 461 15
19 77 25
130 193 31
40 314 50
212 219 18
309 311 34
326 459 45
421 480 5
193 298 58
50 276 79
111 113 100
309 464 98
287 346 35
60 242 3
10 446 46
105 275 90
234 253 74
30 36 17
33 332 79
104 470 92
372 476 87
25 276 59
86 287 34
69 303 2
245 373 4
193 370 15
131 389 19
109 195 23
33 372 7
293 495 17
11 479 36
226 243 94
8 451 1
3 33 72
30 342 97
83 417 35
267 346 93
25 182 19
180 475 43
245 261 75
219 383 14
121 410 36
68 355 82
319 479 47
145 272 62
46 355 67
311 403 85
76 238 31
484 495 76
395 411 15
361 462 28
150 483 2
136 290 82
73 445 95
188 414 81
113 297 95
96 251 68
85 350 52
202 432 31
38 275 44
103 229 6
130 141 46
370 415 46
19 289 7
467 468 65
106 378 28
204 461 12
340 364 9
78 371 71
245 284 55
9 141 85
97 235 7
19 332 90
164 318 15
308 483 12
143 399 94
156 184 48
37 251 18
11 77 9
8 440 2
93 223 49
188 489 81
305 397 9
105 328 75
73 483 50
200 319 97
165 212 1
196 364 15
166 430 65
26 310 86
332 437 71
122 224 28
76 443 45
212 337 6
83 250 86
391 447 56
6 285 71
149 470 96
109 356 93
51 106 15
377 387 78
169 178 66
283 482 23
176 394 56
393 394 90
206 489 30
406 485 89
116 367 30
331 408 61
27 235 18
162 314 27
122 466 73
23 167 82
224 289 34
1 69 2
9 293 27
91 114 16
64 453 75
26 260 40
123 476 99
39 340 98
117 124 59
101 200 64
339 466 29
34 177 32
47 305 80
384 432 14
284 358 44
201 483 58
180 376 26
311 371 59
301 495 33
70 138 46
107 388 12
57 279 77
160 311 50
39 274 14
83 455 58
448 484 11
285 376 33
128 299 4
143 382 27
24 113 93
142 144 65
336 469 24
291 488 64
469 494 50
338 415 24
288 469 8
46 91 89
4 340 57
41 97 7
71 297 87
27 363 50
70 291 19
70 444 44
301 482 8
22 372 81
284 403 21
312 355 34
73 104 98
203 483 12
343 458 27
314 463 52
440 464 56
358 406 80
222 329 10
231 387 55
25 211 70
126 323 60
388 445 94
236 312 100
155 179 57
50 215 77
344 447 31
107 466 2
42 123 43
206 425 56
179 386 83
33 368 90
83 355 51
172 286 42
377 443 93
160 381 68
385 396 67
142 336 8
379 458 79
19 126 29
248 487 26
355 445 97
165 178 6
124 161 78
221 282 66
61 291 11
18 319 92
343 408 32
215 385 75
113 454 67
86 293 100
137 260 22
96 202 17
366 459 63
223 228 58
136 451 72
260 464 49
208 296 61
215 362 35
163 309 68
215 431 8
59 136 26
288 483 82
280 357 95
228 243 31
108 160 58
66 270 16
40 307 88
237 331 25
307 391 72
74 135 45
32 275 15
317 366 27
255 482 27
381 382 51
128 233 82
283 345 15
373 481 43
41 289 95
70 483 61
38 109 96
175 178 63
115 469 68
52 272 74
42 54 100
275 307 52
138 418 87
301 471 21
247 341 7
242 410 5
19 249 92
180 413 29
200 477 99
183 394 33
174 446 29
79 340 80
150 418 28
304 365 61
211 415 77
248 334 34
13 121 79
222 386 50
30 497 15
371 446 6
0 93 72
377 458 96
208 456 50
25 396 55
147 354 31
259 332 64
212 442 50
97 313 84
10 352 50
220 484 26
244 477 97
2 235 43
208 493 78
221 432 56
313 419 97
81 166 94
13 139 2
229 368 91
2 369 12
88 363 88
154 486 82
3 351 99
2 118 42
67 351 42
186 346 3
56 445 66
0 144 61
47 273 57
234 330 72
110 364 10
344 494 52
164 404 92
261 495 89
185 287 36
39 331 28
60 454 12
47 111 63
100 246 95
461 483 68
275 490 3
248 440 51
46 315 61
95 149 24
232 493 66
52 438 94
118 339 40
163 388 52
424 480 87
38 451 17
225 230 56
18 169 53
83 125 95
26 138 1
102 149 73
14 79 56
68 482 79
67 443 92
3 244 31
190 489 77
80 287 83
112 373 60
210 226 88
192 463 90
110 181 43
63 153 26
71 335 95
217 496 20
13 404 95
1 71 7
361 366 53
219 394 84
297 323 9
144 426 3
76 389 86
17 348 72
423 458 60
294 425 91
155 292 10
73 474 98
112 337 19
19 157 98
267 437 7
22 471 99
294 484 99
134 162 14
53 448 29
292 363 77
16 262 20
123 234 65
59 236 16
223 496 11
68 171 97
146 173 86
275 364 88
174 408 99
253 482 32
1 100 28
176 435 27
123 390 96
50 206 72
104 387 32
257 495 73
10 226 68
343 414 27
5 203 70
167 222 5
241 392 79
84 434 1
18 423 38
278 323 51
101 442 45
54 454 94
42 236 32
222 242 24
50 54 38
101 488 9
44 466 15
85 416 41
189 241 91
118 475 9
264 397 15
9 338 12
19 60 11
4 442 53
222 449 57
411 478 32
222 412 100
143 395 35
157 271 91
24 94 82
120 398 63
191 427 64
121 421 90
219 442 22
158 262 76
129 224 3
43 47 56
406 469 79
14 130 24
263 293 61
105 266 33
274 444 21
55 169 25
212 229 6
218 230 67
119 164 90
55 173 60
214 315 32
352 451 66
104 247 25
48 347 38
92 362 79
112 303 98
354 393 99
240 396 82
238 271 97
247 476 34
72 85 36
363 442 81
260 457 12
299 498 97
68 461 70
21 49 58
66 284 77
189 193 89
165 390 13
277 428 67
141 264 51
183 473 28
27 392 10
71 338 42
33 433 11
13 141 37
27 355 59
50 289 47
188 253 92
101 490 1
276 403 42
28 235 17
100 102 84
30 136 97
4 164 74
42 70 69
10 368 8
180 306 29
233 474 28
173 185 32
209 441 23
310 344 20
271 384 77
114 258 34
87 454 70
160 175 30
280 489 30
58 104 80
127 355 61
6 472 64
373 480 63
435 438 85
180 415 15
211 233 4
234 498 2
108 370 9
428 456 19
94 409 82
242 268 18
29 295 58
117 166 5
141 413 56
212 434 54
2 236 42
2 237 78
25 379 71
218 227 54
262 344 32
83 206 79
11 222 2
129 414 13
36 448 52
18 125 95
33 497 41
326 348 52
312 406 70
132 153 42
22 44 80
112 242 76
67 200 18
310 401 81
59 187 72
92 326 33
206 217 38
118 467 32
173 428 1
119 365 29
159 494 75
250 450 31
86 215 15
67 225 96
