500 6300
0 12 74
12 14 31
14 32 13
32 33 89
33 34 32
34 39 58
39 40 95
40 41 19
41 43 2
43 53 76
53 72 19
72 78 10
78 80 65
80 90 78
90 92 58
92 100 40
100 104 85
104 107 43
107 126 4
126 129 33
129 130 25
130 132 85
132 134 93
134 136 3
136 143 34
143 150 99
150 152 8
152 169 40
169 172 19
172 192 79
192 211 17
211 224 89
224 225 75
225 237 22
237 241 78
241 258 10
258 261 3
261 267 78
267 268 51
268 273 89
273 281 75
281 288 57
288 299 93
299 302 32
302 308 84
308 311 61
311 312 16
312 313 93
313 322 46
322 325 36
325 327 58
327 332 95
332 338 35
338 342 41
342 345 18
345 347 6
347 352 18
352 358 69
358 360 85
360 362 15
362 374 77
374 377 28
377 395 11
395 398 45
398 400 62
400 402 89
402 403 78
403 405 60
405 408 41
408 421 21
421 422 15
422 424 68
424 425 2
425 430 88
430 438 43
438 446 22
446 447 98
447 449 21
449 455 14
455 476 95
476 479 17
479 481 54
481 499 17
237 294 18
123 326 39
408 486 11
235 468 63
24 189 27
100 361 8
359 440 80
209 310 100
67 366 78
327 473 71
69 315 17
93 453 66
151 296 18
7 285 77
193 224 10
126 400 4
246 408 36
327 387 11
9 235 60
38 309 53
45 449 17
329 356 16
56 75 50
13 363 53
114 163 11
1 466 26
77 139 24
13 20 81
309 433 3
165 287 100
485 490 93
263 275 7
16 356 72
43 334 51
149 371 2
93 264 30
140 383 83
154 180 86
209 471 29
81 102 66
213 484 60
323 474 61
241 416 81
327 356 7
11 242 27
217 416 79
226 294 32
281 409 90
208 317 71
1 230 81
23 409 83
267 311 18
213 374 51
69 230 50
92 161 10
38 150 79
128 130 54
403 451 87
166 425 34
205 406 77
303 361 56
204 449 47
49 274 36
195 382 23
151 185 27
59 326 31
12 76 28
393 444 36
239 397 65
308 499 57
52 206 51
353 474 45
45 113 94
151 454 51
330 347 95
41 293 38
83 324 85
200 398 100
101 283 40
21 90 54
33 363 57
130 433 13
45 347 64
346 478 68
113 117 56
74 90 67
166 211 19
78 153 95
255 471 63
333 436 1
371 491 26
275 396 66
255 399 3
24 280 21
88 371 2
54 337 59
189 492 87
142 306 38
237 477 55
28 472 9
140 230 16
154 302 3
98 163 45
178 329 12
124 135 2
195 297 83
261 305 29
193 482 41
10 134 97
33 99 50
190 391 8
129 150 37
289 460 16
63 212 39
226 358 41
152 331 20
423 491 54
25 226 11
195 213 67
118 203 94
21 244 97
70 247 5
57 272 19
40 49 11
390 449 50
230 265 35
141 265 22
182 310 76
12 269 7
30 198 17
218 451 89
24 293 3
21 445 86
349 432 95
164 384 27
343 429 60
113 309 28
186 306 94
103 260 8
172 289 32
474 481 95
212 241 23
35 106 48
128 308 8
33 445 39
266 452 69
164 273 27
157 276 4
349 451 36
77 257 59
47 53 75
179 317 77
96 491 79
31 150 27
353 408 21
210 350 39
157 267 59
323 454 77
129 360 56
230 255 41
15 179 55
132 249 31
25 128 29
85 298 90
22 246 75
355 436 29
111 305 87
188 430 64
110 362 49
72 253 33
81 333 59
368 401 56
191 207 23
186 257 99
188 292 97
2 127 14
138 459 49
4 495 16
146 249 33
162 163 91
233 363 95
309 318 1
26 292 86
52 488 63
25 360 37
152 154 15
2 204 81
266 280 50
35 95 68
34 252 100
364 390 11
192 489 50
310 330 70
194 277 42
50 256 52
109 318 35
332 497 44
295 417 9
259 321 94
382 489 40
110 392 22
309 475 74
291 366 20
228 409 39
64 216 79
80 441 19
325 415 33
49 67 28
60 351 48
260 473 22
8 227 20
269 313 82
63 261 18
66 288 37
182 193 64
161 373 8
145 209 97
137 233 57
74 168 30
197 376 35
173 426 58
93 182 56
186 397 24
304 455 72
3 377 70
233 480 78
247 496 98
140 270 36
132 185 85
129 210 14
331 409 64
276 288 50
165 243 68
341 393 38
339 416 84
158 370 3
38 64 4
171 353 75
308 402 87
159 217 13
142 430 84
108 323 69
225 355 32
337 434 70
33 481 15
319 405 80
40 435 56
339 372 65
123 357 64
17 273 76
454 464 11
392 409 70
87 437 76
22 84 21
68 482 20
21 300 69
140 299 8
165 355 51
385 421 34
19 122 86
157 343 73
89 135 47
71 497 29
90 176 79
229 277 20
56 456 80
212 375 57
220 473 95
127 424 2
57 373 45
51 299 11
353 381 72
41 434 70
54 191 37
276 475 92
237 267 3
257 419 51
282 490 95
358 444 59
1 293 58
140 373 94
224 274 23
106 141 15
167 382 37
53 476 42
312 432 60
248 343 10
140 458 13
106 127 77
104 328 24
222 296 62
230 297 58
111 282 62
190 283 93
167 388 57
444 462 57
249 365 19
336 349 28
345 361 4
307 485 84
61 470 14
104 420 96
78 180 22
38 126 24
114 183 4
174 297 28
151 392 50
7 383 71
371 459 30
283 293 9
177 249 72
359 436 84
111 239 14
160 322 73
122 170 47
7 85 63
97 100 53
144 438 25
26 313 3
49 210 88
86 166 85
7 322 28
264 479 56
251 331 37
183 281 57
104 146 83
6 18 96
278 420 21
58 357 7
191 456 27
249 356 9
387 462 99
174 253 87
44 184 17
259 395 5
40 200 25
458 493 55
179 372 38
34 426 25
66 158 23
51 389 59
3 384 14
89 193 68
62 425 78
17 399 67
83 183 96
179 437 83
232 321 19
291 415 9
89 261 27
407 427 50
233 254 50
188 486 84
189 264 64
0 87 80
4 219 43
139 299 46
153 227 13
375 403 12
349 437 35
173 317 32
243 445 22
171 299 43
111 441 3
459 470 17
82 288 82
429 454 31
438 448 12
51 456 22
261 463 80
133 412 7
188 441 68
274 452 97
289 344 83
296 358 93
348 433 61
7 220 100
89 411 62
14 411 35
90 218 6
49 251 87
235 349 15
71 451 38
180 218 12
446 453 59
164 204 81
12 81 61
170 210 79
104 169 60
358 436 11
165 406 1
289 393 65
195 386 28
79 183 90
204 238 27
121 294 2
214 233 20
216 473 59
26 223 85
158 163 4
189 340 88
283 438 31
213 342 62
25 115 55
122 352 56
141 465 62
25 245 65
30 372 88
20 364 68
129 431 34
34 243 28
195 336 30
202 304 1
345 408 35
109 484 19
148 487 96
255 324 98
99 479 77
60 397 44
71 133 44
18 336 40
131 164 12
322 395 43
414 463 74
145 325 11
21 201 88
343 463 56
61 300 57
101 157 67
105 198 10
110 494 90
55 103 81
353 434 100
14 197 56
163 461 40
98 142 66
107 235 96
127 223 76
113 496 96
78 436 25
93 288 26
395 401 82
101 257 90
392 397 65
184 397 61
153 310 38
100 277 85
105 228 36
150 165 94
78 207 9
113 289 31
99 366 22
406 439 88
263 391 30
36 404 6
188 290 53
43 76 3
192 377 38
53 59 46
29 282 88
203 279 67
244 396 13
327 378 94
11 488 73
85 158 82
433 481 71
282 322 78
267 286 65
268 465 35
60 178 30
352 441 31
160 487 3
248 298 94
120 188 22
177 213 40
133 304 21
139 486 2
209 389 88
24 40 30
263 387 18
255 289 66
55 223 40
392 472 99
190 193 37
135 404 53
17 28 90
310 341 41
210 303 74
411 419 71
42 467 37
230 332 66
15 470 75
432 436 42
182 207 30
42 276 12
67 87 75
93 337 89
188 350 71
242 327 84
70 71 6
381 490 56
186 249 2
302 470 64
245 278 76
319 387 4
207 236 25
35 302 74
320 469 52
117 143 11
94 404 21
37 403 88
54 285 77
114 366 6
324 341 74
91 249 46
387 477 90
67 291 68
352 498 47
195 479 36
54 151 3
142 147 33
42 471 100
151 297 45
257 298 51
214 262 15
199 255 17
35 204 26
109 176 68
134 163 55
107 419 39
35 198 51
334 350 23
111 192 44
240 456 62
235 315 77
305 336 87
169 389 94
169 210 5
2 189 4
345 412 36
87 306 66
273 394 43
99 218 72
139 463 60
133 253 34
78 364 86
55 416 48
221 427 73
187 347 24
6 407 67
161 307 68
149 281 97
406 484 29
267 391 9
243 495 23
157 266 24
86 488 78
375 468 2
85 105 89
48 82 84
296 329 95
130 392 24
25 137 25
241 381 85
9 252 74
129 315 87
137 489 53
221 247 51
4 230 11
86 278 49
123 300 15
70 271 8
245 365 90
310 401 87
63 367 27
116 221 91
96 354 82
35 452 11
392 457 58
16 244 17
362 471 87
296 347 16
41 72 69
225 241 80
199 411 30
173 309 64
144 380 22
146 259 50
207 365 84
264 418 14
108 421 49
192 236 52
438 447 76
153 256 93
17 94 72
39 108 4
56 272 18
171 257 47
218 449 82
255 334 9
131 328 80
192 214 15
163 348 37
348 362 45
24 479 18
3 157 62
40 490 77
142 486 11
338 346 44
31 68 98
105 393 65
65 485 34
24 230 65
305 486 81
267 484 37
81 480 80
98 330 8
102 269 2
362 445 51
16 417 76
141 391 46
311 439 3
291 303 94
122 294 5
177 227 68
1 99 47
279 392 33
27 238 62
79 88 39
28 164 70
0 254 72
117 463 19
135 443 60
361 362 37
218 267 92
113 118 19
48 459 37
42 370 93
12 363 66
83 298 8
18 103 33
186 480 34
35 391 76
49 113 22
126 238 84
390 487 62
33 401 92
111 468 29
354 387 4
20 347 22
167 258 66
164 416 70
239 383 47
244 392 20
325 467 44
29 264 30
364 422 39
119 177 44
10 466 33
291 306 29
26 329 78
161 283 9
156 494 15
148 393 10
251 314 17
60 357 99
158 364 33
308 438 59
77 155 90
36 173 45
117 192 12
162 306 57
358 422 17
290 383 55
59 495 50
332 452 92
190 368 49
303 427 93
135 499 61
44 279 86
24 124 36
26 426 57
192 292 45
294 408 61
219 445 14
279 309 89
259 480 30
159 409 90
148 458 81
170 309 100
333 406 41
147 282 12
267 469 79
290 349 93
184 313 48
280 369 98
228 442 16
225 424 80
3 92 62
269 371 63
244 447 55
71 181 26
72 244 96
44 396 100
352 385 72
39 495 34
128 306 31
384 407 82
438 462 42
16 24 12
159 222 20
173 243 32
56 423 93
100 282 26
129 341 55
82 296 83
184 404 3
289 294 60
348 411 60
152 232 24
284 300 64
160 324 13
421 470 43
219 328 3
206 224 89
105 233 81
51 210 56
243 330 20
224 365 64
212 458 18
26 183 65
128 441 45
309 352 14
132 244 85
55 418 71
165 351 59
2 151 56
9 94 73
282 398 89
356 493 3
48 72 18
314 338 90
128 363 84
74 373 42
51 197 71
146 234 3
166 321 67
64 147 67
272 320 7
277 335 59
53 215 99
395 459 29
78 206 28
125 329 69
112 144 98
44 202 29
160 299 22
43 421 22
258 441 5
301 302 26
253 480 62
5 341 99
17 463 95
306 396 97
39 170 2
30 453 53
443 451 10
0 48 69
168 397 84
59 203 61
85 494 47
206 250 28
85 348 89
291 453 34
5 168 29
164 192 38
78 105 38
141 323 99
11 229 46
459 499 49
335 487 48
204 459 87
316 369 37
314 470 25
210 302 69
100 359 60
276 472 6
219 413 50
61 229 45
8 230 12
229 363 26
40 101 15
224 282 75
83 422 48
226 286 51
42 353 67
17 412 81
249 484 93
383 398 45
428 482 54
83 405 29
330 333 98
66 467 55
6 392 43
182 215 10
209 484 52
436 441 17
105 122 89
44 212 32
189 280 90
215 246 63
270 476 4
22 190 34
67 498 28
30 485 52
140 174 63
7 252 94
21 295 40
205 458 28
242 464 22
246 285 94
79 209 14
50 305 76
195 241 16
161 420 2
1 425 99
5 214 69
124 382 100
75 275 51
148 152 22
114 140 50
340 358 94
152 362 84
27 127 54
211 384 65
35 186 86
234 370 13
172 246 84
168 289 65
70 259 75
86 244 15
313 407 1
75 447 30
265 310 92
441 473 17
65 414 67
158 234 51
76 366 14
435 475 85
430 431 91
42 496 13
5 219 70
141 354 35
93 112 68
159 479 28
326 392 88
297 355 71
34 59 38
5 65 4
375 493 55
225 449 99
274 307 46
24 143 15
284 392 62
264 281 29
431 432 17
9 430 49
206 429 59
57 485 54
289 368 60
263 495 45
199 454 94
58 199 90
97 188 91
6 56 38
316 416 77
43 365 91
103 186 15
76 308 27
214 350 96
355 395 99
290 323 49
286 288 50
78 304 25
88 226 36
223 263 60
327 474 90
85 167 15
131 297 2
141 479 27
3 334 84
206 325 76
34 384 94
178 288 16
57 285 7
107 410 25
385 419 41
32 350 3
91 236 1
79 271 24
62 88 55
279 296 10
364 412 39
303 349 55
108 422 80
214 403 61
203 251 69
105 398 90
49 414 35
259 292 40
104 173 30
66 216 66
151 489 11
76 383 45
220 266 83
63 219 30
160 409 6
15 164 70
54 351 80
117 155 34
180 341 95
48 195 4
118 122 81
42 393 85
136 440 19
17 93 47
31 127 69
18 403 19
249 436 3
204 406 22
28 290 77
45 194 29
43 355 13
259 445 40
179 363 63
311 318 81
239 315 67
167 220 25
70 403 19
139 355 9
41 68 99
126 127 32
249 482 30
160 368 21
163 191 69
279 373 46
132 303 99
193 278 81
157 445 81
4 105 18
157 446 76
65 391 83
379 453 4
144 386 66
371 375 9
288 468 32
213 264 64
299 304 52
70 205 84
99 274 69
188 334 19
63 390 39
322 358 47
332 427 47
88 254 34
254 304 84
273 440 21
218 375 94
382 405 4
88 221 87
49 439 9
141 442 49
276 356 42
133 336 81
148 335 40
248 396 24
47 225 67
198 415 10
82 360 22
5 184 9
284 489 62
258 354 57
99 307 51
290 367 68
37 496 40
135 252 82
35 197 70
60 324 43
215 411 8
76 459 71
66 146 12
383 408 37
90 346 14
157 400 28
165 379 95
275 415 72
401 411 78
59 437 78
19 30 10
4 472 57
94 453 99
64 346 41
38 84 11
131 136 74
422 497 51
164 227 43
68 453 43
149 438 60
144 290 75
326 352 74
26 455 96
201 379 79
14 455 98
130 188 96
91 334 32
52 341 46
34 346 76
267 492 9
167 341 38
35 173 3
180 279 95
283 342 11
90 263 19
71 363 29
124 174 31
339 391 23
4 248 6
37 61 71
207 393 77
29 140 66
251 474 16
128 367 52
53 299 53
104 227 59
47 396 10
88 385 64
29 93 43
241 360 38
40 320 55
97 470 12
57 351 98
432 477 60
58 260 51
153 397 60
99 342 1
8 99 72
117 400 35
53 111 86
136 152 47
135 137 23
238 462 98
220 223 10
223 396 16
59 132 40
87 408 100
217 246 63
348 355 83
154 263 73
106 143 94
37 320 1
235 439 5
59 181 69
409 422 40
464 491 16
336 481 71
377 498 15
387 488 75
48 241 48
3 27 49
7 444 50
351 429 87
119 323 35
176 350 34
155 343 55
27 28 63
76 318 99
106 167 86
251 300 69
304 407 60
57 496 69
27 121 47
110 385 17
158 291 15
239 388 83
8 312 93
139 157 2
148 357 2
73 470 71
322 360 77
26 122 87
36 255 21
137 166 99
421 479 4
292 493 64
426 493 87
220 374 30
22 419 61
301 482 61
18 354 96
144 191 40
12 486 17
202 412 52
15 416 9
78 93 41
272 465 100
12 407 93
110 139 70
32 413 3
246 257 95
229 333 46
238 457 38
228 405 50
62 496 35
59 394 31
37 492 31
170 346 85
279 451 63
101 402 55
352 397 13
91 324 1
46 214 35
197 224 91
35 411 32
177 220 71
17 116 66
3 268 75
163 420 91
16 372 44
222 320 39
52 413 29
209 249 78
209 267 21
184 206 71
46 122 29
103 329 30
126 222 65
358 420 28
367 439 57
99 302 69
22 76 35
266 481 30
96 124 8
143 488 30
318 487 61
1 246 43
382 431 75
47 265 98
141 400 54
82 494 45
73 292 29
18 298 60
132 211 30
206 215 25
218 321 9
10 59 54
69 346 91
47 91 22
31 454 17
138 444 44
226 316 91
325 378 85
24 167 43
191 283 28
47 159 52
19 330 7
264 352 75
74 143 21
240 482 1
196 224 58
46 167 41
68 200 75
370 477 84
107 243 69
291 433 9
188 352 99
115 143 73
30 120 64
16 28 17
210 449 71
272 490 37
89 276 99
360 465 92
178 200 2
369 420 78
31 35 15
98 171 43
359 474 100
123 245 93
165 321 34
12 67 73
138 308 43
81 485 57
334 443 27
465 492 39
34 286 9
165 272 10
233 379 57
62 495 10
61 171 95
275 410 56
330 380 54
106 487 37
305 353 29
122 286 59
118 256 66
58 116 26
7 160 75
239 461 81
338 393 5
85 196 69
253 272 37
470 479 59
374 414 25
182 416 93
333 480 25
299 381 19
24 204 46
152 480 36
81 144 90
114 182 58
41 217 75
4 209 5
191 211 73
50 52 43
434 459 15
56 214 92
453 471 45
263 327 96
70 313 22
227 260 8
227 283 65
271 431 55
71 336 69
239 277 35
131 396 28
323 451 44
138 186 70
283 286 12
77 434 76
44 420 28
66 83 32
265 457 68
361 445 22
53 127 41
5 392 58
192 267 7
124 160 43
403 499 82
41 494 100
232 369 62
35 451 94
91 376 19
435 446 58
354 439 96
213 309 97
334 377 35
131 144 100
109 423 57
197 335 19
338 349 83
0 93 44
48 236 56
293 415 55
110 411 29
113 153 73
2 167 82
41 449 52
317 401 74
272 483 49
1 341 26
22 279 86
302 404 88
248 385 74
148 299 60
133 491 59
319 326 24
83 297 71
231 306 16
319 374 45
61 186 15
139 425 45
291 457 61
75 386 53
172 369 57
248 371 5
101 306 91
476 480 54
86 272 92
279 495 56
138 442 64
202 365 92
17 460 60
454 488 50
94 448 42
81 445 38
293 364 81
49 487 52
184 314 28
25 476 84
110 449 89
170 213 27
215 322 4
328 499 81
398 467 34
238 251 90
146 318 4
307 460 58
54 394 47
6 198 20
397 413 97
31 359 48
32 244 34
105 261 66
163 341 54
245 330 96
93 352 87
146 203 82
64 281 51
232 298 81
214 328 90
57 483 30
61 390 62
120 127 72
204 393 94
8 374 31
266 400 67
143 368 29
233 405 30
131 395 30
323 326 38
154 454 92
286 493 42
56 80 43
87 141 25
61 343 18
354 444 71
8 63 12
62 284 22
14 273 52
87 240 58
106 477 98
75 340 89
14 387 35
46 377 72
8 253 77
138 342 11
31 299 81
45 126 22
172 476 18
102 320 86
194 411 40
125 357 42
134 281 69
35 195 64
143 226 87
184 326 54
101 190 24
83 366 93
63 403 82
117 370 26
200 286 8
173 393 78
168 417 17
437 479 95
382 397 61
372 498 21
17 449 87
20 401 93
179 310 90
179 233 87
40 310 20
6 182 81
94 286 78
34 162 47
70 309 82
359 446 43
11 86 74
54 241 29
126 480 100
18 436 59
58 290 71
155 413 36
217 479 61
106 152 6
105 329 16
105 223 5
84 336 32
158 431 49
387 403 27
231 276 60
161 434 25
366 462 99
42 382 44
271 396 35
115 266 56
258 473 35
54 453 23
202 248 85
229 345 59
264 498 43
30 492 85
62 124 10
39 60 40
172 224 16
262 307 1
228 396 55
137 182 87
25 363 41
340 468 41
0 2 98
421 437 12
30 488 93
285 364 17
43 191 54
151 475 15
153 231 67
305 351 82
67 330 11
212 419 36
105 408 16
34 180 76
10 459 11
139 218 79
97 414 4
319 372 73
92 376 59
186 299 12
268 315 80
123 408 69
21 324 19
232 269 32
67 335 55
243 468 56
65 339 20
180 487 17
120 206 28
134 388 76
92 216 85
191 315 85
242 389 31
274 449 63
305 326 52
76 441 1
436 488 14
60 494 13
61 212 23
123 321 35
311 327 90
64 463 14
248 446 61
348 365 12
5 84 57
65 211 1
0 467 95
177 428 53
340 470 90
395 480 26
131 438 86
271 491 90
29 263 56
335 386 78
268 375 96
87 323 92
330 396 1
49 225 25
386 442 98
193 238 13
267 352 41
421 448 35
66 233 81
27 126 47
237 461 26
51 246 82
394 438 94
207 489 51
151 197 34
115 227 97
123 454 83
125 127 59
111 475 60
215 452 43
289 298 46
253 448 28
76 358 82
365 422 93
335 360 60
246 268 40
50 344 33
141 455 77
59 323 1
41 478 94
164 346 42
29 331 29
23 180 14
252 320 35
119 472 22
168 314 94
63 68 14
296 436 52
135 363 26
282 472 90
4 121 98
210 328 21
38 116 28
117 456 64
172 195 79
126 278 37
35 199 62
77 156 51
384 419 10
238 364 82
223 470 88
309 323 86
150 269 75
42 119 47
15 362 43
60 236 34
237 393 70
105 341 31
69 199 6
10 84 58
252 366 25
263 446 50
64 388 17
355 430 18
48 58 78
270 447 17
302 304 87
424 444 38
263 392 70
323 425 98
102 152 99
141 420 24
253 361 66
232 285 38
30 107 75
217 342 82
71 232 28
154 317 4
282 328 12
37 39 71
248 253 21
140 360 44
168 408 99
32 111 26
189 382 72
93 361 31
260 300 92
126 406 97
171 461 97
138 477 81
290 338 76
368 396 9
123 176 60
332 496 5
264 475 57
94 281 22
37 309 64
10 169 20
105 253 94
24 220 9
226 367 62
113 356 52
101 341 61
294 351 12
120 147 44
165 475 59
160 171 27
307 318 64
37 167 12
279 325 51
423 461 50
111 171 23
206 453 52
349 479 40
21 92 13
227 279 46
162 283 24
305 315 14
24 273 96
127 276 56
134 266 8
429 461 73
318 453 66
85 278 100
259 308 82
44 399 41
70 183 97
154 415 22
40 335 45
182 420 13
14 473 83
446 468 20
399 443 4
6 390 6
209 346 39
439 473 83
64 171 57
171 284 61
315 461 35
227 244 8
183 466 85
38 275 52
113 179 79
16 223 33
58 305 13
132 161 80
237 465 4
191 363 16
208 385 36
229 305 97
11 495 15
144 219 11
89 447 15
77 82 87
363 412 65
313 387 58
200 351 50
323 436 17
170 292 11
110 459 80
159 323 79
335 347 50
51 100 48
198 264 76
317 374 54
151 171 81
57 366 33
91 287 3
256 472 41
44 255 63
41 75 19
53 372 60
42 90 24
129 252 72
169 321 70
262 376 19
114 393 13
244 401 99
8 340 81
12 323 75
177 183 76
243 296 78
164 305 65
159 246 23
15 297 3
85 464 76
0 17 99
355 396 44
102 165 45
106 284 46
156 202 68
194 316 94
43 205 90
300 418 96
171 454 11
157 348 44
293 428 56
208 236 11
11 68 25
261 465 91
136 331 3
263 383 22
262 358 57
214 442 30
43 79 76
295 318 96
291 319 20
105 394 53
38 324 2
319 325 93
273 475 11
71 102 16
180 207 44
410 459 2
194 474 63
353 458 1
232 316 38
219 494 90
93 382 8
194 391 36
297 362 46
338 465 39
162 458 7
229 423 100
272 293 14
357 363 63
168 242 70
37 327 24
121 272 30
50 111 66
41 367 98
271 407 31
65 199 21
161 239 44
420 486 80
24 136 39
44 307 64
107 176 50
26 433 42
389 484 18
296 350 73
322 436 63
269 440 63
195 451 79
307 357 81
248 414 51
200 391 25
382 391 64
140 492 81
246 403 92
155 230 76
52 112 28
172 384 72
273 450 7
111 177 83
235 265 82
228 344 66
216 398 81
349 476 9
84 182 82
63 360 76
261 472 52
95 286 1
233 328 23
276 281 51
71 326 48
223 366 10
163 296 27
2 214 19
19 300 1
183 227 38
453 468 1
244 338 96
56 201 15
112 469 81
265 450 16
75 317 7
141 430 62
79 433 86
57 195 49
83 288 93
208 416 29
472 487 45
224 417 9
75 100 56
21 462 62
79 215 12
123 459 87
239 242 87
205 430 84
111 409 66
312 472 24
311 495 91
274 337 68
148 358 60
9 180 57
153 199 4
251 347 11
228 425 40
241 434 19
178 309 36
92 384 28
160 435 77
188 280 59
105 169 60
150 347 49
139 270 49
206 221 37
178 209 20
164 378 52
4 158 64
40 192 30
25 121 97
65 354 78
64 486 97
297 354 83
14 288 29
132 186 26
274 394 31
306 390 50
123 411 18
207 354 20
241 303 38
30 72 66
173 286 54
60 417 32
180 262 79
212 322 29
78 120 67
321 343 5
30 49 46
59 324 73
287 343 36
112 475 19
87 387 88
165 377 32
327 454 75
375 489 69
173 398 23
394 400 24
271 275 84
340 436 49
94 238 72
72 237 27
105 287 54
103 295 8
220 287 45
277 330 85
56 241 28
114 341 57
198 258 59
73 457 38
98 193 2
412 414 31
76 480 1
197 275 75
174 345 97
208 275 28
329 393 22
173 178 30
65 298 8
107 447 96
231 481 21
191 287 79
386 420 58
100 415 35
22 421 90
209 397 34
229 442 7
405 416 84
54 188 36
23 369 51
212 320 28
159 264 17
211 460 32
57 466 64
19 426 98
8 453 74
128 298 86
108 274 88
239 313 92
194 372 45
152 351 95
33 448 70
62 91 97
91 448 73
299 420 9
138 453 8
354 446 55
84 445 92
84 143 77
15 73 88
95 309 44
63 392 14
474 491 94
149 346 57
197 437 22
30 39 8
319 332 88
247 410 52
147 472 12
280 450 2
92 212 7
305 383 19
232 495 9
285 345 15
291 293 90
420 432 50
36 217 45
128 218 40
144 194 35
52 338 82
75 121 94
4 381 32
112 454 73
55 119 88
86 499 97
34 379 65
42 68 86
311 440 52
24 264 63
148 396 7
50 365 65
82 121 16
160 305 70
412 475 87
51 103 18
169 198 32
282 434 60
281 327 3
326 407 94
78 181 24
153 154 18
66 214 31
177 432 28
161 476 4
52 304 32
79 388 33
63 452 42
292 482 55
12 234 52
23 92 39
112 393 59
293 358 23
229 380 25
57 372 97
159 182 90
16 29 93
36 229 80
291 391 42
0 336 26
349 499 87
214 482 73
47 143 23
141 263 14
288 364 49
117 262 46
179 454 81
25 81 24
34 275 56
323 458 95
154 447 54
15 443 80
222 480 7
54 196 25
290 359 29
19 201 57
208 422 92
179 376 22
289 418 63
216 351 78
357 404 19
344 420 70
143 156 9
20 485 55
115 182 69
213 477 26
135 260 10
90 468 20
35 273 45
7 297 26
332 466 1
337 451 30
32 320 24
129 173 37
76 395 36
312 372 95
7 114 46
176 396 90
173 490 2
199 256 32
9 255 8
69 418 70
113 422 37
144 183 78
94 447 81
40 119 39
325 340 72
53 150 97
298 311 28
222 444 45
24 240 28
24 430 70
406 412 43
268 460 77
165 314 51
404 453 37
149 444 61
58 167 5
327 478 53
118 402 42
112 115 87
47 63 2
7 161 50
267 473 44
60 283 5
150 492 66
84 255 33
87 147 92
105 404 87
219 301 35
160 334 36
234 264 20
84 272 22
173 394 83
74 97 34
300 465 54
35 239 17
231 280 8
64 442 88
250 309 83
374 375 14
348 377 8
28 211 3
139 327 47
88 426 27
28 374 5
20 271 24
109 211 19
59 82 4
53 345 8
289 349 95
416 494 33
308 441 94
146 359 69
148 151 3
204 437 24
249 291 56
36 368 52
175 376 97
178 399 42
215 395 12
431 448 83
23 297 99
208 399 22
55 162 55
79 386 53
6 58 58
177 194 51
315 422 73
28 138 51
379 399 80
35 342 69
108 464 14
144 165 61
161 336 5
172 240 52
102 218 76
94 359 89
106 428 38
220 460 68
161 485 26
119 250 34
108 387 49
124 374 87
320 345 68
43 391 99
88 382 58
416 468 60
136 155 12
326 357 82
161 206 61
105 342 59
124 228 21
142 190 72
208 308 49
357 490 82
31 217 14
88 346 15
1 134 32
20 141 45
51 489 85
43 175 85
302 411 22
1 141 34
80 138 1
132 141 11
286 464 4
52 388 38
278 341 34
19 161 91
54 218 68
51 493 21
237 323 20
214 253 57
33 441 84
129 392 89
18 300 15
113 344 5
270 425 94
149 240 9
13 112 88
64 213 8
422 485 90
22 334 47
355 371 34
325 459 40
318 382 76
65 313 11
199 301 27
69 295 74
102 383 13
8 192 86
417 498 93
25 487 5
7 81 83
270 375 95
54 111 16
18 496 54
17 402 85
307 444 95
73 176 56
142 410 44
184 470 79
335 436 100
41 395 33
91 227 13
72 280 95
104 134 38
95 352 36
48 252 93
239 312 90
233 495 56
219 231 26
178 478 59
82 134 73
90 450 99
12 263 79
141 413 79
95 104 53
110 351 43
17 389 47
32 96 91
246 390 77
158 494 15
383 484 17
362 384 92
340 424 19
273 479 57
37 136 3
14 78 23
135 451 44
195 433 86
124 344 29
28 398 45
269 418 37
280 370 49
184 229 11
5 36 5
43 197 54
171 406 68
230 329 51
326 433 49
365 495 59
295 361 63
86 134 91
171 318 91
3 198 15
281 314 67
120 348 15
135 439 36
266 423 17
204 372 41
133 436 89
29 154 43
294 456 28
24 367 37
266 438 51
329 436 46
8 279 6
35 286 16
63 370 38
276 301 57
43 397 54
163 219 86
119 362 87
68 333 69
1 101 82
133 331 99
333 468 84
114 318 25
235 366 100
122 245 20
153 261 55
313 443 77
87 215 22
76 135 9
179 236 28
344 460 75
17 30 7
72 345 29
239 343 85
28 190 61
45 313 24
33 436 27
301 365 27
233 383 87
157 477 40
134 242 25
31 152 47
38 323 44
210 411 36
309 397 48
55 105 79
65 384 76
123 201 80
149 285 95
236 446 27
294 422 45
436 495 19
28 324 72
26 274 15
187 447 72
181 187 75
443 478 62
21 278 55
197 293 82
47 49 14
54 181 5
89 243 28
316 479 11
209 318 37
110 398 10
243 332 72
389 404 85
437 492 64
56 285 27
5 81 44
20 260 5
220 358 52
6 100 57
62 424 11
18 180 37
78 292 81
172 482 98
20 24 91
305 342 38
140 355 71
191 406 65
203 431 21
237 245 77
182 263 22
54 498 57
157 355 77
93 121 34
157 460 63
165 309 74
165 380 50
27 133 31
237 344 96
96 384 26
184 330 35
330 435 47
111 430 67
239 329 23
143 352 25
185 291 72
141 304 75
119 160 66
230 298 50
237 470 95
231 423 96
48 292 8
256 461 37
358 421 80
137 449 48
87 152 15
123 157 20
176 449 49
27 128 72
140 248 62
55 315 98
209 390 81
84 98 49
71 256 56
6 443 52
122 474 29
270 361 34
143 382 4
200 284 25
227 243 18
64 150 51
164 380 71
340 459 94
75 127 98
124 383 73
295 448 68
105 150 97
196 310 31
100 378 13
191 289 3
232 465 93
70 200 24
200 430 27
69 192 21
172 202 29
73 286 32
377 492 7
294 423 55
21 340 51
13 322 10
11 311 64
324 439 22
20 272 37
290 433 12
84 295 42
217 408 58
14 440 33
315 390 54
147 415 71
93 476 85
146 327 69
310 346 68
291 450 49
386 469 5
176 286 69
170 303 73
209 381 53
37 322 88
186 362 73
203 367 60
123 476 36
75 301 2
164 290 17
81 469 91
6 406 38
256 379 7
214 455 38
11 481 78
196 397 88
221 480 66
387 494 29
325 357 78
226 306 17
262 294 23
69 183 69
102 489 20
52 423 86
8 492 68
213 256 86
227 268 91
243 323 11
326 419 14
288 329 8
428 461 72
232 491 76
106 481 26
234 450 97
185 345 64
100 367 78
121 423 91
192 213 32
157 391 98
147 345 26
294 441 59
66 209 87
21 477 71
56 401 85
271 274 82
143 200 60
8 290 22
72 295 100
357 479 55
7 337 87
37 388 87
89 260 70
266 288 90
101 227 88
77 178 81
16 289 4
76 387 15
258 486 26
7 271 65
21 236 82
228 428 28
359 489 28
99 202 99
76 131 58
278 424 70
98 425 79
206 414 48
48 462 34
3 90 45
197 244 9
125 412 82
216 305 100
254 392 48
403 477 36
219 390 35
78 419 29
28 228 1
287 488 19
50 268 63
415 470 13
187 357 90
103 302 98
147 224 7
265 289 87
119 194 88
153 189 36
219 320 80
132 206 2
212 456 2
108 285 40
121 317 90
42 236 3
121 123 37
265 279 93
95 241 79
193 354 55
2 11 56
253 365 28
5 153 12
157 161 41
172 198 96
154 177 99
29 147 1
187 188 75
381 408 82
7 31 40
183 486 6
80 401 37
45 188 95
203 342 3
33 310 75
284 287 36
179 321 78
102 223 51
158 379 46
218 319 61
313 314 96
384 418 72
51 236 20
274 377 83
162 427 42
232 410 55
246 377 20
125 278 96
115 151 4
284 358 66
28 313 46
82 257 62
174 415 26
17 430 99
283 369 91
215 420 96
317 480 2
479 486 75
263 267 29
282 384 12
218 382 96
41 253 90
147 450 67
23 385 68
35 146 100
142 297 99
84 331 3
56 70 93
174 225 45
236 383 92
200 353 24
55 312 56
324 351 34
127 355 60
29 226 25
318 359 43
224 336 32
414 442 68
288 453 36
174 488 37
302 399 98
436 470 99
1 78 30
327 383 84
318 432 15
61 209 26
44 290 70
371 381 49
1 87 71
388 448 31
71 307 50
186 432 16
117 264 17
101 327 14
329 461 11
48 97 71
263 470 81
58 445 46
58 301 9
381 486 17
299 348 51
32 247 32
255 339 39
316 496 67
2 253 54
35 167 38
257 292 79
314 386 90
183 425 91
66 190 87
57 239 51
23 202 69
247 365 95
367 477 55
342 447 37
87 491 70
95 267 46
217 430 38
442 490 74
288 451 18
131 175 49
342 455 43
367 376 99
149 391 1
250 404 71
31 159 74
121 266 22
283 486 65
257 367 2
138 375 100
280 360 81
149 412 12
52 260 64
197 308 40
68 421 41
215 336 19
152 339 67
168 473 23
86 217 70
82 498 38
104 191 70
392 425 29
201 488 60
240 305 21
65 133 55
111 356 67
68 295 12
128 407 64
400 460 77
99 217 93
317 332 99
131 274 13
47 114 18
59 305 18
36 172 54
22 101 3
217 380 6
119 337 47
98 382 18
268 408 2
52 470 68
44 382 1
80 91 13
40 188 54
285 454 91
229 499 21
106 394 79
33 132 23
127 184 34
155 353 12
19 417 24
226 263 41
267 448 22
202 467 18
453 473 98
107 462 22
234 285 78
8 429 63
89 399 46
136 452 96
157 254 9
33 234 3
333 371 31
26 318 79
26 69 26
2 239 67
177 242 45
120 417 96
154 307 45
38 77 33
263 409 55
163 355 49
319 495 97
361 474 35
377 487 6
21 74 31
2 472 8
38 482 60
301 499 88
58 231 22
304 348 61
367 382 58
158 362 88
10 475 25
331 333 11
135 261 12
99 159 18
44 494 89
42 290 79
13 455 91
167 423 57
68 471 50
289 314 15
245 363 27
31 154 59
142 325 60
16 293 92
110 112 70
175 183 17
383 392 77
6 408 90
271 406 41
294 370 87
128 437 24
39 178 31
96 127 11
260 302 3
113 151 100
79 344 52
239 484 87
112 408 88
103 246 83
180 282 7
206 243 67
69 495 58
168 437 10
153 175 84
279 440 51
182 403 29
60 443 68
99 339 70
259 297 41
25 109 69
336 353 47
332 449 53
55 300 39
199 371 76
326 341 33
70 240 90
390 461 81
11 463 20
127 299 81
387 426 21
60 410 47
105 283 59
240 434 45
85 268 93
121 132 64
17 487 46
207 263 99
43 223 7
102 286 83
225 231 60
168 237 14
133 347 32
47 130 91
44 225 82
305 354 85
187 380 29
84 313 17
196 444 100
259 267 38
255 492 68
426 475 99
43 390 80
127 336 58
90 269 26
2 12 97
276 479 2
281 458 15
126 404 64
365 480 11
68 242 48
205 219 56
92 470 24
159 305 68
48 107 29
30 498 68
181 353 5
56 413 27
150 386 67
28 119 29
255 448 3
237 347 41
362 436 74
74 374 80
324 456 40
41 263 56
342 407 80
129 136 85
171 478 32
246 305 26
412 457 8
125 305 95
163 265 57
236 382 57
181 433 39
154 271 58
103 341 21
96 355 17
137 389 93
272 460 19
246 274 33
61 78 31
217 249 38
34 331 31
154 165 18
236 246 48
332 378 94
304 398 24
399 447 96
98 448 67
217 311 95
149 400 2
428 465 87
134 461 94
194 404 13
42 112 70
5 379 24
352 484 77
172 254 88
201 344 16
12 142 38
27 208 15
72 231 51
8 403 96
419 420 99
14 292 30
152 459 82
33 402 50
180 328 91
288 381 56
111 135 64
268 420 71
81 369 3
197 409 72
338 370 96
127 359 40
260 482 98
427 459 4
193 263 64
374 380 75
55 210 61
249 368 31
95 464 47
279 316 64
256 370 83
213 225 55
47 48 65
450 498 7
1 259 61
92 199 89
179 413 47
6 121 55
205 334 4
73 484 54
60 440 13
191 194 89
216 219 61
5 472 72
114 340 70
0 107 82
2 417 65
171 215 10
7 93 32
33 243 15
174 304 59
236 291 80
6 428 38
196 460 84
31 126 66
166 456 77
249 321 7
75 427 22
287 363 2
84 428 43
227 318 11
302 326 4
31 45 26
120 412 16
176 316 98
89 140 60
448 462 71
50 118 37
223 273 46
269 489 87
118 232 43
91 372 15
108 491 14
139 287 96
388 411 63
101 390 56
50 187 50
214 240 36
92 398 29
160 374 13
19 60 89
227 457 66
106 449 74
300 361 48
349 480 61
20 150 18
91 409 38
180 465 60
352 432 13
150 462 91
111 381 59
50 498 31
226 230 15
130 229 50
28 288 47
21 334 53
269 436 71
71 431 62
61 340 7
449 468 33
376 486 44
76 313 77
79 413 74
41 184 78
16 211 70
246 294 99
89 161 56
102 278 32
227 432 4
98 481 100
410 493 12
272 295 90
320 425 95
31 421 89
41 86 23
126 394 100
62 326 66
62 157 7
379 445 23
166 219 89
57 227 3
87 220 13
317 460 63
109 191 2
107 265 93
66 269 25
191 366 57
126 310 25
447 460 35
383 413 50
91 150 28
12 433 72
36 461 79
424 446 65
37 115 61
266 282 29
7 186 91
80 250 11
127 474 50
127 401 93
172 221 37
222 348 8
66 317 50
58 342 33
149 154 13
260 378 77
114 257 69
89 397 52
250 367 64
184 494 34
91 281 84
95 215 22
128 353 49
145 438 61
12 233 29
72 319 80
228 471 98
326 346 93
128 396 85
356 429 66
159 463 22
119 187 52
110 474 47
142 418 56
99 415 36
117 118 50
4 136 46
108 392 96
141 176 78
293 383 48
67 255 30
269 492 100
35 378 27
67 376 28
454 494 65
57 284 72
21 453 75
19 197 80
4 152 2
327 416 58
44 304 28
60 264 98
176 424 23
71 81 47
217 433 8
174 320 51
20 63 28
39 135 53
58 220 30
368 482 39
200 266 49
108 345 69
116 373 66
236 386 24
226 487 84
73 89 22
69 121 42
194 444 96
71 453 58
205 489 18
90 154 10
217 377 32
37 116 48
198 329 28
51 184 96
152 303 41
141 207 39
422 461 11
287 364 17
30 126 63
296 389 51
267 483 53
446 484 60
318 372 88
94 346 33
120 233 45
17 221 50
159 450 43
116 238 20
303 316 6
176 341 42
326 395 38
237 248 39
226 402 58
41 192 59
20 279 21
10 176 100
52 267 72
350 392 29
107 220 45
361 404 2
112 140 87
409 497 79
18 224 61
238 475 44
201 377 86
3 100 74
163 455 64
449 480 50
297 326 16
90 354 43
176 183 77
417 496 95
348 361 97
45 314 84
295 468 29
34 391 90
140 273 37
256 422 22
16 454 43
181 337 42
39 473 45
27 432 95
56 326 17
338 412 5
35 365 51
94 147 99
305 321 97
85 437 56
316 397 75
118 354 8
58 77 60
408 431 71
247 452 88
114 441 88
110 145 93
75 474 61
6 481 40
91 487 50
314 440 52
87 136 86
142 391 3
48 161 43
320 388 48
154 273 91
254 266 38
210 211 30
12 99 59
283 451 32
4 257 55
10 75 69
165 455 26
152 449 88
169 348 79
225 493 22
164 367 71
39 124 93
38 305 57
302 466 46
392 416 80
38 255 50
27 153 67
101 246 94
29 47 32
236 299 59
75 110 86
147 462 33
35 366 93
137 496 46
402 496 16
260 438 84
28 446 34
50 184 72
278 454 34
152 306 83
43 67 82
177 292 94
147 280 8
44 226 33
226 441 70
143 391 3
214 296 76
104 376 76
272 382 46
260 469 82
34 119 80
301 322 6
101 238 2
446 472 80
308 313 65
56 407 22
291 390 58
108 311 28
1 192 70
91 99 44
333 334 50
115 331 70
91 341 14
59 405 8
11 320 4
87 418 43
13 288 35
278 323 67
486 493 59
46 271 46
295 496 69
43 257 26
47 450 13
129 445 26
100 208 45
343 388 1
186 475 14
270 481 16
198 484 87
486 491 86
241 288 9
390 450 64
82 487 11
4 492 84
34 434 74
191 471 84
322 349 73
157 439 55
81 320 68
161 439 94
318 399 67
38 194 58
16 422 18
81 491 8
441 447 40
18 188 36
40 169 85
298 443 31
154 199 77
140 210 65
26 166 64
50 383 86
97 347 22
69 164 3
147 319 2
350 407 16
214 475 20
346 350 49
199 319 55
72 212 10
130 319 97
182 451 46
131 442 35
115 265 66
63 291 24
179 493 90
55 295 31
146 333 41
166 287 44
121 397 64
109 453 50
352 479 50
315 426 25
95 124 82
260 304 93
292 340 40
62 291 80
411 479 80
223 472 69
0 260 47
99 215 33
6 422 35
215 355 46
252 375 76
433 465 5
170 349 50
329 404 60
381 489 84
261 427 68
198 296 75
284 381 14
111 148 91
133 300 33
90 405 99
24 51 85
86 479 69
75 287 92
182 260 45
23 357 87
140 321 14
160 412 21
300 480 6
62 162 29
11 282 7
6 264 28
200 317 60
142 354 66
99 222 37
28 63 97
177 310 26
221 363 75
92 183 52
267 457 23
234 329 4
32 468 15
417 477 38
283 420 36
117 211 27
155 419 82
160 252 100
135 343 59
220 478 12
355 483 28
68 187 3
480 487 58
278 363 12
255 378 36
0 143 67
29 144 90
38 208 53
169 196 63
308 320 87
274 323 72
221 338 15
80 165 13
166 443 63
221 263 81
423 453 26
197 217 1
139 243 43
46 143 61
271 292 51
196 257 90
10 81 41
359 386 39
311 403 7
48 129 93
342 419 59
25 402 48
163 302 97
71 345 73
298 300 63
89 403 6
109 377 74
140 338 31
47 202 27
120 245 74
109 497 61
81 164 33
125 241 87
186 298 64
101 329 65
388 396 45
29 292 46
57 293 59
96 231 22
180 286 92
132 241 85
76 85 31
72 107 63
50 497 64
186 223 90
71 91 24
138 270 81
443 490 67
190 330 70
113 279 90
183 479 82
9 314 62
180 281 67
164 491 57
364 395 27
140 239 79
116 463 41
242 440 9
340 419 22
204 349 38
84 373 31
212 228 44
149 446 53
100 412 51
90 202 36
237 238 9
244 497 71
381 468 24
104 220 61
142 397 66
35 363 35
295 356 27
51 287 100
180 216 93
136 353 80
81 315 54
110 264 16
162 491 9
100 393 61
163 387 27
128 345 42
41 158 89
64 334 63
100 431 10
212 455 36
7 340 33
108 475 96
171 447 12
59 86 4
42 174 11
207 499 48
217 328 81
72 493 10
78 137 96
318 347 61
298 485 86
372 472 28
185 455 42
409 475 66
421 442 24
80 288 44
254 367 79
108 478 41
101 125 87
423 481 62
347 384 51
163 207 10
18 378 32
292 426 19
1 276 27
78 317 52
17 313 15
47 211 15
138 219 22
197 305 1
135 423 14
100 102 71
130 434 25
39 155 88
286 470 24
320 499 40
352 377 68
266 495 12
200 327 56
79 403 39
93 122 25
384 449 13
146 351 42
325 355 33
63 435 73
179 218 41
74 158 37
144 231 88
66 149 84
13 23 83
221 279 40
26 390 56
402 490 73
303 324 51
58 242 46
56 290 9
3 477 23
66 201 25
147 440 96
235 407 4
8 481 72
33 82 21
13 462 97
228 404 47
173 305 2
147 473 16
16 78 56
233 243 12
295 414 97
451 487 32
205 397 16
93 451 60
197 364 85
20 439 61
101 202 72
59 376 26
230 322 34
227 494 49
126 252 62
143 155 52
376 377 44
380 477 29
73 393 64
33 139 78
355 450 20
91 304 1
379 433 84
193 449 37
333 405 64
275 372 48
51 92 8
128 304 30
182 389 32
180 376 14
78 320 46
192 341 11
329 465 76
239 428 24
26 399 94
141 201 1
49 337 71
383 460 64
217 423 98
127 332 4
247 424 58
317 360 37
103 176 12
109 491 84
67 321 30
146 431 37
133 435 42
188 288 16
412 458 53
174 324 78
105 254 34
37 331 30
91 462 51
101 353 99
1 174 70
36 318 22
348 424 50
263 266 51
296 410 2
43 375 2
94 159 68
100 171 32
46 334 84
360 486 55
408 476 79
52 78 30
75 177 32
282 352 91
435 464 77
366 382 15
138 341 42
54 438 86
332 438 22
295 301 99
380 422 41
280 342 49
269 365 21
236 328 48
271 306 24
338 434 53
100 215 56
137 298 17
56 268 98
310 485 82
257 357 1
148 191 78
92 396 5
16 369 34
51 221 85
121 479 56
47 81 65
384 421 73
117 459 65
60 303 98
28 241 59
6 243 58
191 231 71
346 390 89
85 89 27
101 210 42
408 481 26
212 333 85
59 83 3
332 408 43
134 172 63
160 384 99
249 307 54
394 447 74
47 480 6
48 186 6
488 499 41
53 295 34
53 434 5
84 166 56
31 42 21
248 335 72
115 223 82
112 185 31
430 488 43
217 390 47
193 233 27
223 447 75
137 160 67
80 381 55
312 447 72
247 297 86
100 341 29
39 376 66
87 427 43
45 185 26
131 186 57
31 365 63
121 262 30
165 223 53
47 217 45
165 277 41
135 183 40
295 315 6
241 461 29
233 341 81
6 87 4
56 335 28
407 459 32
82 319 73
265 428 30
125 253 73
410 466 79
220 348 100
177 246 30
171 212 58
287 453 58
366 493 96
75 286 5
24 423 16
11 231 69
210 389 67
34 50 35
391 494 16
22 131 27
208 337 33
94 476 21
59 249 19
217 285 84
164 461 71
446 465 63
83 128 19
105 360 41
248 318 41
61 389 35
275 426 70
300 424 94
13 183 65
9 378 33
321 438 78
128 371 41
50 430 2
68 120 4
262 328 29
208 345 62
0 212 6
187 254 49
171 242 22
118 190 38
2 396 47
37 156 7
211 218 82
320 458 7
145 242 27
291 378 18
74 332 7
119 382 2
129 336 84
53 75 94
48 490 96
67 385 17
102 354 71
295 420 25
17 404 47
51 351 13
340 430 32
205 293 35
234 433 83
68 230 19
377 483 98
211 235 66
9 108 85
65 159 49
112 169 7
230 401 96
53 201 80
121 413 25
248 424 43
183 306 87
45 223 73
44 442 91
254 454 85
197 429 49
349 436 69
268 325 68
63 340 28
316 363 82
221 330 85
23 56 74
41 152 41
18 191 62
119 438 48
367 386 44
256 380 27
205 264 80
141 394 4
131 419 28
77 242 67
469 497 71
229 451 45
83 132 89
71 434 79
239 251 55
176 388 34
50 285 100
141 293 38
395 432 76
209 354 48
369 393 42
47 449 36
362 495 33
181 487 54
315 361 47
180 258 64
118 268 42
316 321 65
13 400 27
158 437 19
93 115 78
192 369 75
232 478 84
15 76 30
347 455 50
118 220 39
226 312 93
158 373 71
393 437 61
75 441 93
118 132 73
400 433 49
35 132 88
223 267 95
369 392 74
438 449 23
253 314 15
166 167 61
272 362 2
278 356 28
130 484 44
55 323 81
161 425 96
107 470 68
321 421 89
34 84 34
101 394 73
37 377 12
283 325 99
126 336 16
19 435 29
13 325 33
10 273 11
152 298 83
168 323 22
194 262 76
191 499 26
74 470 99
257 275 93
325 482 35
265 328 82
117 178 78
67 412 89
56 154 58
256 367 18
123 197 42
98 377 28
238 468 98
248 283 86
139 471 91
265 367 42
229 406 86
253 424 97
141 197 28
10 16 90
213 388 39
34 259 77
42 450 84
104 409 99
84 338 7
205 237 35
203 461 38
387 470 8
229 301 52
107 142 7
294 438 13
430 445 73
254 331 19
274 419 95
52 80 31
62 313 31
215 433 39
12 305 65
84 340 29
193 452 7
129 473 45
219 402 96
63 108 56
239 466 65
12 461 54
448 469 3
38 43 80
297 466 19
389 425 73
274 485 88
338 495 18
236 451 43
183 307 16
0 434 39
153 174 70
52 156 85
105 205 50
53 314 68
28 201 83
246 453 95
286 420 9
108 297 33
215 230 63
155 180 77
210 458 40
106 299 32
19 482 43
7 373 27
77 395 73
229 284 31
290 441 77
214 408 11
300 330 77
47 384 6
113 201 77
15 458 91
14 462 30
240 432 88
40 269 82
83 495 25
105 308 91
384 386 39
153 492 94
157 160 51
7 131 33
15 304 14
227 451 13
283 305 7
52 340 45
35 154 47
380 458 38
54 460 72
210 430 2
263 355 71
260 325 62
160 273 84
24 192 10
245 391 69
440 475 60
68 414 26
44 247 51
192 407 90
23 292 56
78 428 59
351 362 47
223 432 81
128 422 51
132 273 37
180 365 98
64 361 13
473 477 62
138 316 100
181 381 30
75 213 46
94 414 60
87 359 12
284 437 6
92 104 29
142 209 64
73 106 38
256 393 82
81 114 64
96 398 32
30 121 7
62 266 32
174 260 32
41 46 26
22 65 8
0 360 84
22 378 25
28 36 99
215 275 79
301 460 8
259 294 7
34 223 60
270 438 63
148 230 81
422 482 71
228 251 25
118 409 87
64 104 29
211 430 79
186 355 69
86 156 59
230 317 96
300 467 43
289 425 79
40 238 50
260 430 22
261 477 33
10 149 73
210 264 14
375 442 90
224 487 69
224 314 55
84 391 38
3 382 41
99 250 47
338 352 21
265 496 25
130 149 1
214 255 69
47 285 20
16 59 14
235 262 13
424 445 35
82 292 86
71 83 30
264 372 85
270 338 4
117 144 43
403 439 43
91 387 42
54 470 34
391 486 64
337 407 23
409 488 21
274 388 36
70 465 35
186 191 2
480 496 46
97 387 2
15 83 45
182 196 79
142 475 3
71 210 90
260 289 22
299 457 49
80 297 25
408 410 6
292 406 23
165 391 54
225 261 96
74 296 51
260 450 83
441 475 78
477 488 8
157 497 67
8 330 2
37 43 28
90 463 3
68 287 4
213 259 22
8 35 99
216 268 2
275 401 87
4 366 77
469 476 56
361 472 10
67 476 70
339 351 93
217 484 12
93 161 72
210 227 95
20 343 67
369 380 13
134 463 53
109 232 82
48 85 29
248 291 4
216 256 69
0 246 9
104 310 80
238 493 2
272 321 49
131 159 27
214 297 73
115 225 37
177 284 100
373 401 23
46 473 54
30 290 24
143 154 11
61 163 32
85 499 71
463 478 69
280 401 81
54 292 27
388 442 74
218 464 69
199 330 52
264 441 88
258 260 3
306 430 3
360 462 54
327 386 71
326 371 63
184 334 12
89 130 33
19 250 98
93 302 6
170 232 19
268 410 61
240 292 52
20 78 51
355 410 41
71 424 32
212 407 25
120 414 11
2 334 79
131 401 100
213 381 1
117 235 26
138 315 50
260 454 16
318 334 47
222 420 59
216 237 65
373 482 30
342 417 72
202 466 22
106 378 44
80 263 76
33 331 1
0 258 91
31 341 8
34 92 8
14 161 92
180 196 77
116 255 39
204 361 80
110 380 62
118 415 98
409 477 63
322 329 43
46 340 73
91 319 84
98 350 31
68 459 27
237 399 100
100 413 6
158 246 49
141 401 71
279 431 9
58 298 16
363 408 83
284 420 8
69 185 37
285 389 75
276 375 87
15 394 69
49 150 21
113 411 82
80 382 25
492 496 52
240 495 94
2 418 68
185 425 65
189 433 53
69 247 9
208 403 85
309 380 92
114 460 21
160 239 7
37 173 69
120 259 99
276 448 43
25 77 11
201 296 47
414 474 10
70 151 90
413 493 76
173 496 52
328 355 12
11 395 9
140 175 79
144 462 82
130 471 64
178 180 30
174 240 58
332 403 34
27 284 40
81 226 74
444 491 22
322 463 40
203 209 69
73 157 6
67 280 5
66 389 86
123 187 23
11 351 41
128 339 62
232 299 21
191 437 84
252 474 96
163 270 19
132 345 61
96 132 35
250 481 69
364 448 22
74 353 100
142 394 90
427 439 57
248 379 36
387 467 95
157 449 62
280 350 72
18 365 98
26 428 16
221 423 87
173 435 83
92 111 97
26 423 64
50 464 26
176 436 42
90 347 71
97 293 29
312 382 55
16 92 10
6 213 31
100 253 12
262 416 17
168 300 10
73 226 59
200 285 63
217 461 54
220 336 86
203 462 97
200 310 65
227 377 80
360 458 80
157 240 61
50 95 43
54 454 74
174 235 33
13 339 81
0 193 38
159 316 17
16 290 5
20 394 78
35 185 99
232 451 52
418 429 7
231 330 88
338 478 66
252 409 2
140 472 51
30 465 7
32 90 89
62 64 62
99 410 80
181 236 69
192 406 5
300 380 4
173 312 36
270 284 45
39 81 68
98 342 80
185 266 35
407 453 47
99 116 60
90 391 95
189 443 19
109 478 80
48 140 15
57 104 22
301 366 64
375 432 48
115 232 95
32 467 67
289 474 56
113 306 47
268 269 28
53 276 11
175 200 34
388 436 77
111 355 92
38 301 63
61 431 99
20 180 42
313 428 42
83 444 17
33 113 95
307 352 4
472 482 75
255 375 29
4 315 41
253 257 74
163 483 15
215 429 85
351 435 49
164 199 87
149 489 3
11 172 44
62 386 40
221 445 76
230 280 71
206 373 66
81 334 62
363 367 51
16 307 21
34 303 95
157 433 37
364 373 10
225 442 9
72 282 16
59 283 37
9 327 12
133 272 81
335 438 94
284 497 10
30 261 23
251 454 76
231 450 54
338 367 21
151 316 87
19 406 50
25 280 63
62 273 76
50 370 28
399 442 83
54 433 47
52 151 48
388 478 89
232 417 20
246 269 98
135 241 27
1 327 20
330 358 55
70 338 24
286 424 65
107 382 1
33 276 70
183 352 9
129 265 64
80 166 59
85 241 51
344 495 64
431 482 72
99 419 38
334 398 51
157 251 75
242 432 4
53 164 8
22 412 7
390 494 3
100 213 27
245 299 82
99 151 26
384 420 82
267 361 96
305 396 29
110 117 39
187 239 9
18 498 75
133 289 92
261 407 44
166 276 53
183 194 19
331 385 25
98 208 29
370 483 38
27 162 74
124 212 8
40 72 22
379 457 15
149 472 89
161 366 59
134 344 89
88 97 45
398 443 30
259 284 66
24 459 78
188 301 70
1 69 36
113 435 81
75 228 63
112 296 88
254 359 36
445 489 90
86 139 21
393 489 78
227 413 93
302 339 39
157 346 53
198 380 19
136 435 26
184 324 55
5 139 2
59 317 23
17 199 49
265 351 76
130 411 10
184 448 66
87 234 15
301 480 9
152 261 74
190 281 60
242 495 18
233 397 95
14 249 70
418 484 26
420 492 36
291 318 62
414 455 3
251 427 49
219 249 30
154 369 37
319 487 52
8 217 24
183 234 65
66 481 12
53 166 4
193 417 64
187 381 13
369 422 93
125 387 100
81 329 27
26 125 23
303 375 69
203 434 42
195 454 97
364 408 95
74 209 72
41 84 95
69 416 16
103 269 28
193 268 40
153 208 80
287 349 93
115 158 61
155 321 49
176 357 15
250 258 2
138 279 40
165 177 64
47 365 26
71 238 91
272 491 39
377 480 28
1 398 77
184 249 54
287 447 5
46 154 42
237 337 64
63 199 45
1 348 26
89 234 80
10 196 12
70 148 86
3 48 20
3 265 98
9 428 98
114 490 78
186 259 19
32 230 62
258 360 59
214 254 63
86 380 51
7 179 11
298 339 53
31 473 4
167 400 74
64 480 75
41 77 73
196 278 61
142 496 22
76 413 90
213 467 80
298 491 65
67 233 62
55 388 82
209 342 72
101 310 74
37 330 49
58 189 31
151 248 32
246 370 92
385 394 99
362 482 8
41 480 90
141 219 43
161 323 50
59 70 26
55 490 86
266 388 51
16 182 53
133 243 16
264 271 29
102 474 82
362 380 48
19 490 56
153 428 50
288 344 96
251 432 97
257 473 46
22 285 41
86 212 55
134 323 61
6 404 80
138 348 73
188 293 83
391 498 37
319 363 64
322 332 43
350 398 10
116 420 79
162 185 63
171 369 97
12 414 74
382 441 49
220 444 65
385 454 19
101 396 7
66 76 95
167 428 10
3 188 52
179 193 100
359 490 76
14 48 61
85 185 91
117 380 59
59 234 11
115 346 87
81 221 58
154 227 80
56 474 47
130 447 50
69 374 36
177 315 60
147 307 38
12 298 99
197 378 17
174 178 13
78 458 92
328 486 61
14 100 71
227 275 66
158 230 40
55 348 70
49 216 95
74 420 89
85 440 69
361 375 21
93 492 62
134 180 69
17 317 73
372 419 92
65 185 79
82 460 89
111 361 81
450 499 20
277 297 82
305 361 15
208 375 24
20 248 56
51 330 34
126 190 18
20 407 30
37 126 17
225 402 58
26 271 55
21 332 22
397 423 57
110 233 8
79 110 41
237 263 3
30 340 94
74 192 49
341 432 6
105 445 6
142 417 44
204 320 45
81 474 65
45 423 44
61 407 19
379 427 93
131 497 24
290 311 2
409 481 91
106 185 53
159 216 66
45 425 87
10 129 92
92 328 64
118 216 98
193 324 10
209 333 94
47 315 51
5 292 75
349 400 17
28 177 84
414 479 76
125 262 11
50 304 83
242 281 65
119 434 99
267 418 64
262 349 53
16 470 90
178 285 10
44 208 31
123 469 15
416 464 19
230 462 99
195 421 52
197 281 77
245 372 55
0 220 78
326 456 94
13 115 49
36 151 24
70 290 55
104 289 94
354 461 66
182 381 82
107 284 71
122 313 55
179 190 5
141 478 69
105 275 57
393 459 42
10 492 15
47 122 90
302 478 95
69 415 18
24 421 69
251 290 88
255 297 11
144 241 97
146 450 97
49 207 93
218 384 6
319 412 63
337 440 93
271 433 8
137 407 57
177 197 42
98 294 15
158 382 16
1 312 9
113 339 95
226 262 6
135 371 96
196 441 18
215 278 81
99 266 36
199 375 68
101 236 2
149 420 9
77 472 22
164 474 90
354 429 33
187 409 94
45 53 97
46 417 96
164 489 53
31 309 51
336 451 48
49 116 59
260 487 45
81 309 100
135 181 27
271 384 4
47 300 2
295 442 75
351 372 17
321 474 39
185 452 16
23 444 84
142 322 86
82 193 57
396 402 47
103 360 74
395 436 64
335 475 25
359 426 74
174 318 88
303 360 28
462 469 71
112 378 16
31 338 59
139 443 68
103 158 52
3 488 10
213 452 40
62 73 51
53 477 73
41 99 59
78 194 67
22 286 10
114 463 7
266 466 51
97 437 27
160 207 25
100 295 89
202 319 57
288 317 29
14 166 100
31 57 23
370 434 75
307 315 1
421 474 37
365 444 44
105 301 22
1 237 52
13 134 89
3 6 95
376 445 77
131 303 32
37 431 96
71 301 20
247 480 2
147 295 10
7 121 100
21 315 58
400 470 59
89 149 39
236 388 67
134 203 61
375 383 7
369 370 62
286 396 51
188 243 62
5 91 83
43 237 27
249 388 24
288 358 95
49 121 59
117 473 44
17 287 51
367 424 62
259 474 42
147 420 14
320 339 8
175 493 99
245 318 47
127 153 14
19 455 88
53 347 10
178 229 99
35 169 25
152 467 84
387 449 46
178 441 82
56 245 66
96 317 72
449 499 74
179 333 51
120 322 30
476 483 99
93 261 22
163 464 22
30 127 3
160 191 92
73 425 15
30 466 10
95 433 74
319 443 16
232 328 61
25 133 28
357 418 86
7 464 82
33 51 52
76 400 77
63 223 89
56 275 41
137 486 24
310 340 30
43 495 17
271 336 87
175 420 49
125 316 95
341 403 66
149 442 5
3 306 39
95 359 69
234 426 24
138 162 11
41 261 90
37 219 81
192 447 53
349 415 81
218 421 23
238 266 5
193 281 87
173 475 17
303 364 82
451 474 63
99 385 19
186 343 27
2 67 8
22 146 87
73 427 50
65 386 35
18 236 89
102 310 21
261 458 73
177 485 26
76 157 55
69 276 9
181 324 20
83 175 4
115 439 81
17 165 63
92 137 12
35 117 78
277 372 92
53 448 69
10 80 38
223 459 96
447 463 81
29 285 44
95 106 36
154 294 83
328 414 40
1 486 42
55 461 4
76 223 37
174 239 8
100 238 65
291 310 55
143 427 12
141 315 78
225 326 6
451 456 88
65 78 61
171 287 25
47 103 6
57 186 15
254 319 97
192 376 29
396 449 29
346 399 56
307 495 7
87 261 70
257 427 53
293 347 87
217 434 54
98 398 1
76 415 18
60 141 91
176 276 90
310 344 91
158 395 49
264 420 47
173 412 3
80 99 18
116 152 5
451 475 72
86 476 23
282 297 29
438 465 41
53 118 76
123 423 15
92 484 73
52 270 12
153 338 60
64 226 3
137 490 60
183 459 49
183 427 85
60 476 98
9 246 12
66 123 38
13 201 27
18 54 55
463 472 51
191 267 18
140 402 4
33 170 72
212 383 59
346 487 7
141 253 59
52 458 74
32 138 5
16 482 77
13 304 83
125 245 12
401 441 30
47 264 36
80 378 26
279 312 97
273 310 21
346 414 23
75 471 77
14 309 35
350 387 82
67 359 72
244 406 54
392 395 14
261 337 23
107 342 39
214 448 2
345 389 45
110 450 10
64 340 71
60 113 27
335 384 21
192 209 90
82 253 22
81 392 7
75 299 67
43 358 33
33 76 84
185 391 84
37 208 73
77 378 24
204 214 27
48 194 32
177 184 66
127 268 89
80 123 73
410 419 21
134 382 40
423 443 67
280 486 49
235 418 67
207 413 64
286 473 26
53 453 26
13 391 46
163 498 2
195 246 11
376 391 93
151 379 27
142 425 12
72 443 1
167 377 56
2 73 55
51 54 47
205 282 44
95 181 58
196 485 57
222 384 64
438 459 63
205 234 96
217 413 27
300 498 1
175 307 81
11 460 33
4 220 98
121 403 41
154 207 96
131 292 71
193 240 87
156 431 25
50 160 68
144 260 77
128 312 46
42 358 37
172 291 71
417 481 41
2 351 46
206 267 25
123 266 64
88 272 88
57 358 48
24 349 12
9 286 10
136 349 35
235 317 64
306 317 68
250 458 67
397 482 42
108 133 66
135 333 37
97 419 70
46 248 22
35 163 92
46 172 75
481 489 94
227 258 51
195 378 91
81 266 87
292 437 20
280 429 30
136 244 36
110 316 47
67 437 23
17 119 19
303 366 77
358 419 62
378 419 16
332 397 50
175 426 98
55 232 46
207 370 32
272 487 13
32 182 41
139 343 58
161 172 90
263 454 99
383 499 26
318 470 83
203 333 61
88 248 57
170 192 89
121 225 75
339 445 97
363 498 66
32 71 9
298 421 80
394 474 8
68 377 82
165 273 40
297 301 73
62 72 10
234 449 92
140 238 33
179 264 19
395 424 97
59 374 5
309 469 39
174 469 66
138 189 67
46 263 56
411 490 76
448 451 26
250 451 79
265 273 6
391 448 96
278 470 74
171 407 40
78 303 2
1 404 5
431 459 35
208 455 99
416 459 57
112 447 84
419 462 80
193 310 10
151 419 79
89 111 28
476 481 36
374 406 91
181 371 97
244 444 77
255 316 44
125 337 95
237 257 88
163 258 28
307 451 40
294 443 22
168 210 67
181 330 3
239 314 12
92 123 59
75 390 66
17 182 93
135 225 90
155 359 77
125 487 38
47 98 50
46 343 10
116 369 46
140 187 10
218 320 29
96 316 94
362 428 40
314 326 35
228 459 1
241 295 84
197 444 94
202 436 77
233 299 22
276 397 23
237 459 42
160 169 84
152 410 94
198 388 64
72 213 53
214 218 41
201 425 49
214 379 36
71 293 12
69 130 37
95 499 25
17 164 94
345 453 27
192 252 5
325 345 47
131 269 67
274 344 91
124 463 27
11 182 11
104 459 85
95 329 22
143 254 63
64 410 22
90 457 57
236 449 93
51 420 2
273 318 11
55 445 16
122 232 11
56 404 64
185 280 18
446 499 88
316 373 90
414 458 5
55 196 92
13 89 75
247 309 77
43 344 69
113 382 69
299 368 36
291 443 87
375 390 43
366 368 27
37 220 61
25 354 20
159 331 3
378 406 87
17 320 79
126 134 81
80 416 66
202 396 77
78 243 73
227 373 62
174 367 66
360 383 48
254 352 78
187 229 1
125 371 31
317 322 57
80 394 59
268 271 97
355 365 24
38 107 49
21 336 8
200 250 1
114 271 100
16 254 43
338 394 73
391 404 68
262 425 24
198 345 75
40 450 9
426 443 99
112 305 5
67 179 79
82 450 40
319 486 3
190 296 18
327 369 42
76 452 39
38 423 25
424 464 77
12 464 49
27 436 15
249 420 96
472 484 22
369 382 16
84 100 33
146 258 36
139 214 35
394 421 87
5 42 84
28 48 29
79 264 80
225 265 72
174 366 34
373 464 34
8 111 6
100 227 45
61 206 97
58 489 60
91 290 70
235 432 53
142 320 60
47 398 18
460 469 9
120 214 23
147 485 95
110 297 70
178 363 30
175 184 74
149 367 84
406 491 3
193 481 25
65 489 22
79 370 25
113 346 72
45 420 38
296 325 77
88 134 36
306 335 59
52 258 96
367 480 60
250 344 78
36 362 65
17 425 47
35 63 87
176 385 85
177 256 14
280 494 32
50 103 77
70 471 69
45 478 70
182 297 92
86 141 60
431 454 31
39 261 6
183 259 34
196 329 39
323 468 89
36 94 62
178 361 4
36 205 53
283 383 5
9 234 93
194 459 44
117 274 9
79 452 84
372 385 53
11 448 87
29 115 47
203 340 61
190 194 12
113 497 94
130 441 26
185 491 15
2 35 61
57 301 20
40 488 6
205 342 30
127 218 77
108 272 97
122 442 7
33 158 70
65 138 11
31 264 28
226 390 89
175 446 36
190 486 27
40 408 25
8 95 69
229 399 56
101 225 31
129 233 8
366 422 81
128 349 26
24 298 13
353 378 56
366 483 39
461 463 27
179 419 61
46 465 42
185 265 33
389 463 68
278 306 35
70 119 49
125 257 21
279 449 52
202 258 33
145 409 24
403 464 39
22 476 74
83 295 43
196 370 36
149 268 69
156 233 35
77 338 63
118 499 76
141 488 5
22 338 88
263 322 79
149 284 59
75 251 20
130 464 25
80 247 82
126 362 11
399 479 32
215 370 1
196 393 70
262 490 41
20 481 43
216 286 47
139 480 90
77 459 23
46 277 97
212 296 84
135 286 23
172 191 87
41 495 58
323 490 34
48 216 25
123 461 12
231 308 70
231 411 8
301 459 80
6 44 16
161 170 3
320 453 11
72 342 18
425 428 74
450 477 79
10 392 75
265 481 80
71 364 75
203 417 33
34 60 26
291 469 64
85 263 86
161 183 53
226 374 32
361 464 60
187 363 68
186 378 46
154 392 77
46 268 15
119 217 37
328 365 68
127 195 66
177 189 14
63 217 53
147 179 25
242 247 11
288 307 21
309 345 90
56 229 23
136 252 89
199 324 56
8 331 69
478 498 74
163 254 57
125 454 70
354 413 26
82 177 72
111 132 41
470 478 23
71 457 48
62 454 60
425 465 48
176 231 100
336 344 48
55 467 7
57 76 84
473 485 14
203 280 44
313 376 44
191 419 27
25 41 67
5 492 15
355 466 73
245 381 76
121 354 63
209 235 43
153 169 48
201 452 70
133 385 67
37 411 64
79 251 92
33 440 68
17 319 68
131 325 24
124 392 71
9 470 12
65 100 50
112 438 9
22 180 48
351 498 59
347 392 61
175 292 73
66 101 76
99 275 48
38 393 8
336 445 12
9 463 41
1 449 79
191 392 57
298 482 33
3 428 65
263 296 72
172 175 96
81 228 59
29 311 39
157 301 17
315 318 62
33 496 23
46 459 97
27 370 70
296 365 16
213 393 59
175 481 20
148 216 59
208 450 37
35 142 12
177 181 3
215 399 71
223 293 41
311 351 58
11 150 32
266 395 16
234 356 55
113 420 79
112 412 75
178 246 6
55 68 55
211 448 4
241 317 65
228 276 55
197 369 94
129 378 27
7 352 34
483 488 42
205 394 87
138 307 73
169 431 27
124 300 5
321 402 72
34 362 38
255 302 8
462 477 76
275 457 39
136 370 65
353 427 59
341 483 77
0 213 23
105 458 22
281 416 90
100 266 17
73 333 40
271 443 90
153 392 46
396 499 56
171 176 11
59 66 100
149 172 34
468 486 79
340 475 67
110 468 89
45 498 37
53 293 21
163 437 43
290 301 18
116 132 10
246 436 35
25 282 5
89 419 90
49 338 13
261 368 51
413 417 96
364 370 87
30 331 69
247 320 9
100 358 17
13 85 19
263 379 6
273 474 17
17 453 53
327 341 3
188 242 32
81 237 30
91 148 23
304 420 72
164 312 85
197 390 78
79 325 90
216 362 28
83 155 35
9 95 83
230 275 44
183 238 62
262 282 16
88 284 44
86 197 24
203 427 59
348 450 19
64 129 56
138 461 42
89 225 49
76 193 53
22 374 60
215 378 11
382 454 59
124 376 60
170 178 52
17 172 14
213 319 14
388 452 66
44 386 17
93 335 3
98 217 20
47 280 1
483 499 19
18 99 59
79 127 35
14 132 73
106 122 53
60 405 67
8 59 68
23 141 100
427 441 54
127 333 82
7 14 85
25 264 2
248 374 67
133 165 54
181 243 43
21 436 92
184 231 7
434 458 40
181 263 76
99 304 76
42 103 31
135 196 77
53 354 64
90 270 100
66 283 53
55 112 76
25 194 4
148 419 23
9 30 82
51 320 57
349 399 38
235 264 6
206 210 44
60 118 2
7 342 61
217 388 74
66 299 45
283 366 33
247 443 15
82 414 56
210 461 36
24 130 79
331 436 48
306 359 2
26 245 18
133 366 55
209 394 71
145 318 94
56 380 85
58 420 75
201 388 36
368 429 86
129 301 25
108 263 80
104 442 77
264 329 88
224 477 93
133 161 8
187 446 37
108 488 56
91 370 7
135 190 68
281 286 48
90 370 32
191 373 83
129 487 60
1 465 66
294 305 53
13 246 50
42 350 67
272 431 42
382 440 67
149 431 36
208 215 18
218 488 20
147 312 31
272 309 57
161 252 60
166 394 3
181 271 10
35 364 48
11 202 11
51 309 25
464 484 53
404 470 87
84 284 5
322 407 22
11 341 79
188 483 2
113 358 24
155 362 33
311 393 75
211 350 88
48 498 32
177 265 77
78 369 31
135 313 6
391 464 36
100 364 78
116 490 79
139 154 24
112 199 9
99 406 39
431 468 95
357 429 98
1 439 75
133 399 28
83 148 19
10 307 17
84 197 5
6 341 37
122 282 68
102 397 72
153 202 13
238 355 79
12 129 68
32 375 46
374 497 48
359 441 77
128 211 100
268 294 38
113 397 23
143 279 35
398 404 25
111 382 53
205 278 16
425 462 45
60 80 70
162 371 20
164 476 45
95 253 46
237 246 71
74 479 45
206 207 53
111 400 42
239 380 26
229 346 31
143 304 40
76 197 23
62 351 28
179 385 52
48 226 92
432 473 1
103 353 31
267 430 68
277 414 95
165 422 64
3 184 71
160 355 63
87 115 46
223 298 24
129 348 75
144 295 53
288 442 13
490 491 100
54 157 79
418 475 83
42 494 4
256 382 44
139 229 7
235 267 29
47 402 59
421 481 98
181 213 71
369 493 5
61 198 64
41 418 88
187 487 53
134 197 45
109 158 10
170 184 29
76 481 1
205 323 6
29 92 44
293 348 86
232 371 89
283 314 5
76 410 29
77 176 78
127 312 72
162 175 74
24 350 84
314 337 73
21 156 34
352 376 90
58 451 73
251 464 52
36 455 8
27 300 39
103 199 21
232 303 25
308 415 76
1 166 11
47 209 46
77 118 24
12 258 80
337 473 24
386 394 49
116 145 68
394 437 51
73 266 19
92 144 37
144 335 97
113 252 21
31 304 40
88 165 11
242 248 87
293 431 54
302 374 33
93 274 67
61 141 91
410 411 6
149 196 8
187 243 65
19 310 45
107 157 48
127 402 100
142 358 75
78 171 73
345 374 41
47 230 84
117 451 90
49 233 38
199 220 43
148 403 53
417 497 2
278 299 3
75 169 87
28 219 63
171 186 99
59 459 91
283 455 89
54 103 72
330 350 56
381 383 85
127 128 61
5 249 30
41 414 22
196 390 7
266 351 57
10 289 39
12 163 22
238 366 83
217 299 89
245 468 57
112 322 20
65 266 6
9 270 92
375 407 16
271 403 40
10 91 94
27 477 14
56 348 63
299 347 80
72 379 46
288 369 85
354 441 80
48 310 85
193 333 99
379 382 7
120 136 35
50 54 89
208 388 76
71 108 16
374 470 23
195 326 54
122 448 25
37 272 6
15 426 45
79 258 69
411 460 56
144 377 11
141 349 57
71 240 74
22 55 50
87 450 26
77 90 98
49 209 44
65 338 44
147 155 22
22 277 30
81 346 80
147 211 78
305 317 3
318 373 59
84 425 92
323 403 58
48 424 75
207 319 12
99 132 2
310 355 84
128 366 98
66 173 35
258 303 90
449 469 77
117 236 23
71 93 7
257 371 67
36 337 57
55 257 38
172 331 46
150 221 96
116 234 73
211 258 87
36 233 24
63 250 27
10 69 46
92 189 68
58 314 54
226 356 32
406 407 23
78 427 11
284 411 73
156 159 24
304 339 2
187 437 97
307 423 24
242 345 57
253 410 98
96 414 77
306 436 18
85 134 68
113 256 67
298 312 60
368 447 10
265 349 78
191 408 11
53 103 65
36 442 79
450 495 2
358 438 36
323 475 26
87 335 17
35 196 51
95 191 83
139 292 73
8 423 71
43 326 38
279 367 13
3 19 23
25 349 87
272 403 47
183 273 22
228 472 59
128 217 21
297 366 57
387 399 24
307 396 26
287 378 31
223 448 8
40 339 7
359 458 7
0 32 50
268 391 59
297 319 72
15 51 32
22 216 50
81 124 45
61 346 70
13 31 30
160 265 29
154 365 78
188 217 19
238 376 54
8 203 4
303 405 9
79 301 86
79 495 61
87 328 82
40 265 92
312 398 78
147 259 65
27 163 21
217 277 58
452 484 55
30 441 19
70 376 57
353 468 9
160 290 90
161 450 78
326 408 36
69 469 16
260 432 6
298 447 5
141 196 36
217 307 56
317 409 44
235 383 35
291 292 50
135 430 44
400 446 6
50 233 56
23 244 77
242 454 8
165 486 17
134 444 41
299 493 10
114 209 11
38 188 94
173 272 60
177 460 65
456 460 88
23 436 90
286 467 55
336 388 51
32 251 61
121 218 88
188 221 44
65 376 31
22 294 39
106 218 1
200 333 41
5 217 50
52 108 56
13 42 98
332 399 93
207 243 72
227 285 79
373 378 87
182 452 87
453 463 28
156 198 46
67 329 91
150 406 36
158 304 41
133 142 9
422 493 24
201 319 50
106 380 41
128 393 26
332 340 86
155 297 79
15 140 72
23 186 46
209 263 25
101 203 64
147 258 72
22 404 73
396 491 53
263 448 22
230 480 56
74 268 83
297 479 86
171 255 12
203 373 46
52 392 32
235 334 75
84 187 91
18 271 40
333 434 74
290 390 71
276 446 92
237 498 25
327 401 62
121 434 63
32 420 37
183 465 64
235 368 44
10 177 32
128 484 46
178 343 64
21 126 49
80 412 19
95 114 13
155 243 81
338 392 32
77 111 3
39 477 17
101 223 52
277 342 72
383 485 98
170 274 18
52 288 80
238 301 12
203 405 35
142 367 31
199 441 22
275 483 31
111 217 51
14 71 16
241 417 85
330 386 70
252 290 22
203 460 47
84 468 75
196 327 81
91 172 66
325 375 76
91 480 46
398 464 98
414 456 45
60 429 62
270 354 48
74 426 48
94 231 69
85 308 30
129 340 49
109 447 4
218 478 46
419 473 78
261 448 50
266 425 81
178 359 48
141 445 55
12 311 79
413 491 94
389 390 10
120 433 35
129 281 7
184 487 43
58 452 96
199 294 87
78 173 29
42 230 67
380 434 57
44 319 74
250 381 85
247 397 6
63 427 63
182 241 87
223 373 68
16 408 5
18 455 6
7 460 28
297 397 81
0 179 81
25 200 52
259 324 69
33 235 68
124 226 73
263 351 12
287 298 26
222 236 67
55 482 66
164 219 43
169 242 71
180 257 85
276 357 85
96 449 38
56 307 87
119 201 33
15 23 46
314 423 66
114 293 23
200 205 12
7 39 24
195 287 5
247 395 13
143 462 42
401 484 37
236 415 40
181 373 9
48 483 38
93 332 9
45 285 33
234 445 56
122 159 79
372 441 45
270 448 42
48 426 37
35 182 17
193 308 90
15 241 99
315 495 79
6 377 7
115 189 90
129 259 84
214 424 44
25 236 89
28 239 60
44 131 92
429 467 93
324 424 29
139 274 4
86 364 5
331 456 68
429 479 18
71 389 2
264 291 64
376 384 17
77 318 94
66 238 15
109 185 39
19 39 61
427 450 23
24 331 40
132 201 60
378 408 17
244 321 4
361 369 23
187 443 39
43 60 2
204 429 88
420 473 21
50 289 26
61 499 21
362 449 4
96 497 46
61 139 70
459 483 40
363 382 25
262 411 99
189 259 16
55 173 77
277 347 47
36 378 95
95 113 26
89 262 79
92 499 70
320 484 99
14 315 75
19 494 43
233 255 51
59 461 62
294 476 35
320 362 96
128 137 97
94 193 6
65 127 85
191 221 70
119 279 21
97 416 44
173 185 16
78 253 3
26 326 65
329 455 60
24 435 74
187 324 70
38 216 10
264 375 85
217 379 5
312 363 54
198 253 67
218 220 90
81 343 15
84 91 51
17 126 17
274 407 23
178 197 80
220 368 67
67 289 20
422 452 49
313 334 30
118 217 7
9 105 2
64 259 90
108 286 76
172 215 58
315 352 79
12 257 38
18 431 79
31 311 78
4 53 44
295 343 55
336 412 11
104 285 78
30 317 38
193 296 34
262 424 41
419 452 9
223 357 77
221 297 71
126 461 44
191 202 6
23 460 1
276 404 9
116 201 83
166 279 38
131 227 22
434 451 91
402 442 12
208 491 16
85 111 16
17 457 66
183 380 62
40 123 64
2 241 54
355 373 38
22 185 92
298 405 42
110 487 10
64 451 82
411 481 69
315 400 79
8 445 97
111 462 64
301 310 75
273 485 38
133 430 86
79 193 67
321 322 26
68 135 29
221 375 85
51 450 20
199 328 71
163 382 64
125 277 48
174 402 54
280 428 33
211 222 14
85 257 46
252 464 100
104 204 22
11 318 29
281 330 51
68 360 52
335 400 48
81 447 76
110 355 82
124 367 49
241 442 7
317 421 76
450 492 63
116 432 10
134 496 73
28 255 12
82 354 46
33 122 63
54 424 29
210 352 52
106 332 29
277 441 30
159 205 89
115 372 67
102 425 76
29 364 2
107 165 60
102 237 40
76 142 96
57 240 10
270 297 79
64 418 43
214 251 29
93 132 4
54 224 76
183 462 35
265 394 90
159 394 73
101 466 98
404 417 22
471 488 48
53 377 48
166 235 60
99 166 81
26 93 99
96 138 90
251 456 66
227 294 87
301 494 10
189 300 28
156 416 1
65 425 82
201 226 52
142 431 48
138 438 21
235 461 59
167 334 69
0 475 98
189 406 81
4 337 15
104 439 60
201 316 81
18 302 80
1 218 46
333 431 56
164 205 88
28 405 64
27 141 88
78 257 49
174 195 75
95 478 83
64 195 59
57 191 49
258 490 4
112 125 73
98 127 42
57 316 94
182 368 72
320 384 53
78 377 53
249 403 34
20 79 41
128 469 77
145 173 34
1 260 2
35 155 49
235 384 30
35 230 79
312 488 3
233 275 76
409 441 59
50 461 68
461 479 69
67 100 93
12 121 6
211 404 12
23 91 49
46 348 19
200 308 25
241 323 8
388 499 12
239 282 70
238 443 17
275 448 73
148 149 68
170 215 78
208 492 77
223 388 7
183 458 70
382 443 21
343 374 36
134 208 86
115 373 37
20 135 92
184 225 73
31 402 79
99 117 79
145 163 99
183 382 80
116 271 89
117 446 8
122 145 9
308 368 18
111 252 83
9 47 77
51 105 10
86 477 49
215 458 75
230 299 66
24 128 15
1 287 86
83 143 20
294 394 12
166 197 22
223 285 32
139 342 3
99 459 79
144 256 46
190 492 22
90 276 57
416 466 89
295 388 8
55 251 3
48 495 65
60 433 22
147 326 86
97 484 44
157 214 87
320 330 56
351 394 42
112 213 14
16 71 29
370 373 73
151 474 7
217 498 53
249 357 77
5 24 6
79 280 29
86 496 25
116 160 33
49 463 83
17 128 97
6 232 73
33 41 19
108 492 60
297 478 90
250 351 78
213 289 69
198 425 30
15 200 61
231 455 35
209 448 79
281 467 48
18 155 97
59 475 96
438 440 8
18 106 75
107 405 18
18 486 63
259 457 43
134 223 71
383 440 28
155 182 91
332 458 52
16 397 26
251 387 71
117 124 15
118 466 86
310 400 18
91 215 96
10 337 29
10 283 59
251 296 70
371 416 29
265 368 37
47 69 32
310 461 65
270 292 80
223 243 18
14 116 40
399 439 90
223 385 53
196 289 25
72 153 83
349 492 95
132 208 66
11 394 49
235 427 96
99 334 84
326 470 16
429 495 52
217 292 13
386 495 99
49 101 6
182 318 58
60 121 59
110 306 37
395 478 85
183 499 83
341 417 40
77 93 70
248 380 67
101 468 45
12 21 37
200 345 57
36 335 100
97 255 72
292 324 84
260 326 48
399 471 26
91 92 40
87 112 28
39 202 25
261 294 21
87 117 88
307 428 4
126 416 96
37 290 13
34 498 58
66 393 64
358 446 10
482 499 11
5 433 38
218 469 41
158 223 17
293 414 30
144 200 69
97 295 92
347 450 44
97 418 76
0 461 49
175 498 48
245 302 34
84 359 73
220 379 67
3 122 43
103 485 41
292 351 76
33 414 72
161 455 33
311 410 10
49 149 49
64 444 81
39 204 76
125 464 13
11 205 40
257 318 86
9 132 31
158 271 6
14 368 19
91 220 62
116 315 94
411 427 10
49 164 70
32 38 60
18 44 42
373 432 42
30 223 90
291 449 82
259 279 30
23 27 11
18 114 57
238 279 40
10 145 40
259 486 7
171 403 97
168 238 79
184 329 91
15 213 78
221 255 6
317 342 2
362 370 22
420 496 6
161 314 37
314 488 46
253 286 39
64 323 21
99 301 47
264 424 62
125 281 91
111 273 8
334 496 93
143 237 42
416 458 88
44 63 16
192 446 42
