500 4700
0 21 29
21 37 21
37 40 98
40 80 47
80 118 31
118 120 75
120 123 23
123 126 87
126 175 61
175 179 78
179 197 84
197 235 14
235 243 95
243 288 93
288 330 88
330 344 55
344 356 17
356 357 96
357 390 36
390 391 45
391 396 34
396 402 14
402 419 66
419 436 84
436 438 70
438 454 12
454 467 100
467 472 45
472 476 43
476 482 43
482 489 50
489 490 66
490 499 42
172 365 57
221 303 13
215 365 95
105 246 56
35 383 48
241 417 36
245 430 39
62 330 4
363 382 95
420 448 77
189 473 1
287 407 61
96 288 56
71 474 66
237 371 7
171 430 67
155 347 58
165 196 33
92 364 65
40 291 97
154 290 95
278 419 64
60 174 41
9 146 98
188 208 51
134 194 92
95 237 46
293 395 15
267 434 96
101 342 33
0 435 1
408 476 41
364 452 38
363 486 35
64 334 75
254 332 48
194 366 80
82 242 48
141 218 18
270 449 97
49 383 75
147 414 67
183 208 97
102 408 5
216 262 38
35 312 78
310 473 97
133 383 72
9 232 3
234 397 18
17 19 28
203 273 58
91 184 15
242 325 51
191 480 40
125 404 95
85 425 96
256 315 19
199 245 68
247 476 90
398 499 90
298 453 13
176 398 44
163 352 27
208 233 5
111 171 64
19 215 8
0 215 88
302 319 100
253 467 78
61 229 45
19 355 100
56 306 42
62 146 79
209 405 26
164 360 86
249 366 36
85 302 6
79 198 78
470 493 2
262 296 46
84 472 60
194 397 89
6 391 27
208 483 34
241 286 72
319 360 87
118 334 41
348 384 90
7 179 87
152 493 83
325 457 42
64 352 86
1 151 86
273 299 61
22 312 17
135 300 23
25 184 74
167 323 1
94 143 61
247 432 73
337 486 26
24 26 32
117 162 55
285 329 71
157 225 59
288 326 1
142 230 25
349 499 64
50 91 73
264 464 45
224 412 18
94 435 73
264 426 4
181 421 62
169 234 7
27 41 62
272 477 65
161 388 97
24 296 42
63 428 51
263 287 67
19 379 25
272 275 100
308 403 11
213 339 79
153 310 64
215 472 3
197 335 96
114 301 41
382 483 93
300 326 61
143 373 89
169 316 100
414 460 38
43 440 82
26 81 9
101 228 56
127 341 64
34 201 94
241 314 60
161 435 72
378 469 83
12 55 34
78 169 55
63 368 87
141 223 67
430 473 72
166 484 91
12 87 61
18 219 27
307 331 20
3 44 27
40 224 39
332 337 35
88 100 58
11 147 17
156 390 89
46 330 12
138 455 73
204 447 35
291 447 11
256 314 67
256 486 47
266 424 89
167 284 59
165 250 11
248 258 6
144 413 88
26 97 15
7 216 75
44 410 42
229 258 18
264 277 75
35 466 93
410 411 37
389 487 92
137 181 71
88 193 99
40 296 68
211 241 18
26 352 6
329 341 32
47 373 50
129 181 27
41 497 56
110 305 85
65 87 13
35 395 80
186 203 94
181 290 65
312 376 34
152 462 47
169 413 21
2 479 1
344 451 66
13 42 24
151 469 72
268 304 21
184 227 14
170 350 34
381 392 1
111 269 63
199 407 62
301 395 34
54 196 71
69 250 7
21 405 61
63 400 88
44 256 63
76 492 20
42 153 60
61 237 29
51 177 72
164 470 99
169 226 17
15 332 64
125 204 19
227 343 4
44 131 30
374 376 36
172 233 99
398 497 12
53 184 52
350 494 35
6 458 4
82 469 96
46 469 71
310 444 9
346 353 45
177 409 59
432 472 21
40 410 84
124 347 33
187 392 14
104 347 72
44 179 92
70 106 89
77 471 32
334 386 49
116 264 33
43 381 75
192 239 31
125 341 50
70 498 80
138 444 77
45 157 49
110 327 96
49 371 86
130 346 65
91 276 90
85 385 43
46 389 1
77 265 53
135 451 49
432 499 35
2 5 89
23 276 23
338 413 8
176 442 16
264 420 67
91 172 77
395 471 49
348 425 61
385 394 13
115 399 7
61 158 83
282 427 78
264 474 95
272 436 58
267 383 5
264 427 9
145 336 46
228 473 86
41 216 22
82 338 66
50 349 82
158 333 85
278 449 83
22 147 11
149 231 76
264 309 97
207 469 6
167 361 87
242 303 77
157 163 90
365 387 58
190 372 45
87 403 31
98 155 24
252 485 70
259 443 82
302 460 95
119 327 37
43 207 7
98 474 13
171 310 17
223 418 37
115 452 13
185 399 55
53 455 3
201 343 74
46 372 37
333 451 7
294 497 29
141 322 44
90 114 14
41 301 90
147 240 82
71 469 72
294 401 44
54 200 99
140 231 70
18 101 70
332 494 4
181 340 88
140 381 23
344 370 50
37 311 44
91 378 58
384 477 28
115 316 2
151 458 59
89 92 12
248 356 85
19 152 13
202 254 9
299 369 45
124 293 51
34 387 74
46 147 33
192 454 74
115 487 38
155 303 54
198 431 89
236 423 73
11 215 59
162 232 60
208 232 32
101 420 55
161 213 18
17 299 58
66 488 52
85 431 28
5 314 61
10 364 14
268 381 24
270 297 33
117 245 42
26 73 80
43 449 60
182 260 88
170 485 50
298 405 85
175 328 1
168 377 31
32 493 53
157 422 78
275 381 40
149 342 93
338 446 21
14 251 86
155 337 85
285 469 25
79 389 57
484 491 84
41 387 58
154 268 93
131 397 47
364 439 85
148 430 80
31 306 55
127 271 25
64 412 34
74 433 41
75 230 22
31 168 55
16 452 16
335 406 92
236 309 92
49 384 19
49 338 45
160 245 86
17 323 67
15 315 5
185 495 96
129 247 50
197 295 69
189 269 1
42 180 60
270 332 77
299 333 50
188 302 3
260 408 86
337 422 14
168 268 20
177 349 95
123 461 74
145 447 73
247 434 92
140 466 13
174 449 96
213 413 27
61 102 90
139 420 82
104 473 65
156 476 81
13 36 18
78 277 64
259 268 12
187 275 1
295 404 98
70 97 95
51 142 17
118 411 32
395 415 32
433 498 100
137 325 4
250 478 40
296 420 55
329 438 95
118 151 17
36 114 73
142 325 37
87 430 67
51 413 27
143 312 60
133 195 65
387 440 36
220 382 15
139 200 1
174 470 23
62 350 57
150 320 28
63 191 12
41 118 11
377 420 93
42 143 3
247 402 16
263 429 11
320 367 78
308 491 5
145 373 86
91 448 73
223 229 29
47 164 85
240 351 58
251 463 24
131 184 67
35 344 90
79 172 16
178 376 89
137 200 36
197 268 99
181 350 3
108 243 38
256 470 47
129 406 97
266 319 18
260 490 19
204 416 53
251 269 4
376 486 71
106 440 20
76 260 96
3 109 100
20 191 59
81 185 80
250 335 31
97 457 64
80 459 60
147 199 81
134 411 73
214 323 96
152 179 34
75 138 22
9 430 20
83 482 9
166 498 49
42 394 15
201 404 52
156 278 67
171 240 59
10 240 7
135 137 100
126 255 75
62 290 82
421 467 9
63 250 34
35 495 60
117 262 40
359 441 48
242 245 99
347 350 98
189 472 87
179 187 72
193 264 33
173 251 19
117 235 73
119 487 43
113 268 76
163 469 4
102 136 100
25 283 36
2 425 1
17 76 32
410 447 14
99 306 64
4 28 23
335 466 63
46 51 44
35 472 98
77 93 28
55 199 83
134 437 76
155 346 68
8 90 13
399 467 53
71 309 13
39 396 83
375 416 87
26 458 75
79 159 40
384 400 3
73 454 82
121 452 54
136 199 52
5 193 47
41 198 44
346 487 56
71 149 36
312 347 54
355 405 15
264 372 91
61 109 2
283 285 96
44 356 36
392 450 30
307 436 44
28 346 20
151 400 40
28 51 66
74 165 35
25 391 59
314 445 12
144 481 31
125 462 80
180 451 81
66 293 22
102 340 9
259 467 97
37 426 43
284 345 27
238 341 79
171 257 59
272 278 57
246 340 48
356 388 3
270 310 47
145 431 36
46 195 64
482 486 98
225 467 37
316 449 61
217 457 71
58 189 83
24 74 71
215 380 84
58 324 60
238 325 23
91 274 65
152 201 8
234 451 21
238 492 61
63 314 89
148 151 38
53 71 97
264 402 26
118 265 98
452 471 98
349 381 31
102 165 46
6 273 22
311 416 77
285 326 28
48 193 32
488 492 51
283 484 97
362 395 53
173 428 37
149 302 100
214 432 96
63 396 64
355 419 79
43 217 56
75 178 7
17 144 47
55 373 51
159 377 4
36 124 59
79 392 69
81 120 4
26 135 1
8 290 11
2 267 23
407 494 86
0 195 91
242 311 83
124 134 95
21 43 76
172 357 8
210 461 85
164 403 22
152 242 52
410 487 26
103 314 41
162 250 79
133 394 12
324 419 71
13 98 25
214 388 48
37 247 46
190 304 17
39 256 52
233 453 70
265 443 78
153 220 91
21 330 23
65 132 46
60 215 99
199 254 37
196 242 49
21 385 91
54 315 28
30 37 52
79 333 50
141 304 35
5 368 64
88 321 40
138 345 37
150 207 33
292 375 32
223 259 35
74 177 16
53 311 50
348 352 40
123 446 80
13 86 95
333 384 27
278 308 34
464 465 3
116 169 79
293 458 72
301 437 68
268 288 24
390 453 98
99 390 62
47 489 11
458 469 96
286 422 65
21 400 10
36 243 6
58 192 36
87 467 10
105 456 53
47 407 8
74 182 16
106 396 73
251 338 9
416 469 95
68 352 5
269 467 27
57 278 64
133 353 37
150 400 29
206 338 53
126 449 67
161 228 79
252 343 69
341 442 34
176 230 93
94 397 82
336 456 80
297 435 19
321 491 51
317 461 13
112 442 81
189 259 35
29 452 59
312 385 28
64 225 70
63 253 70
371 424 19
8 415 32
89 406 43
89 151 79
237 320 77
126 422 99
158 222 63
246 392 76
259 350 61
204 259 67
118 453 74
18 19 4
131 292 89
241 254 56
69 487 66
251 403 53
261 495 81
153 459 57
135 463 25
322 448 6
20 330 13
396 397 75
187 236 12
190 258 82
186 282 76
451 453 47
320 358 59
185 462 70
196 219 90
15 418 7
42 476 72
448 461 75
43 391 81
162 467 98
29 204 42
295 482 73
14 246 56
17 463 90
188 250 25
45 49 30
20 68 27
103 353 87
230 453 76
271 499 24
153 408 64
171 427 13
178 354 75
201 322 34
22 67 63
155 242 85
28 449 94
78 153 22
134 428 25
214 239 24
113 344 33
44 416 48
250 339 27
320 405 63
344 392 53
175 361 37
116 365 3
128 321 40
61 483 49
207 317 44
7 278 60
270 303 57
3 430 75
35 221 54
221 361 84
34 255 46
137 207 32
203 324 40
36 483 7
328 394 45
144 185 46
185 491 17
9 101 43
192 238 48
152 389 77
244 456 65
49 341 3
4 290 74
394 423 84
109 446 50
400 423 43
223 489 46
147 151 54
54 397 61
6 426 90
226 318 56
114 494 35
349 480 63
176 187 58
117 303 73
21 373 37
137 470 93
108 263 19
161 237 38
187 262 72
140 449 16
140 177 49
139 168 60
114 495 35
47 95 14
156 242 49
48 81 60
37 88 43
4 200 62
154 197 97
62 137 79
143 407 61
8 360 16
32 223 60
127 295 19
343 441 22
402 436 59
306 489 90
152 189 43
144 469 38
149 351 44
125 161 95
326 459 23
239 409 61
137 217 61
303 371 15
24 45 78
97 414 93
113 187 29
25 346 51
96 432 66
252 303 18
3 278 93
14 446 42
130 173 99
159 355 45
358 427 95
395 456 76
15 446 35
13 216 95
43 429 57
81 498 60
112 323 50
29 364 42
155 399 25
265 483 95
28 483 88
103 308 33
155 341 93
115 408 70
344 464 27
159 215 97
64 292 15
147 270 92
228 395 66
365 399 64
47 446 45
119 334 90
39 56 45
17 284 2
41 444 85
434 483 87
37 462 16
97 277 10
50 185 70
306 326 86
90 277 99
163 285 61
64 260 55
128 204 15
114 446 65
89 462 69
9 299 71
240 365 86
90 323 96
205 402 58
346 464 52
124 435 33
176 241 33
188 424 10
213 247 75
280 494 31
89 375 100
7 14 56
24 195 23
44 378 35
202 370 63
27 436 51
48 49 85
403 443 67
331 491 6
307 377 50
232 260 62
124 253 81
102 224 92
150 326 45
151 210 60
231 309 30
165 460 58
123 130 98
37 44 9
345 434 60
265 310 82
65 225 21
384 458 93
28 431 29
52 149 91
245 296 18
142 317 57
325 419 85
46 95 91
302 427 30
480 489 10
258 495 98
167 375 97
129 273 87
52 215 61
237 457 13
56 96 26
135 435 4
353 454 19
50 264 3
164 190 92
185 235 44
232 299 30
82 149 22
240 346 19
109 408 18
321 326 37
53 403 54
312 386 64
107 139 7
154 199 79
305 451 83
42 409 67
34 72 100
119 333 51
190 384 43
120 288 1
171 198 27
120 319 29
220 357 66
174 272 77
87 448 25
58 475 53
109 299 65
188 314 21
117 315 33
102 453 36
325 375 91
24 298 12
120 340 45
156 486 18
68 106 83
234 475 94
153 333 46
95 211 12
35 456 2
239 497 89
273 465 2
62 251 42
2 472 4
293 388 3
283 342 53
41 46 80
190 225 37
199 217 9
149 322 10
321 415 83
174 279 5
315 434 80
122 283 78
174 456 52
331 392 67
173 439 32
96 177 28
215 275 31
42 183 96
11 19 83
206 449 30
16 366 98
368 405 27
487 490 91
170 194 49
13 411 12
185 253 63
16 476 38
189 393 82
141 421 13
154 336 8
1 393 23
1 27 77
54 382 82
120 126 47
338 429 82
396 426 54
158 226 34
302 425 32
202 385 5
255 447 42
93 479 91
229 421 71
160 192 30
428 442 77
144 364 39
89 355 8
77 210 2
93 105 5
12 354 34
27 314 88
198 350 10
11 177 64
277 380 96
113 463 100
171 489 21
14 183 2
88 377 93
93 139 84
73 268 45
149 224 61
383 437 54
277 474 15
136 147 66
127 303 85
150 446 66
83 91 29
74 379 53
77 291 42
89 467 68
201 471 71
7 160 6
140 218 21
139 480 40
214 282 23
64 276 27
155 196 1
262 448 43
28 33 47
159 341 86
216 396 11
37 243 35
158 462 71
88 331 24
138 367 32
17 458 29
181 204 71
132 171 76
230 343 99
152 272 83
128 136 58
116 311 45
256 466 23
350 454 90
54 355 98
299 404 61
156 355 12
42 459 24
46 433 19
161 263 21
218 461 71
126 499 84
122 275 20
51 220 83
56 398 8
388 453 91
101 407 39
184 307 6
7 283 19
321 379 53
47 149 75
110 207 85
135 479 30
122 217 75
271 307 75
218 421 94
18 25 16
301 450 71
86 181 82
418 450 30
272 398 12
404 470 36
284 419 79
214 218 26
256 310 95
378 452 72
84 215 22
110 169 26
219 293 79
347 397 59
111 404 90
200 301 5
33 111 41
269 311 94
251 312 16
192 285 41
179 307 84
211 286 16
4 443 12
283 306 97
72 173 57
204 310 87
176 256 54
140 191 45
170 455 90
222 379 27
10 244 76
61 412 77
177 452 3
330 492 80
28 494 32
348 424 51
267 331 51
153 311 14
16 475 55
173 475 96
54 171 40
249 492 32
142 275 86
427 486 55
18 26 3
7 436 8
8 270 21
124 203 86
164 494 92
144 419 18
127 165 11
254 373 65
20 240 90
241 418 71
217 249 13
139 327 6
391 481 88
170 311 32
166 415 98
27 346 84
269 446 92
11 393 29
88 466 37
254 497 35
258 383 86
114 278 47
11 45 51
137 156 74
199 339 79
108 172 81
45 359 37
30 459 11
158 430 31
29 436 89
281 402 96
85 344 93
410 479 92
179 347 5
326 469 100
89 280 63
198 213 10
387 498 80
125 442 8
109 285 77
172 264 34
96 122 62
13 278 8
200 378 52
136 163 72
13 240 86
362 461 22
143 244 56
104 109 94
66 385 58
220 245 2
295 457 99
24 485 8
199 323 57
207 411 59
203 447 27
0 188 88
282 381 77
25 368 100
145 347 56
263 498 66
273 386 45
110 153 77
253 360 54
82 102 97
55 182 52
147 354 21
29 394 93
114 216 2
12 351 2
340 353 48
173 465 22
91 351 76
475 489 4
151 426 23
144 414 1
69 177 37
252 380 65
239 413 72
261 408 64
44 364 55
15 260 17
46 255 18
208 406 50
159 394 97
121 252 36
82 270 75
59 195 8
158 410 26
228 335 89
125 286 97
255 295 51
117 423 85
246 287 85
131 360 97
68 160 59
382 402 23
379 429 51
39 444 39
281 338 68
44 68 63
350 399 17
125 219 9
261 298 21
54 288 57
34 152 63
5 142 21
230 315 10
187 393 47
163 448 18
55 93 97
101 450 79
327 498 10
189 458 53
275 425 96
241 247 88
156 379 8
276 331 45
307 318 23
153 369 37
67 188 64
114 146 13
27 331 14
249 306 79
132 382 19
374 474 11
372 446 95
296 314 6
147 442 70
342 360 41
58 336 46
191 197 36
117 382 24
94 428 94
89 308 42
43 183 52
228 457 63
74 127 25
255 420 10
24 161 37
344 468 20
208 438 92
433 455 56
1 330 19
360 453 93
149 499 79
108 236 10
117 119 90
106 242 91
159 323 92
134 348 9
129 324 66
126 264 77
52 452 74
201 241 63
321 361 74
236 314 99
91 396 58
98 197 8
225 473 86
297 489 97
219 379 82
32 432 8
80 446 58
273 453 92
97 498 84
138 275 6
101 477 84
82 440 21
78 265 20
98 455 1
159 407 62
206 494 46
248 275 39
267 403 2
134 383 81
31 327 33
168 360 5
88 382 41
259 483 72
385 416 70
17 181 32
99 180 6
213 303 28
358 432 31
288 344 24
138 187 27
242 437 50
135 456 47
275 442 96
348 444 79
12 126 14
100 206 45
143 473 33
456 493 43
1 341 76
125 194 79
122 293 20
60 88 18
105 434 2
82 417 10
101 488 46
135 274 58
210 399 41
262 435 67
103 252 52
5 159 26
373 415 85
29 318 20
45 471 14
167 372 5
77 392 94
142 450 4
154 479 41
86 384 98
86 247 29
167 312 18
48 91 79
30 386 12
312 325 55
72 312 86
13 135 5
196 458 77
63 145 83
1 316 10
132 384 39
21 258 48
42 227 62
34 115 49
462 463 2
245 468 20
52 409 6
78 288 33
51 181 82
146 168 48
110 345 80
36 433 49
113 375 90
108 314 90
109 374 11
118 246 65
370 471 36
142 153 50
242 414 6
149 443 34
146 402 53
86 351 49
60 229 87
49 328 97
36 147 21
42 263 51
201 264 39
31 351 56
258 341 56
57 277 48
69 374 84
133 289 78
335 385 72
263 443 76
109 366 58
75 123 7
15 484 86
361 372 72
180 342 52
122 123 26
169 260 49
132 193 42
89 344 30
174 475 32
192 452 85
122 413 91
401 459 28
88 93 58
101 193 87
23 105 36
36 499 97
405 460 38
200 316 4
33 160 76
171 376 57
286 444 92
241 382 74
82 461 26
3 106 71
113 119 34
3 232 24
215 459 98
128 345 47
203 349 19
77 295 13
26 244 3
124 399 58
105 347 56
90 98 14
26 265 7
375 484 94
79 197 97
37 400 70
231 409 56
304 340 47
203 374 43
343 422 46
115 195 58
114 252 76
173 443 53
76 187 64
46 217 7
291 373 64
70 83 63
266 438 50
119 434 83
27 451 64
245 346 90
81 165 1
96 372 10
282 485 73
111 178 29
30 311 27
169 230 75
91 442 96
199 348 29
14 97 99
11 120 6
225 355 36
68 478 46
227 392 85
32 461 96
52 247 9
422 434 47
324 370 57
359 383 38
195 359 62
285 452 78
314 394 46
211 326 53
103 265 6
87 246 56
88 159 22
271 391 81
103 220 80
25 260 92
86 147 74
459 479 77
148 488 34
219 443 16
198 232 71
165 346 29
156 191 33
235 470 49
249 396 26
194 296 31
125 128 66
62 82 8
339 353 28
150 319 16
80 192 73
87 265 1
225 245 59
180 338 6
108 200 78
139 395 15
17 441 52
71 231 73
71 473 60
196 412 77
131 497 22
254 415 90
333 359 85
80 164 11
215 273 58
352 381 55
60 315 84
105 323 29
455 498 78
4 487 40
148 437 37
436 473 41
54 349 84
151 457 70
164 179 85
63 432 72
362 497 41
68 197 1
42 473 85
349 452 72
232 263 61
285 356 79
183 364 85
360 458 17
336 436 13
253 320 14
80 333 78
68 224 76
32 84 94
52 132 49
211 395 22
307 491 75
85 93 98
99 293 5
152 376 94
66 317 20
4 165 6
108 401 18
20 364 74
171 229 98
94 353 53
218 385 51
43 112 12
185 191 5
309 409 45
215 470 82
220 452 31
82 200 79
157 341 56
146 489 13
130 274 39
10 86 70
260 419 62
140 379 17
385 479 17
31 137 60
182 428 8
80 377 2
90 357 14
369 461 21
211 306 99
167 317 73
90 235 36
45 161 66
224 486 76
149 191 54
410 437 69
98 308 57
114 253 91
57 321 8
196 331 69
8 32 48
444 479 43
138 327 68
248 437 8
186 419 45
60 434 65
86 163 17
28 456 43
1 428 13
162 244 78
42 295 53
356 425 77
303 412 34
176 499 1
101 157 74
214 482 37
125 145 55
17 104 14
256 398 29
56 401 20
85 215 42
81 342 74
253 265 43
96 258 19
7 476 92
218 281 27
242 316 32
305 324 69
46 459 75
163 316 10
97 154 31
308 367 83
341 475 18
234 484 57
87 121 41
175 262 71
14 365 87
229 331 9
191 349 66
22 159 99
250 273 64
140 480 32
235 419 76
81 317 20
369 462 98
55 302 61
350 488 92
25 285 30
348 400 7
80 170 50
100 117 58
102 490 25
18 344 19
83 389 9
76 491 67
228 389 60
32 167 17
139 363 86
452 478 86
215 229 40
226 413 40
172 251 17
41 64 80
118 222 2
240 335 51
333 461 80
155 274 74
48 304 95
109 458 53
233 499 46
80 400 95
58 496 76
58 212 39
294 303 57
290 489 40
321 414 5
87 488 9
260 433 84
54 136 98
148 390 64
448 455 8
31 473 9
87 372 35
394 471 52
117 264 45
91 464 15
225 326 73
23 116 3
132 368 90
302 429 24
76 133 5
25 374 45
160 365 92
243 342 32
148 233 76
255 368 18
31 32 77
2 75 67
181 208 15
94 380 50
141 364 61
4 434 72
62 160 81
60 270 16
344 443 78
4 52 84
208 264 20
173 206 70
170 335 44
258 365 47
301 455 88
384 457 47
151 328 14
191 451 41
123 466 78
208 295 12
20 100 22
387 447 81
272 322 68
2 284 37
58 498 4
339 476 6
156 317 23
242 397 31
306 435 65
8 284 62
214 485 21
52 472 78
154 192 77
278 461 100
113 489 24
436 492 73
409 450 32
23 84 25
206 360 30
5 468 94
196 372 63
219 258 9
171 366 69
39 99 71
120 230 50
150 283 27
158 482 18
202 238 51
47 376 72
11 364 16
11 80 80
186 374 15
1 35 59
4 145 75
361 446 87
270 352 67
311 473 66
72 309 93
43 375 74
221 459 29
92 201 20
223 226 53
246 321 23
160 197 4
46 418 39
77 404 97
151 464 27
38 242 59
280 463 7
68 134 26
142 170 26
289 452 40
217 407 64
259 450 56
252 408 11
45 82 88
4 29 65
10 188 54
101 178 13
400 413 38
208 302 84
142 203 42
26 293 1
264 331 34
159 278 27
193 244 19
47 75 83
36 209 13
86 129 68
346 476 75
214 315 53
299 488 40
5 480 34
118 474 63
410 485 3
126 301 71
378 436 11
119 498 78
152 364 90
121 189 38
190 270 80
428 493 100
69 431 24
137 483 59
125 476 19
341 466 1
189 204 97
386 422 38
229 456 39
11 83 34
50 121 19
76 262 98
228 374 27
147 173 64
145 288 42
252 372 100
150 363 64
474 480 8
201 304 92
203 343 65
97 106 53
352 423 19
127 181 7
150 323 58
65 94 35
108 323 28
422 466 7
212 267 25
265 493 44
208 383 59
213 236 44
20 92 28
238 489 84
157 270 72
183 288 44
236 378 98
189 486 24
42 380 52
83 85 73
200 379 40
72 352 35
424 484 9
50 354 66
131 334 28
64 125 70
251 423 97
211 489 38
381 497 40
427 428 94
73 384 57
13 348 24
236 405 56
19 414 88
128 467 28
437 497 90
123 473 5
81 412 50
140 169 76
133 136 18
116 153 3
73 156 53
372 408 100
131 285 97
13 281 45
157 423 38
85 232 25
140 253 71
14 376 11
44 415 24
132 429 20
308 456 30
412 491 46
132 444 38
195 482 77
189 434 92
304 463 88
143 385 92
22 70 96
172 417 69
100 388 57
36 381 64
450 495 8
174 332 72
81 170 2
72 161 88
256 290 33
125 400 89
52 334 7
202 308 20
151 282 9
117 385 61
80 366 73
344 383 7
305 492 4
336 371 58
138 328 80
214 294 52
12 117 96
30 478 66
173 273 100
95 111 71
0 35 12
121 379 8
298 335 92
129 433 19
323 372 44
219 274 16
321 442 77
214 391 16
139 260 55
214 458 9
218 494 86
157 264 11
178 335 27
72 489 48
8 322 23
206 319 29
65 294 55
364 475 27
162 267 3
206 388 50
172 392 61
124 178 71
265 366 63
10 471 77
119 271 58
116 417 28
48 120 75
0 341 44
5 80 3
229 399 41
141 326 92
292 459 36
82 458 2
217 261 61
177 241 85
239 396 50
366 497 48
67 183 71
205 250 43
94 132 85
265 318 6
369 435 91
322 453 97
2 454 57
79 85 26
313 339 42
436 474 1
283 373 53
198 335 4
102 412 31
302 331 19
107 343 10
191 314 34
84 202 66
8 59 10
29 51 75
334 351 98
23 137 68
3 97 22
489 494 68
310 467 89
88 426 12
37 214 75
57 482 71
52 276 55
121 140 3
24 408 40
82 209 68
322 376 100
390 433 21
156 219 96
8 356 18
341 481 85
195 493 56
136 456 52
168 376 100
110 212 15
13 158 36
78 382 62
215 389 5
119 261 29
48 243 70
251 374 11
55 456 19
68 121 28
144 400 55
144 181 25
8 171 11
228 291 17
83 424 11
305 430 73
73 199 3
303 415 49
76 85 45
163 401 100
32 351 9
175 336 38
226 231 52
197 474 86
235 354 64
27 392 25
31 44 9
32 379 23
85 289 15
139 208 81
86 382 6
108 174 93
201 385 41
22 297 41
295 354 15
93 176 18
211 227 8
472 488 70
5 409 92
250 344 74
188 206 2
2 198 55
195 248 91
231 488 76
87 244 44
45 390 80
136 302 97
139 421 50
235 407 48
62 406 88
14 132 65
262 362 40
111 156 40
230 408 89
233 489 61
395 453 99
183 327 28
263 488 37
139 225 46
29 453 3
182 324 80
107 459 1
186 194 13
184 356 22
372 484 91
38 123 76
95 354 5
137 458 49
102 142 96
170 373 52
183 365 66
355 388 91
175 270 24
229 379 31
460 492 63
229 390 63
68 105 100
414 472 87
200 321 27
258 264 78
41 385 12
201 274 2
242 448 73
282 382 60
47 198 9
313 366 66
218 499 25
219 268 64
4 12 65
258 399 95
159 350 30
82 103 89
348 457 62
349 481 22
326 450 20
169 491 61
269 457 18
197 296 36
57 365 2
89 214 47
3 459 63
29 406 28
10 386 6
360 489 47
292 432 19
261 437 50
65 398 100
127 146 73
458 490 79
4 169 49
394 449 61
101 236 27
13 67 91
121 193 19
51 216 69
247 353 72
14 179 13
320 325 44
192 216 82
255 396 38
156 382 100
18 41 58
319 451 40
282 353 90
57 129 41
391 487 59
148 305 57
163 257 55
262 287 95
146 441 81
234 254 29
275 405 50
298 410 93
189 361 61
72 494 30
21 105 17
83 185 81
384 461 2
19 254 20
76 279 45
218 368 4
17 404 31
289 443 37
23 432 57
267 365 45
377 407 25
292 422 16
279 317 78
10 388 98
165 498 57
257 324 70
285 301 98
173 401 80
86 330 91
23 115 92
263 431 23
82 382 19
44 238 74
188 430 94
218 391 12
3 27 59
40 214 45
34 441 96
323 393 24
47 337 7
381 403 65
69 214 81
269 458 31
117 433 87
25 270 87
113 243 24
193 312 78
338 437 45
119 172 44
250 423 41
284 376 14
91 488 51
253 425 59
87 304 99
292 358 18
84 391 46
124 277 84
164 466 78
64 244 12
31 311 52
109 295 99
4 123 96
44 57 72
43 310 37
173 423 12
195 478 63
180 448 24
204 378 79
31 176 31
224 276 36
18 209 70
118 147 32
337 409 87
215 279 10
63 362 29
190 437 35
104 120 92
135 278 42
36 227 98
190 495 52
189 401 49
43 399 35
63 487 44
11 462 26
193 466 14
10 27 31
153 313 61
14 87 34
47 314 41
314 416 61
395 470 4
74 409 23
35 284 41
73 196 59
380 465 24
329 488 73
12 410 99
130 216 47
375 380 25
261 485 15
48 477 86
159 333 86
206 247 51
294 377 63
33 343 3
169 440 54
16 330 31
112 172 23
210 387 37
363 478 22
121 171 65
77 256 85
59 157 32
274 334 32
31 63 41
155 426 16
156 455 48
225 304 83
105 393 32
281 466 59
298 362 28
385 464 51
239 311 52
162 201 86
23 379 60
6 168 32
285 401 53
181 311 21
35 470 43
143 486 89
29 170 41
90 132 97
62 371 88
287 358 41
40 400 2
252 415 75
67 480 87
248 499 2
45 155 16
215 349 86
460 497 67
147 190 90
52 376 19
299 341 38
171 279 15
19 201 39
79 366 30
202 436 22
39 94 91
67 429 47
39 433 41
210 315 37
258 266 68
333 377 56
189 282 16
210 468 45
26 251 50
7 404 71
221 439 46
193 476 70
232 418 82
339 432 78
243 455 44
297 430 62
73 412 86
316 398 26
297 428 24
192 327 75
32 152 18
238 471 49
64 104 88
114 358 77
282 379 83
415 475 76
149 340 95
236 426 68
201 441 99
51 58 91
86 372 9
52 155 79
291 321 65
203 249 87
61 153 6
238 498 50
167 277 37
418 465 8
63 409 81
361 425 71
146 337 44
99 479 83
8 486 62
63 449 70
69 104 47
101 495 2
139 479 35
393 486 88
391 420 2
92 217 48
18 75 89
184 293 100
235 490 21
34 104 44
110 210 65
279 495 49
32 401 6
293 431 49
167 343 4
217 389 55
81 299 99
95 206 25
336 427 76
206 468 39
144 230 2
249 383 21
2 357 55
111 433 60
203 466 68
202 300 21
102 237 73
90 270 18
418 446 27
307 394 21
170 476 79
50 307 73
93 359 46
139 301 31
367 390 71
132 219 19
63 110 15
39 223 94
89 196 89
145 148 11
164 388 96
271 432 41
77 478 2
40 495 17
43 194 95
246 383 92
79 488 27
112 293 30
338 381 83
280 466 3
6 198 59
132 294 96
17 337 95
264 290 76
267 290 21
43 135 64
53 166 5
6 153 12
84 162 4
243 290 82
174 274 35
179 312 19
90 481 64
139 432 89
214 372 48
47 317 52
27 243 16
255 471 7
111 359 64
220 317 78
25 377 87
120 367 15
143 489 39
108 460 84
93 250 40
1 203 62
138 270 7
371 446 90
3 182 65
17 162 25
112 250 19
77 170 89
228 238 83
142 321 10
171 173 77
6 32 34
240 354 71
169 457 91
117 215 73
225 479 72
276 340 7
487 494 44
242 495 70
106 239 93
49 294 93
302 369 73
248 304 42
8 366 38
35 272 64
49 485 94
12 233 100
22 242 61
180 239 13
454 481 55
149 374 78
241 461 56
202 343 14
235 377 91
271 372 79
212 492 4
64 234 99
238 476 51
29 38 19
158 202 89
274 478 6
432 462 83
291 388 93
49 166 21
59 406 27
53 175 89
379 406 46
130 449 3
168 321 14
53 487 72
425 493 24
5 317 10
101 133 66
149 211 23
199 289 17
319 334 92
143 468 53
51 156 41
175 243 82
184 302 58
115 174 69
207 226 46
268 332 18
282 326 32
99 362 57
289 425 53
248 287 25
323 436 28
314 457 68
212 388 81
30 173 7
147 282 82
163 440 10
241 346 82
287 335 66
453 454 95
132 378 1
127 155 32
275 408 88
281 364 69
224 495 59
82 237 81
330 385 78
250 446 68
53 75 87
371 417 13
174 213 65
311 426 34
140 476 52
161 439 43
115 135 32
229 364 75
111 133 17
11 306 20
142 176 16
238 337 65
122 470 10
303 325 1
165 404 59
42 314 63
16 298 29
390 397 54
127 370 27
108 484 43
326 362 12
121 415 64
71 86 72
65 488 25
150 421 61
46 320 43
451 455 50
60 72 12
289 338 35
193 418 89
88 405 92
185 294 26
109 391 27
96 397 5
160 444 72
66 122 51
92 196 15
163 373 72
119 417 59
129 437 61
144 429 95
73 477 83
210 308 44
273 313 53
356 396 60
305 485 32
151 228 49
334 453 84
248 439 76
230 460 73
352 377 73
75 424 22
16 435 17
36 334 65
154 244 65
4 218 2
84 240 69
353 414 21
137 414 26
20 229 54
302 447 17
25 338 74
63 289 47
257 483 48
314 375 53
29 446 36
164 370 38
168 387 41
45 391 50
58 452 82
288 424 69
61 187 81
312 490 3
109 180 87
167 497 26
250 332 23
81 481 68
88 178 26
53 317 93
256 325 47
68 190 92
199 316 15
88 374 63
191 493 4
91 493 78
293 397 33
40 463 72
19 304 90
202 409 63
76 424 100
155 173 8
75 366 66
23 201 72
74 116 43
162 480 83
119 276 10
187 359 85
127 395 47
342 409 24
14 233 41
273 435 25
126 394 19
213 482 36
126 403 16
79 139 41
338 496 6
182 199 28
27 301 66
25 60 27
326 329 24
219 245 21
228 366 11
17 191 71
172 281 16
79 457 63
308 414 95
10 333 42
157 464 41
132 420 15
26 266 13
279 457 84
338 439 23
11 125 2
56 124 53
29 466 38
219 481 43
8 63 56
102 450 3
206 423 55
39 461 31
459 471 35
101 294 69
320 429 73
165 195 5
300 456 77
4 125 73
285 392 84
300 479 17
276 319 11
21 387 69
170 409 59
144 276 36
398 472 46
26 185 39
62 398 60
318 344 30
206 488 16
80 340 74
66 254 93
174 209 35
111 409 33
248 464 88
52 461 44
17 67 92
79 419 6
302 451 1
138 442 22
120 272 86
391 473 23
260 329 1
29 327 89
128 346 11
343 357 89
59 410 62
236 391 95
34 372 45
61 272 100
321 323 49
74 209 59
24 136 11
26 261 87
78 82 80
93 184 18
277 312 71
185 447 37
20 139 71
166 222 64
31 43 54
6 48 51
7 374 16
176 279 20
106 189 24
225 254 85
118 466 33
10 440 78
133 164 86
399 458 21
160 328 42
73 420 18
230 358 22
149 320 2
412 449 19
2 122 24
326 436 5
103 318 36
359 425 77
129 170 60
219 224 78
265 274 24
128 499 88
360 464 52
413 458 96
29 136 1
69 178 37
187 221 19
363 441 12
190 331 93
159 231 94
201 377 10
27 439 10
87 270 7
86 208 2
9 143 26
244 275 47
247 494 87
309 475 85
42 53 63
309 466 53
154 471 63
344 476 58
158 352 6
114 274 33
447 464 79
68 406 48
1 234 66
53 327 72
272 459 76
301 348 82
308 310 86
55 155 50
1 457 31
89 455 41
34 220 38
387 435 34
15 72 20
74 357 45
445 481 66
344 363 94
146 205 23
305 342 18
16 102 69
63 424 57
165 492 5
246 449 48
234 335 26
142 434 93
180 449 91
393 404 1
377 425 29
312 337 49
142 286 68
149 461 36
296 493 45
192 290 77
305 418 55
92 235 76
331 374 61
317 366 58
269 359 76
125 334 21
240 260 48
156 414 85
153 226 52
134 181 22
82 444 2
289 410 30
188 222 60
63 98 45
100 409 31
104 224 46
277 358 73
315 423 36
240 483 62
128 223 94
24 456 4
171 363 24
243 307 21
259 287 77
15 223 33
420 422 49
144 375 73
149 471 27
185 266 40
118 187 49
119 352 68
193 352 16
1 171 18
82 310 60
43 344 59
95 153 98
168 395 5
123 136 27
67 75 62
191 479 64
274 427 42
36 178 38
83 106 89
326 411 27
87 189 97
58 198 31
40 372 70
63 231 79
353 498 28
467 479 19
89 171 61
420 469 82
219 452 76
162 420 31
72 317 48
19 345 67
55 285 53
107 210 51
290 475 24
295 318 23
147 418 24
193 373 89
201 389 60
205 471 15
134 320 23
287 482 28
44 394 33
35 349 24
16 406 28
68 169 16
333 473 5
343 448 52
238 264 7
154 367 7
67 137 63
185 357 39
217 430 65
129 481 83
43 307 15
296 354 81
1 55 42
223 361 81
21 250 36
285 292 29
237 358 87
80 100 20
147 258 6
225 396 88
330 463 85
144 220 16
126 253 59
95 270 72
376 420 62
65 265 40
204 368 19
112 497 4
76 371 13
295 406 27
238 423 15
291 377 9
161 183 30
13 191 71
219 291 99
164 321 50
133 335 40
243 314 22
106 201 60
270 418 36
299 359 32
122 410 50
256 292 75
74 194 53
8 211 7
26 264 51
278 358 16
30 282 44
84 144 82
167 412 23
272 358 30
39 381 4
40 439 38
12 281 49
77 319 52
87 429 25
366 411 36
23 398 8
110 446 2
329 330 93
450 469 6
18 139 61
123 244 43
334 439 42
37 69 69
61 422 92
243 321 42
395 436 82
83 212 13
73 456 78
53 472 32
9 115 68
96 173 10
72 407 18
128 168 49
103 164 4
92 373 83
34 319 80
42 336 76
129 439 26
118 407 21
263 395 94
349 395 43
430 436 50
39 303 98
135 341 70
93 366 38
33 497 57
347 424 99
34 232 85
216 417 76
311 328 87
0 263 31
218 341 16
310 448 22
9 389 55
41 480 35
122 336 56
47 366 94
22 23 24
221 241 51
408 412 32
100 257 69
13 72 24
153 400 85
387 461 71
18 73 49
258 265 23
138 142 75
226 436 86
51 174 57
301 382 100
54 173 95
164 228 1
72 95 94
354 422 44
377 461 35
314 490 76
260 274 66
194 322 86
338 372 52
84 206 29
3 187 70
280 319 74
45 261 19
18 220 87
21 227 5
1 444 49
31 370 76
158 182 71
77 223 68
137 142 89
100 351 74
271 418 35
43 60 3
158 484 42
22 206 96
324 464 86
375 386 22
412 492 74
98 387 92
483 493 42
106 143 23
265 400 67
9 82 89
108 409 65
41 399 52
348 428 64
244 281 78
5 446 32
111 478 61
83 374 29
235 346 91
326 468 73
350 415 31
129 362 27
339 453 51
101 330 59
133 444 38
412 434 44
35 55 58
51 282 68
241 269 74
339 456 85
26 437 43
142 412 20
65 198 78
337 491 85
192 323 82
154 373 42
294 396 43
21 492 81
181 359 71
260 350 12
31 453 21
82 125 38
485 488 21
330 445 48
303 366 28
39 142 59
78 343 10
66 245 54
330 473 36
242 425 62
146 176 2
81 324 56
27 385 20
207 399 7
51 178 37
413 485 86
27 109 80
254 320 34
188 242 64
245 293 96
91 478 71
57 409 22
14 325 87
82 303 100
273 301 12
28 413 79
163 422 16
352 412 70
135 297 78
28 61 69
121 177 73
61 395 85
60 404 89
40 140 29
12 331 45
259 307 13
139 368 79
218 231 71
109 329 3
257 494 80
86 211 45
7 428 86
4 337 38
125 289 52
44 321 60
155 449 76
53 157 71
174 340 88
75 170 89
51 265 60
441 489 86
94 386 99
187 348 16
178 421 47
132 310 38
55 157 90
77 349 17
273 371 2
123 261 95
144 178 69
23 51 7
169 458 52
129 148 75
0 364 56
249 379 27
179 244 35
222 286 31
206 405 34
290 341 64
442 456 68
270 340 53
293 310 54
109 457 86
287 401 56
57 154 61
122 398 90
91 359 7
219 241 9
236 266 2
112 351 70
82 385 4
307 437 4
62 409 65
142 444 63
214 280 55
146 363 61
284 427 88
74 404 71
49 288 32
211 381 14
67 472 30
110 218 36
451 485 43
44 437 84
277 347 45
107 456 69
179 290 88
106 220 66
82 363 55
297 467 57
184 332 70
18 372 21
5 28 27
269 322 36
59 385 98
18 261 12
85 274 26
55 215 71
25 75 58
62 219 97
63 336 85
102 438 2
221 371 6
1 366 40
70 235 60
81 345 36
204 334 64
306 350 58
77 183 94
67 224 28
2 435 26
235 458 50
26 477 16
225 346 4
302 495 86
331 434 78
205 339 60
128 329 10
104 366 5
271 327 5
158 225 51
201 236 98
210 304 18
185 442 11
81 480 3
44 289 93
336 429 93
22 95 82
187 362 9
6 315 96
14 473 36
125 365 7
334 390 55
92 240 8
162 453 75
45 411 97
192 467 48
9 114 36
250 380 52
261 366 82
27 273 71
227 414 86
74 229 52
212 474 45
3 344 98
10 411 14
147 181 13
204 214 80
67 375 23
177 309 69
12 284 66
60 74 9
11 203 47
7 344 3
290 427 17
4 334 13
370 487 25
38 96 72
254 404 23
26 304 17
37 416 76
141 340 18
139 349 54
66 261 17
54 69 50
133 153 4
235 329 94
42 114 83
35 410 81
338 419 97
35 182 86
10 370 35
199 311 83
331 356 5
418 437 75
296 416 9
80 424 83
330 457 17
201 391 52
25 483 62
74 368 22
268 464 49
7 462 63
28 107 71
346 373 79
131 347 13
157 477 6
170 172 81
297 424 11
220 470 43
196 264 38
94 253 52
39 98 63
86 113 49
12 324 96
79 152 15
375 462 99
15 338 94
37 143 29
84 422 61
237 497 8
200 443 95
83 373 34
54 487 44
321 392 67
258 479 75
234 462 33
85 400 26
253 275 54
69 460 44
256 377 62
93 263 79
406 487 60
79 388 30
190 448 41
172 280 81
217 272 76
10 223 37
80 129 95
100 325 57
48 140 28
177 207 71
171 416 31
292 451 6
7 114 45
137 153 44
154 469 42
416 470 92
78 126 31
141 363 66
47 375 30
152 407 57
47 237 66
36 268 18
132 453 94
103 392 69
270 363 16
112 167 1
90 219 67
117 225 72
178 437 11
51 305 76
213 342 62
154 298 53
335 489 92
215 476 65
53 421 89
308 444 47
28 42 33
237 247 74
100 267 75
313 479 20
117 157 54
168 486 96
335 486 57
132 422 66
33 191 88
3 323 54
297 483 3
151 351 5
305 487 23
366 440 18
41 175 45
117 422 94
193 475 2
62 192 15
246 453 43
346 497 74
13 239 21
166 241 97
206 207 19
18 265 55
335 471 8
13 392 36
211 299 22
209 269 46
265 305 53
87 232 49
366 469 98
410 472 14
315 340 13
471 472 31
229 335 94
43 426 95
330 423 6
224 352 99
125 340 85
60 325 30
58 89 76
100 443 88
104 116 92
116 403 79
269 340 58
428 465 54
122 210 44
191 331 25
236 444 27
163 176 60
29 53 96
137 490 49
91 484 18
127 206 10
7 74 41
259 351 24
430 470 94
355 417 59
46 48 30
257 472 63
57 470 91
150 486 4
214 419 86
17 38 9
170 481 26
375 400 56
350 377 25
276 406 91
40 272 61
8 416 73
396 459 53
99 401 13
126 148 95
8 410 25
463 485 70
54 126 70
323 348 42
145 393 66
67 371 49
165 462 26
58 117 47
35 483 9
178 497 71
83 225 37
402 467 10
334 385 83
64 81 77
92 330 95
172 477 96
56 471 76
146 384 51
396 432 85
206 284 2
128 175 13
11 13 13
278 359 64
28 117 47
34 144 93
59 191 16
25 302 28
280 282 79
226 326 31
119 195 92
123 292 82
175 366 5
34 227 94
141 261 31
104 214 23
22 295 37
243 331 12
359 465 91
41 104 41
184 268 65
49 250 13
125 190 81
107 132 61
16 170 94
96 276 23
48 288 6
174 424 24
54 228 51
192 268 4
96 251 41
210 300 27
63 230 56
87 341 44
125 424 26
207 237 91
248 329 18
4 242 61
365 490 82
92 215 80
8 110 34
467 499 69
107 328 34
52 411 12
328 411 72
112 459 21
77 300 48
370 448 46
79 343 89
188 379 26
402 477 32
85 132 87
268 315 35
35 440 20
378 402 45
101 281 58
309 312 3
152 206 49
145 335 84
216 369 100
34 146 99
19 223 95
96 349 86
216 492 63
378 467 15
324 363 93
289 362 15
113 138 32
181 258 38
5 298 72
397 451 25
196 383 77
59 129 97
247 391 5
377 434 27
22 113 90
398 484 34
131 155 1
254 420 31
205 340 90
395 462 53
20 497 14
103 365 41
353 462 26
22 37 16
203 295 100
12 190 62
93 303 20
189 290 47
5 171 73
242 386 82
309 341 22
11 327 91
100 299 59
245 336 38
68 199 60
70 171 2
10 252 62
279 377 15
108 392 87
49 260 42
87 258 23
370 480 82
373 495 41
265 340 5
80 121 16
238 450 73
230 357 95
61 482 87
386 396 94
229 230 33
385 471 16
130 462 75
197 212 31
115 230 24
13 177 70
149 275 46
95 145 69
38 114 79
129 194 34
372 414 39
108 384 55
196 456 32
320 456 31
277 473 29
488 499 63
112 294 38
28 262 45
54 253 30
69 485 50
185 335 49
47 69 67
379 449 12
317 483 82
294 453 90
268 471 2
19 205 85
254 359 7
448 476 22
333 347 44
0 337 7
99 268 52
282 312 10
240 395 19
220 310 86
77 218 35
155 243 70
167 206 31
123 364 63
225 405 6
236 352 38
179 267 48
368 469 46
72 236 29
109 166 42
286 446 90
306 431 85
82 442 74
130 356 13
235 382 60
26 237 16
203 250 26
282 287 19
184 324 34
109 417 85
260 288 12
250 447 74
360 429 2
16 315 73
443 456 41
69 192 1
24 466 72
18 141 32
147 172 18
193 396 89
202 329 72
88 332 67
366 485 70
103 132 12
227 409 10
110 458 90
94 128 39
11 480 81
414 448 18
57 106 96
201 275 18
274 314 83
406 444 53
287 491 23
13 246 60
35 387 46
290 420 84
97 236 1
46 86 63
344 493 65
452 472 21
111 307 99
257 396 57
113 415 35
223 430 8
478 487 75
462 467 60
33 383 95
381 395 34
219 313 33
328 443 90
210 357 63
350 378 95
41 153 20
355 490 97
24 302 90
232 373 60
19 241 25
97 274 86
99 370 5
144 406 6
228 419 8
297 409 88
87 437 62
77 259 3
58 447 88
110 326 54
263 414 99
36 282 82
159 262 30
103 425 70
213 281 31
231 301 67
359 420 98
347 462 26
269 353 84
67 221 66
233 294 79
306 468 92
138 382 55
26 291 59
154 348 6
89 401 46
157 233 73
29 306 96
227 375 38
136 184 5
143 289 69
234 422 66
45 213 53
202 334 28
83 149 68
152 239 49
406 463 35
3 122 39
2 356 39
33 349 79
289 411 55
143 454 48
283 398 17
11 156 100
343 364 36
198 295 7
3 431 55
23 436 32
392 408 76
65 366 65
313 342 12
162 179 29
4 264 33
82 183 27
348 394 15
210 247 56
116 258 99
79 117 69
78 400 18
336 375 63
395 429 29
286 359 99
330 431 25
147 322 71
166 380 87
47 406 27
345 356 45
253 462 19
217 472 31
11 310 90
304 490 60
306 492 96
360 446 92
7 430 37
53 98 92
10 146 30
138 218 24
184 193 75
144 196 99
71 140 71
86 404 98
153 480 47
0 318 65
79 261 30
261 352 97
275 306 40
142 332 58
99 108 26
292 329 77
417 447 72
30 229 19
58 306 22
52 405 18
282 497 42
36 411 82
25 459 35
178 184 87
244 344 40
36 391 15
175 423 40
265 433 8
339 491 44
136 232 35
16 306 68
265 350 12
25 287 39
210 488 2
72 402 6
68 422 40
318 353 41
187 484 30
316 323 88
405 486 54
192 316 53
76 444 43
216 366 89
40 148 70
177 447 82
236 465 35
12 295 31
310 390 53
100 150 23
139 313 24
164 438 33
75 109 57
158 390 54
101 171 13
176 346 75
375 383 19
190 286 7
150 468 6
51 100 33
74 89 89
105 308 60
404 448 62
82 101 91
248 361 64
369 443 8
218 358 81
60 247 94
157 338 62
99 139 36
32 450 15
349 458 33
334 409 64
244 369 21
12 38 1
187 261 89
154 285 46
389 476 15
420 459 12
13 301 97
181 459 73
84 209 4
323 457 69
314 360 51
236 382 16
19 257 67
50 361 74
447 449 87
271 453 31
265 354 39
88 301 49
53 488 63
88 166 92
6 10 57
394 417 3
240 377 67
89 170 83
68 108 54
56 437 99
55 473 95
58 462 44
442 448 51
175 464 93
50 235 24
83 99 99
339 348 54
363 417 60
394 480 62
139 491 37
235 391 44
161 244 79
209 381 78
400 428 88
221 355 18
165 329 20
380 389 82
157 306 43
265 499 52
124 438 49
87 375 65
40 249 22
85 352 55
149 333 20
109 343 2
142 159 16
225 372 81
126 226 11
209 497 85
54 404 78
108 387 20
151 256 61
113 308 49
14 90 73
405 455 51
250 426 38
142 497 46
290 334 52
110 346 31
114 485 52
187 390 45
262 383 91
232 367 8
240 359 92
227 379 42
147 200 96
116 310 85
173 425 78
148 248 35
19 290 79
71 478 97
36 485 15
12 124 28
311 353 94
107 407 75
65 181 91
141 275 28
21 254 65
144 477 60
194 249 40
11 76 21
176 211 98
401 428 97
150 450 39
400 474 56
148 160 20
176 304 54
174 448 88
369 418 84
114 422 77
99 462 40
148 303 71
376 498 3
372 411 8
306 428 80
83 290 58
343 494 44
40 46 20
214 499 20
212 380 65
116 495 59
122 126 45
156 310 58
57 184 77
178 185 68
391 395 73
204 427 32
289 325 96
112 282 44
201 442 93
29 457 13
129 386 87
366 467 73
151 377 83
328 445 38
54 122 8
315 385 48
69 396 60
130 495 16
68 460 62
223 388 49
128 244 83
229 454 41
288 380 10
103 336 77
315 321 62
15 382 14
277 495 92
39 330 82
415 430 44
113 402 48
220 489 34
165 318 40
311 334 99
204 337 70
237 347 13
355 408 46
151 245 100
267 460 16
264 403 9
294 338 6
79 237 70
173 209 77
41 431 97
41 147 15
110 347 67
79 289 20
114 204 88
65 197 81
283 301 78
62 67 6
204 235 90
172 298 4
41 116 47
23 295 47
183 463 37
169 409 28
108 418 99
46 341 30
74 337 50
60 212 67
5 157 44
128 155 29
176 287 69
132 412 86
172 350 97
296 310 80
178 293 99
18 288 90
18 324 98
17 431 90
113 117 11
89 263 50
94 317 93
258 361 40
4 303 23
109 487 74
30 90 9
200 224 76
70 155 27
151 229 33
458 488 46
35 493 72
274 458 62
4 462 40
54 131 34
93 482 35
96 277 30
327 371 30
162 275 93
13 313 17
16 404 36
291 319 48
67 148 93
27 407 5
200 384 67
154 404 60
34 430 9
9 363 11
245 364 55
383 489 89
283 411 98
139 375 76
431 485 75
323 388 7
75 165 76
49 310 30
135 364 85
239 455 1
226 268 21
321 346 43
179 245 59
171 250 12
183 432 59
227 419 100
379 390 50
151 284 81
296 474 20
132 330 48
139 254 31
88 427 63
406 427 59
92 148 27
282 301 18
210 495 50
284 313 36
258 355 28
156 426 92
15 434 41
25 205 35
115 424 42
239 308 31
442 492 61
293 354 47
173 366 18
220 413 32
300 319 95
194 360 23
277 391 50
288 408 89
60 460 89
58 444 99
13 48 18
51 381 61
267 499 77
193 323 71
309 416 99
21 155 74
272 279 2
85 460 78
268 387 54
61 247 32
205 450 97
105 199 100
288 414 91
94 458 84
264 341 5
123 359 10
108 113 88
49 85 8
269 415 67
227 381 99
238 267 43
292 294 86
245 376 93
495 499 57
208 482 14
168 174 65
33 363 31
195 377 62
141 189 66
107 136 96
51 342 27
49 357 84
276 401 90
291 307 17
200 245 67
35 496 7
169 419 96
0 320 37
207 352 97
192 334 3
250 441 44
306 377 33
126 132 41
59 113 71
92 388 16
92 165 4
37 134 17
52 156 23
56 142 76
40 403 15
221 448 59
126 136 48
49 206 93
165 396 79
7 81 18
126 368 7
213 230 19
436 479 89
51 401 54
53 284 96
124 368 37
100 197 65
285 374 60
207 275 59
19 465 44
130 278 28
332 393 4
267 392 6
88 208 45
331 443 11
115 446 66
136 408 28
97 441 98
191 206 61
59 248 82
329 414 42
359 380 2
485 490 66
54 368 99
116 254 72
113 162 33
17 326 71
312 408 23
280 355 71
156 440 37
241 369 34
223 439 92
42 129 100
177 317 28
247 452 87
266 296 12
46 53 51
86 252 48
41 56 100
280 400 81
58 278 50
60 87 62
132 232 77
222 298 39
412 456 4
138 147 38
170 305 23
132 303 56
36 471 98
42 450 84
250 375 65
269 438 50
190 337 98
435 448 64
53 389 11
240 376 96
211 405 3
336 463 28
97 266 20
170 246 15
60 344 31
277 363 17
466 486 46
78 468 11
80 365 63
200 423 46
156 229 77
21 132 69
70 231 79
31 385 90
42 137 59
88 367 79
165 471 32
116 401 38
145 293 51
118 322 78
117 221 38
301 473 18
136 238 59
425 427 13
147 381 71
151 429 33
284 470 84
121 241 93
10 344 90
261 281 48
196 274 78
320 493 36
97 124 40
29 438 51
356 406 67
197 429 79
383 435 11
8 56 43
23 320 23
346 479 100
82 202 68
3 5 39
115 183 63
398 468 98
138 361 37
308 358 8
344 429 29
7 300 5
143 374 92
124 199 49
46 73 41
384 425 15
218 270 98
249 440 7
73 334 90
259 404 40
277 398 15
138 348 58
431 482 92
315 455 85
225 317 49
154 439 23
330 408 15
140 394 90
166 378 55
173 329 70
115 185 22
58 374 66
280 336 5
30 125 20
114 199 59
129 162 60
6 376 27
53 137 41
176 495 22
48 484 64
97 180 72
302 484 21
5 224 84
54 297 4
42 156 63
114 176 37
1 398 16
48 285 96
18 96 12
14 291 42
2 496 59
88 467 75
422 497 3
137 425 65
207 437 49
142 420 12
101 140 86
149 203 49
181 326 17
351 498 16
282 397 84
114 455 13
160 493 41
103 357 52
97 250 51
192 260 8
91 329 45
322 418 13
61 357 29
69 418 70
159 434 7
319 363 27
401 426 43
92 197 13
74 438 86
20 61 68
153 232 54
402 407 56
217 403 47
377 431 66
225 308 81
229 276 6
4 412 1
31 374 97
151 308 39
116 309 56
64 418 5
74 476 48
2 237 96
403 433 8
459 463 16
155 498 9
347 453 83
373 484 51
249 322 83
111 348 15
192 432 27
76 223 37
26 306 8
20 54 27
69 322 96
130 242 31
92 362 98
344 423 80
308 421 98
84 182 36
91 312 71
325 371 62
107 300 74
107 477 2
224 279 4
260 321 12
252 458 4
6 328 79
103 109 47
16 353 79
384 456 93
46 423 18
193 361 95
199 280 34
440 498 40
136 200 3
160 323 85
23 63 70
224 388 46
22 25 76
114 436 52
103 460 40
98 296 86
285 383 60
41 410 45
333 470 43
125 139 32
194 224 36
135 148 87
307 446 79
85 421 81
213 329 95
150 461 16
18 428 38
141 361 11
217 340 61
246 362 55
44 311 34
276 405 25
51 318 99
18 62 86
239 483 64
357 415 84
4 172 5
16 439 24
39 178 60
268 422 79
385 408 77
89 411 79
176 389 91
99 104 43
11 30 40
1 449 45
268 333 99
133 338 78
1 397 23
325 468 69
306 496 69
123 425 80
235 486 95
68 153 8
156 171 80
64 299 13
21 92 67
313 335 65
352 359 78
64 479 22
28 460 68
96 422 76
62 486 38
17 219 44
196 343 44
49 51 7
86 497 94
231 261 39
96 257 67
179 458 57
255 344 86
67 247 22
181 360 91
416 455 23
355 360 57
261 361 2
208 410 51
339 461 66
20 367 41
127 276 36
126 473 30
244 335 58
81 261 33
379 448 49
107 291 37
346 466 36
130 205 63
205 389 53
31 452 17
21 156 48
90 154 96
230 416 2
88 228 72
87 241 30
253 427 87
199 424 4
130 440 42
252 477 9
41 141 21
163 368 27
199 243 79
118 288 70
61 157 49
113 462 50
122 292 47
323 339 93
352 368 55
149 254 88
162 306 48
370 460 15
18 208 43
109 232 86
146 257 77
224 482 99
110 240 42
105 262 34
118 380 21
65 224 16
261 404 40
85 335 24
36 233 93
69 489 10
93 255 79
48 468 16
92 363 93
229 355 22
66 476 9
77 461 43
387 400 64
235 400 99
279 369 33
89 104 4
419 489 9
232 294 82
82 172 48
6 397 91
405 491 74
126 336 98
293 296 40
33 297 81
390 497 83
263 447 32
331 371 4
299 330 32
107 414 37
135 303 5
24 130 96
142 144 4
353 440 48
55 148 62
192 271 31
67 218 16
67 233 30
182 394 65
220 412 75
256 450 44
6 207 16
135 460 33
42 72 13
19 132 15
206 214 71
133 198 81
41 122 10
88 142 87
327 455 90
74 218 56
115 254 24
328 343 33
338 432 81
33 73 86
54 176 78
30 81 83
60 111 41
24 421 22
213 444 18
95 209 57
364 497 61
343 375 2
95 297 88
72 218 19
287 336 9
178 457 37
20 90 66
87 89 17
182 262 34
21 450 95
227 308 32
118 371 11
4 45 68
145 483 85
156 282 34
202 432 68
84 211 84
5 464 93
131 304 18
478 481 27
72 429 65
142 283 8
249 458 8
237 409 53
29 211 98
70 140 7
334 348 1
19 479 100
226 256 2
404 485 42
107 355 87
46 486 85
45 241 15
244 428 27
332 442 69
136 211 64
114 234 98
172 421 1
37 398 58
35 438 46
345 464 36
5 38 83
311 408 76
161 335 65
204 341 91
112 390 44
99 377 1
397 470 3
38 323 12
348 490 49
125 389 63
33 287 9
15 431 76
136 270 19
19 179 24
46 466 69
391 428 26
119 124 81
52 165 72
257 348 90
93 400 1
97 228 79
243 442 87
436 455 12
33 46 70
175 334 32
30 262 73
244 402 39
82 100 28
188 330 19
2 263 54
96 292 70
168 392 65
5 381 64
129 222 33
22 471 35
135 221 5
126 333 4
12 362 89
53 316 54
158 187 68
25 245 56
27 55 58
137 245 58
292 472 40
191 453 17
104 308 98
151 191 70
167 387 25
257 284 85
375 388 75
194 442 48
2 38 57
461 483 62
94 187 57
214 295 94
105 435 23
19 213 25
283 402 38
106 431 35
375 398 32
152 288 98
24 282 57
171 238 84
327 365 74
85 351 67
123 193 83
291 326 36
10 458 75
141 204 70
371 440 90
89 123 45
65 120 98
132 191 33
171 333 35
249 428 13
82 445 5
75 335 1
207 398 96
174 403 55
18 224 73
52 320 10
299 439 9
76 92 60
247 422 42
111 385 10
54 493 46
446 461 75
96 113 51
32 58 97
11 61 47
291 368 89
25 269 85
127 142 43
15 187 24
9 340 4
20 99 35
284 292 1
53 223 41
227 296 2
209 467 12
264 460 29
49 123 23
203 311 18
248 353 10
188 200 12
304 324 67
170 445 17
164 273 45
244 273 89
197 441 50
230 236 15
126 196 78
162 353 61
463 472 33
221 423 66
216 391 36
279 397 36
143 463 24
164 356 51
417 418 64
104 232 87
122 490 85
222 288 56
151 326 18
245 415 94
97 353 93
37 199 25
144 376 86
38 295 66
388 479 13
35 174 40
165 247 47
279 484 38
156 220 13
289 495 66
405 440 30
22 479 2
198 306 7
373 428 90
40 461 35
60 107 22
325 480 47
279 350 10
190 222 31
82 471 72
4 229 3
19 489 59
73 289 46
101 265 7
186 332 89
19 161 85
18 230 56
123 300 49
131 465 77
58 258 31
154 419 77
373 494 41
220 262 30
134 241 81
229 451 21
4 195 24
272 307 47
148 237 51
121 214 55
285 373 26
188 407 27
189 459 32
41 278 76
58 131 63
256 372 76
408 479 55
375 424 7
159 471 46
376 485 58
212 499 83
297 470 40
192 384 66
127 472 53
2 248 99
149 408 43
120 242 20
170 297 47
140 422 10
251 275 89
4 362 69
177 355 42
56 479 15
342 388 8
309 322 42
82 144 21
135 171 23
173 189 62
242 260 46
155 181 71
165 413 100
56 133 50
140 474 34
213 351 42
431 454 91
120 328 10
26 43 44
52 480 85
355 386 86
184 339 86
162 460 10
159 484 39
59 449 92
60 338 72
117 213 35
66 339 87
25 153 22
100 298 77
229 407 43
1 86 51
2 294 21
236 354 2
47 118 64
134 308 34
14 302 90
404 480 27
142 322 68
39 487 58
318 404 90
27 211 83
206 275 96
93 152 92
32 390 7
147 359 85
265 476 96
383 395 28
27 157 93
8 495 39
39 231 49
97 183 58
135 147 37
159 478 14
64 366 47
14 345 27
84 488 24
301 354 2
352 364 15
24 390 33
232 348 55
392 411 64
103 256 51
124 186 22
164 419 1
196 426 7
465 495 39
76 103 95
336 404 93
59 356 14
207 353 19
44 442 38
68 132 45
303 354 10
166 361 38
139 140 67
179 472 57
158 194 28
192 464 94
13 201 92
167 198 35
76 90 42
154 413 9
404 492 7
130 223 73
230 497 2
353 459 57
338 365 15
306 414 88
0 265 79
167 373 52
112 209 70
285 349 32
80 405 78
286 346 3
376 395 46
241 490 22
158 174 60
82 306 67
202 311 43
271 276 28
94 431 82
128 387 30
190 396 51
188 191 69
70 354 63
5 206 57
410 412 78
45 397 41
130 418 73
123 210 56
196 486 1
104 354 60
93 349 32
291 498 30
84 315 37
11 299 76
345 360 89
276 386 78
206 320 43
122 218 89
335 430 89
6 230 26
161 490 56
89 128 33
85 310 17
163 306 28
45 346 32
107 368 84
308 460 65
393 411 37
150 414 54
414 476 81
215 386 33
72 75 77
182 339 63
236 431 77
199 405 60
46 454 71
45 79 49
39 410 45
336 442 71
415 426 72
350 414 61
46 455 94
129 374 17
49 439 4
163 483 42
204 240 88
69 185 84
82 244 72
345 351 30
304 419 100
18 414 84
198 439 7
46 172 81
3 242 10
88 469 57
153 216 4
246 417 19
67 404 62
145 350 39
126 221 37
341 499 60
