500 9300
0 12 63
12 26 35
26 27 68
27 43 19
43 45 25
45 49 18
49 58 91
58 62 35
62 63 63
63 64 100
64 68 87
68 78 38
78 83 74
83 97 13
97 102 59
102 140 83
140 142 7
142 146 27
146 148 19
148 150 14
150 153 41
153 155 37
155 163 86
163 175 63
175 184 47
184 185 86
185 204 59
204 211 29
211 212 71
212 229 46
229 238 95
238 243 55
243 245 97
245 260 79
260 261 24
261 271 70
271 272 98
272 275 69
275 295 61
295 300 43
300 304 52
304 305 46
305 306 78
306 352 69
352 363 72
363 364 49
364 387 73
387 407 27
407 408 90
408 409 49
409 413 17
413 420 34
420 432 65
432 438 58
438 444 48
444 445 56
445 446 88
446 455 66
455 457 66
457 464 85
464 466 77
466 468 86
468 469 52
469 476 4
476 479 36
479 483 94
483 497 42
497 499 37
43 493 99
335 491 48
100 345 9
175 292 42
271 462 21
29 81 48
28 109 13
117 370 54
350 409 89
74 423 6
95 164 64
33 279 85
330 371 64
388 427 58
391 497 79
149 187 54
205 207 54
100 161 77
80 487 87
34 385 10
3 63 56
58 312 60
248 489 96
283 483 49
219 283 37
194 420 70
225 295 18
386 490 76
170 333 23
312 395 78
316 443 99
137 410 78
61 487 65
231 404 17
57 227 46
90 342 11
4 142 77
294 380 57
130 174 49
9 467 68
59 154 30
341 452 4
317 489 87
273 323 31
422 427 73
48 103 66
410 412 52
138 456 91
243 323 66
344 406 43
214 350 36
170 307 36
336 483 88
218 438 45
417 443 100
124 313 4
320 386 19
159 225 29
189 328 16
169 482 64
270 271 86
197 470 23
82 364 56
425 459 21
15 465 18
22 217 89
26 349 12
9 181 48
92 485 10
215 319 18
111 492 56
387 412 60
18 56 9
328 335 17
360 461 82
77 321 89
283 430 78
46 360 6
467 474 81
393 426 81
94 459 2
71 188 35
190 240 46
293 328 2
174 317 71
32 165 99
32 228 44
108 344 66
385 424 85
132 307 99
63 229 13
255 445 65
357 367 90
256 343 46
13 209 87
366 477 34
130 430 51
38 185 12
79 373 46
122 183 72
17 107 97
313 342 19
105 238 63
277 361 100
79 267 51
70 421 77
136 200 46
275 356 78
190 495 97
85 217 77
155 304 5
184 427 59
151 196 96
378 450 98
81 267 62
90 495 28
157 465 39
102 383 92
192 434 42
238 323 58
345 433 23
78 443 67
81 463 66
178 457 65
108 465 7
7 234 36
350 432 7
477 486 3
68 246 14
337 429 8
17 142 89
127 224 18
328 453 77
66 321 94
59 179 38
190 493 59
322 456 53
91 419 10
292 324 64
27 496 32
91 182 7
108 456 49
168 398 99
184 474 79
103 246 35
55 149 78
92 99 19
287 350 15
184 292 99
24 200 67
116 388 14
137 448 87
2 486 68
49 155 46
178 400 64
318 342 18
168 461 52
338 397 54
373 436 32
311 412 29
428 452 77
81 446 85
257 314 82
119 446 64
316 366 52
376 449 89
163 460 6
89 493 36
215 313 19
242 437 12
128 200 68
120 325 14
54 160 28
94 187 88
292 302 99
123 146 33
335 454 56
55 343 75
161 202 29
79 151 87
139 241 65
185 443 43
34 450 25
392 476 70
251 377 8
114 120 91
144 172 97
38 437 63
66 381 59
95 99 31
78 342 63
369 460 47
44 59 87
102 122 12
155 283 74
192 483 29
11 330 35
195 446 16
336 341 12
275 326 89
27 145 11
19 250 74
47 169 45
85 226 58
285 381 6
46 385 77
264 366 69
281 323 65
132 355 36
241 391 58
125 315 82
337 425 68
260 451 8
348 461 67
69 410 13
385 449 40
244 412 38
256 411 10
162 309 9
155 422 37
197 375 3
68 299 34
186 382 65
74 165 53
206 446 1
54 62 7
138 389 27
100 347 18
97 177 92
25 112 7
69 329 48
64 377 38
160 355 5
234 355 80
293 388 20
146 437 25
235 446 53
34 375 81
120 122 67
126 336 14
59 371 59
282 474 16
125 476 74
218 467 55
108 326 40
301 344 32
157 395 40
224 323 15
230 314 62
10 392 35
211 427 30
55 410 44
24 392 97
324 373 16
198 283 71
11 408 4
254 316 53
200 256 48
66 207 7
252 381 90
15 136 42
326 452 90
25 312 48
80 404 20
176 313 78
5 352 15
25 214 37
14 477 46
190 345 70
126 370 14
306 392 53
168 186 44
104 468 60
277 458 86
52 351 69
98 227 93
429 480 18
26 52 59
147 381 54
182 338 82
354 482 62
310 423 86
425 469 21
31 312 78
161 249 20
128 450 33
12 39 50
31 161 43
141 456 8
23 484 37
157 335 66
296 469 29
24 308 59
13 285 95
83 300 56
122 180 13
87 361 58
323 375 85
110 446 10
444 484 64
5 261 56
11 437 13
390 478 41
449 498 54
107 271 17
113 397 68
210 325 88
188 223 43
79 185 27
88 342 28
184 335 55
94 400 2
246 248 76
92 487 94
49 174 91
263 364 41
67 80 24
91 297 36
345 483 81
168 208 21
274 487 50
187 445 22
396 457 99
415 471 21
313 389 59
152 492 49
112 219 25
131 303 51
318 421 24
62 270 85
165 458 98
108 338 88
360 456 38
206 236 22
423 436 92
351 359 55
8 327 92
37 351 2
209 384 77
382 410 64
45 349 54
330 413 21
146 429 92
91 349 21
226 334 45
13 406 33
123 365 68
205 391 24
112 435 9
222 465 10
133 409 60
316 367 94
339 493 98
234 385 74
378 478 50
141 305 74
126 156 10
187 450 11
86 176 24
49 312 96
22 172 52
119 234 86
134 447 17
303 394 86
226 244 52
294 481 52
273 499 61
92 169 89
8 176 54
191 327 30
81 253 80
166 340 21
31 246 1
24 341 11
168 408 73
138 396 1
31 43 86
211 274 67
69 249 98
82 287 99
36 437 48
104 126 15
319 368 2
196 453 40
35 142 94
6 109 85
103 133 76
9 101 87
331 353 66
89 116 71
150 347 14
310 316 68
227 495 69
197 273 82
133 489 100
177 381 51
20 489 60
9 59 68
265 345 48
169 205 39
370 395 23
34 100 73
17 208 39
355 478 35
325 485 35
175 496 56
160 308 7
158 201 7
72 213 68
87 425 1
247 274 47
84 317 94
345 374 100
57 471 30
224 480 40
212 423 95
37 301 16
137 220 6
190 390 60
121 302 87
341 483 12
5 367 96
152 155 85
177 361 37
232 435 8
230 425 73
226 248 74
128 480 70
39 363 28
60 217 68
216 369 18
124 198 86
224 235 1
97 258 43
358 394 17
292 470 68
147 322 44
71 352 54
267 432 75
75 338 79
169 289 100
99 268 24
50 169 46
51 360 93
398 419 70
408 449 18
148 388 40
165 343 20
106 359 87
204 477 85
280 428 32
185 262 9
51 464 4
303 347 36
8 416 3
18 432 82
101 419 75
224 460 50
74 380 10
350 396 17
219 474 21
75 199 60
3 170 64
29 416 6
246 468 28
206 434 40
232 340 58
209 331 11
389 404 21
67 337 82
410 432 52
162 363 23
69 145 62
38 427 52
70 306 72
27 415 91
205 373 41
321 377 19
80 184 92
166 358 21
228 418 16
132 328 55
284 393 5
137 436 36
249 371 71
126 313 6
275 430 23
215 359 4
227 277 20
185 497 50
110 334 5
146 412 85
296 376 61
157 286 6
152 163 47
107 471 95
297 327 47
4 210 45
312 379 16
135 464 50
43 366 37
8 450 45
122 189 51
150 315 28
108 459 21
25 82 9
145 352 92
290 363 8
79 130 36
11 191 6
87 136 36
234 419 21
333 469 64
161 447 37
8 244 16
342 367 74
0 312 1
124 489 19
155 465 11
24 27 9
223 418 38
324 414 27
89 302 18
4 241 96
19 71 6
286 293 53
149 410 34
60 134 14
9 34 74
276 381 48
453 459 40
114 116 28
207 388 78
328 377 69
222 256 58
150 329 6
60 100 73
1 180 76
68 367 78
460 478 19
40 470 99
56 111 39
178 475 85
63 234 13
76 330 55
302 421 65
14 308 87
107 265 100
243 257 28
58 407 31
201 353 25
331 373 35
431 459 8
15 392 62
111 123 33
360 491 84
192 194 94
303 342 11
453 485 6
231 321 56
138 330 29
308 389 25
38 372 91
256 358 92
60 388 91
455 472 97
392 422 15
2 386 50
172 218 17
83 216 29
32 271 57
256 456 97
373 466 25
179 478 81
41 92 14
139 191 12
298 488 65
88 162 94
176 457 47
145 290 84
77 441 65
150 440 69
290 294 18
305 351 3
81 491 79
211 242 9
130 317 4
316 424 22
216 280 33
196 267 71
58 367 53
60 455 48
76 225 98
13 154 36
64 419 55
173 399 69
282 287 77
153 300 52
43 222 2
35 63 68
117 257 21
344 352 74
361 449 72
185 327 84
289 414 63
12 306 31
45 54 96
70 468 90
291 465 67
115 310 81
165 178 88
253 255 38
195 228 43
67 492 84
19 345 99
18 404 9
101 427 23
9 483 84
178 330 91
253 446 58
297 334 54
106 455 45
26 228 19
94 444 94
2 69 59
263 287 40
3 378 39
24 25 37
299 469 45
135 176 100
153 356 60
62 228 68
144 155 2
203 226 75
1 254 81
45 178 4
214 472 95
4 416 88
19 69 94
53 317 59
384 452 40
33 172 83
64 243 42
301 323 94
64 456 23
88 274 25
22 144 13
71 264 99
185 309 86
256 470 31
46 204 89
170 278 3
133 313 85
184 306 77
441 453 92
199 230 65
227 232 83
451 452 71
171 378 85
144 377 96
141 178 64
267 420 6
67 403 99
363 415 61
22 198 67
82 341 40
162 322 13
68 499 56
270 418 71
304 384 37
103 276 37
259 266 16
160 206 54
92 198 79
16 234 40
191 263 2
354 393 26
24 218 24
160 495 2
12 271 91
58 176 62
350 366 1
176 410 100
119 231 5
31 331 39
3 326 96
127 427 71
184 275 90
39 351 90
114 323 69
2 418 74
47 113 44
106 494 33
226 386 92
103 424 27
83 268 88
190 414 70
288 290 41
55 401 63
323 408 30
130 206 92
249 433 28
232 346 12
89 94 49
243 378 63
474 488 63
44 439 98
241 472 81
150 242 95
232 384 37
52 439 30
387 443 7
12 344 25
173 499 97
87 381 46
197 299 24
38 72 88
78 442 17
357 470 34
108 153 33
202 407 22
76 126 66
388 482 80
364 378 68
81 94 29
57 491 68
4 299 73
386 468 11
292 377 72
145 215 98
190 494 9
245 253 4
257 447 96
370 437 82
290 316 89
126 305 3
408 460 80
333 400 31
440 447 15
173 422 93
427 479 2
134 477 81
78 214 46
46 71 55
15 182 4
57 354 51
26 187 9
82 181 12
228 290 71
352 417 94
247 441 11
263 471 97
294 479 58
11 154 52
152 291 52
405 428 79
88 91 36
28 494 74
11 110 36
72 432 65
233 344 97
300 308 98
323 438 99
333 473 86
91 98 83
273 288 76
325 497 84
135 405 36
374 382 91
396 417 63
206 357 93
46 329 43
3 340 23
382 402 99
215 416 53
260 447 1
128 428 27
38 397 7
12 339 50
124 451 95
101 203 23
30 170 24
0 499 21
207 464 92
19 189 75
98 121 38
119 461 86
407 481 70
201 326 22
256 424 26
277 395 87
62 285 50
369 446 36
232 493 63
23 273 28
69 480 54
74 468 18
32 494 2
226 255 75
114 150 8
209 246 40
192 380 22
163 316 8
380 432 27
461 471 37
133 223 79
214 372 35
194 217 28
259 429 3
462 475 41
62 166 92
174 235 78
350 368 82
91 134 13
233 451 44
333 491 96
124 359 80
281 366 58
65 162 45
193 441 86
243 302 48
115 411 46
60 408 60
174 180 70
176 247 10
47 449 96
51 255 66
216 323 3
46 376 23
242 300 16
188 496 19
176 179 16
146 153 37
104 216 21
71 471 39
16 177 77
58 250 44
124 159 92
49 245 100
472 482 98
65 384 22
381 394 75
119 247 81
92 391 51
131 369 95
444 471 41
46 253 88
295 457 91
25 220 2
18 37 35
208 459 20
15 294 55
92 343 41
220 318 4
14 57 68
336 373 52
5 453 26
6 190 19
135 292 66
66 98 22
301 445 30
190 416 45
53 239 35
69 395 54
63 440 95
125 298 46
270 453 20
193 400 83
167 310 50
188 263 97
173 497 55
151 245 52
225 309 41
345 409 57
349 362 77
436 485 54
319 476 87
219 324 95
200 281 75
45 133 92
86 376 44
34 168 15
89 312 78
65 410 75
13 127 40
24 383 77
246 298 98
195 258 4
17 287 41
78 282 85
39 166 66
168 412 3
109 367 52
220 331 34
263 273 28
81 432 74
165 476 25
35 233 13
107 374 71
23 24 18
116 130 6
38 259 91
261 381 21
220 471 49
369 489 1
95 196 78
215 240 73
141 448 78
225 319 43
2 461 99
463 494 89
170 354 13
7 488 71
32 447 70
221 495 29
35 311 65
27 123 8
26 456 94
236 450 44
18 66 71
270 334 39
44 98 65
129 492 92
406 431 87
340 410 82
112 338 28
180 386 50
82 460 96
298 390 36
216 245 98
52 372 62
274 299 66
482 496 74
0 43 73
300 410 88
26 64 32
222 434 98
288 341 91
76 382 27
367 376 55
89 422 71
234 292 46
16 360 73
184 321 99
312 455 69
125 392 52
244 466 86
272 466 26
87 413 6
97 165 32
156 395 91
356 461 84
241 286 84
186 374 70
335 430 79
319 391 11
19 458 92
69 102 85
210 285 38
420 498 71
77 256 33
169 492 74
45 252 30
463 465 21
33 155 100
204 432 6
419 469 42
130 230 17
157 315 50
75 314 66
176 382 99
35 412 42
164 386 29
235 438 64
47 239 72
329 439 9
165 274 83
299 490 78
53 436 24
6 340 97
220 306 24
196 229 12
103 161 21
109 423 68
179 195 24
254 473 50
15 103 93
282 402 63
307 425 10
91 108 3
65 137 58
272 411 82
156 205 37
161 444 42
51 439 55
99 420 18
29 463 88
89 492 26
171 324 41
98 206 97
85 407 47
51 454 26
11 38 3
268 343 41
204 382 20
35 428 49
78 240 62
353 420 91
88 421 7
186 454 62
158 174 55
181 250 20
461 498 65
68 371 45
248 255 2
101 115 23
49 335 86
421 478 85
284 457 72
108 486 52
37 388 98
41 373 63
4 492 22
8 337 55
150 322 5
440 478 4
99 207 99
296 299 21
195 358 3
140 259 80
252 497 42
226 383 18
277 367 96
108 209 87
94 383 41
40 124 65
212 426 62
208 237 41
339 403 29
442 462 35
74 331 51
258 400 82
279 493 4
371 471 95
56 480 82
354 489 38
24 340 60
156 318 98
119 172 33
227 483 80
103 363 72
307 373 42
355 359 38
149 426 63
94 219 82
68 151 88
62 312 95
240 273 21
98 473 87
55 373 3
54 229 28
86 227 86
78 163 42
224 378 80
70 138 6
86 389 43
80 462 9
7 450 38
23 310 42
209 476 40
130 460 76
194 358 55
169 179 90
28 102 82
79 463 14
172 445 72
105 452 90
0 350 59
223 236 21
138 338 32
325 397 68
269 313 67
52 144 54
209 444 52
99 474 76
148 209 88
194 226 36
71 411 22
8 415 36
218 321 85
54 418 8
68 156 41
117 275 10
13 137 89
23 72 30
164 491 88
6 186 47
102 172 62
186 281 27
0 326 16
139 483 55
152 352 5
12 458 55
23 150 2
198 393 44
57 274 12
260 313 41
182 281 92
147 294 83
109 114 83
149 222 44
82 397 20
53 176 48
106 285 96
283 314 35
65 470 85
286 342 30
328 458 76
185 223 73
352 446 81
67 217 53
41 416 29
49 265 55
158 301 9
72 167 20
106 393 100
61 146 9
59 233 80
151 288 8
109 393 69
460 480 37
14 469 64
101 454 97
97 233 9
18 497 45
78 111 98
110 452 39
68 313 33
328 397 16
121 189 83
7 151 47
417 437 99
1 153 4
3 488 80
41 256 81
158 496 76
98 187 70
220 383 90
35 72 5
199 362 77
293 321 5
96 305 19
143 421 70
105 349 56
128 307 20
420 453 51
220 314 31
368 483 87
199 436 58
113 372 77
336 413 77
340 468 46
33 105 28
169 313 13
63 173 95
58 280 25
107 239 58
305 496 91
253 438 73
230 237 91
18 353 58
107 206 21
81 100 55
333 394 34
5 155 83
344 363 90
270 345 37
250 483 76
73 341 49
427 452 84
417 491 73
8 399 13
126 197 26
122 498 60
98 353 11
140 488 95
163 171 13
327 368 83
317 364 83
53 347 60
100 398 74
122 443 51
3 366 49
186 415 61
210 253 42
161 245 26
169 325 57
196 347 90
16 109 55
155 455 61
166 476 34
75 238 74
259 488 21
61 327 62
129 308 42
285 318 78
9 293 85
294 368 69
32 419 69
264 432 9
54 103 100
309 332 89
358 482 20
11 263 28
380 462 17
70 206 18
43 473 38
296 380 17
140 468 30
384 387 36
39 187 96
106 448 49
158 377 52
156 302 47
133 453 2
51 236 19
222 449 31
232 344 8
11 364 99
33 289 44
226 294 37
53 377 4
73 425 85
21 308 21
63 412 67
197 482 90
158 238 40
282 473 65
438 465 33
83 127 70
176 265 22
186 254 99
158 283 34
110 293 35
365 429 32
26 438 78
146 217 56
16 238 2
49 275 48
49 447 79
49 213 31
90 419 48
234 481 31
232 417 79
112 416 55
301 331 99
292 463 85
83 435 90
51 97 35
377 405 78
120 137 87
150 364 45
16 219 97
14 341 42
36 282 66
317 432 64
45 87 43
93 131 100
348 446 60
60 135 60
104 264 6
167 382 15
53 340 15
176 478 19
88 160 74
381 407 76
172 356 70
74 473 57
32 483 69
201 465 16
461 463 63
305 409 79
200 423 57
362 428 48
239 391 14
399 494 53
210 475 6
74 76 91
86 108 65
284 331 21
165 268 92
279 290 88
197 314 56
19 48 51
200 350 45
170 477 45
42 114 42
148 489 48
68 186 57
165 322 55
43 490 78
179 241 54
245 360 56
109 465 81
53 389 7
76 433 86
163 383 12
16 114 31
66 376 27
269 388 15
214 243 24
211 346 31
60 185 80
67 224 78
209 455 91
16 166 77
161 238 75
291 398 5
10 492 92
198 229 27
84 108 12
72 387 81
128 168 100
60 443 99
363 427 45
243 385 58
126 346 38
133 160 4
387 421 42
84 457 40
10 371 3
64 481 97
53 473 31
127 149 1
82 262 70
289 318 45
316 431 86
241 394 28
149 297 16
319 349 82
381 396 55
35 289 100
403 487 72
96 202 41
320 489 21
98 196 94
293 498 25
156 424 87
259 292 76
363 396 39
414 442 59
280 457 98
194 277 27
177 499 42
32 337 49
431 479 64
190 322 6
438 445 41
0 127 23
86 145 61
210 356 99
93 144 51
30 337 71
265 290 66
116 342 39
84 464 89
46 460 70
51 149 12
148 149 87
200 431 89
330 458 28
408 416 96
282 317 87
223 487 87
224 365 36
347 378 12
138 422 76
286 331 48
24 469 38
318 333 89
144 469 36
253 403 31
206 300 83
343 424 63
106 168 80
92 131 22
9 21 92
130 457 31
305 459 87
321 392 71
21 190 62
64 430 4
95 498 1
77 252 49
197 335 100
56 246 13
341 454 40
254 428 31
211 482 30
157 454 22
47 133 8
78 357 39
439 480 33
59 252 48
411 473 16
32 319 81
30 200 32
25 76 71
156 309 91
95 146 50
276 467 7
57 496 30
94 153 73
255 322 90
159 164 23
79 136 72
14 312 63
364 441 91
118 174 100
290 298 83
21 233 80
394 497 36
41 167 7
186 341 17
62 226 57
47 187 45
22 175 12
37 298 97
463 472 88
119 370 37
118 379 7
197 333 74
186 257 86
253 269 6
157 334 98
102 299 23
137 471 91
7 136 66
288 301 65
165 493 74
243 395 9
285 425 82
226 384 72
26 93 90
80 128 42
236 322 67
137 375 41
167 313 88
31 436 10
70 318 28
25 226 93
25 166 78
175 190 12
161 235 35
94 356 83
241 285 56
116 127 80
54 75 60
109 161 92
224 278 69
44 440 74
362 434 62
96 271 54
170 476 6
61 301 51
155 378 34
398 459 55
367 398 90
46 263 85
46 471 43
186 259 10
238 489 36
161 285 97
226 291 6
124 457 10
5 381 56
407 473 85
262 400 98
257 439 74
204 439 26
206 239 70
91 290 22
115 119 4
231 431 84
129 172 94
231 313 94
181 486 23
262 482 16
74 296 25
324 360 19
46 303 30
164 309 56
127 369 92
152 423 26
68 306 70
378 434 41
347 403 64
48 106 87
252 391 32
48 82 14
328 459 19
118 172 58
270 317 27
32 349 57
44 158 74
110 151 83
159 324 86
119 286 30
50 317 21
132 214 73
262 476 49
350 411 94
359 388 5
307 411 79
96 478 4
195 315 50
149 444 90
344 428 8
114 236 90
303 320 31
176 415 81
66 185 61
3 109 17
31 458 50
91 239 8
3 247 88
300 467 99
89 420 97
170 350 14
76 323 12
246 386 83
0 322 10
383 491 66
209 215 8
113 449 31
73 217 62
47 361 11
225 261 90
141 143 42
69 201 100
135 136 9
227 301 93
98 495 86
104 268 43
375 487 45
258 432 94
146 273 97
13 24 80
105 123 93
204 253 6
4 136 100
59 393 49
195 444 59
216 277 6
255 336 49
168 417 51
57 246 64
372 459 28
161 365 61
125 388 11
86 269 2
68 152 14
108 444 96
31 433 97
65 370 71
312 430 8
8 162 51
141 334 11
243 479 86
87 142 56
163 478 86
313 358 60
211 385 84
144 220 83
126 220 81
131 378 57
75 249 83
223 258 77
9 338 10
366 400 85
216 368 41
333 401 37
162 485 9
182 424 72
46 138 7
320 477 36
190 258 3
277 440 93
45 89 76
349 354 24
79 166 91
70 486 85
261 293 75
71 75 72
431 464 76
162 419 45
109 444 66
1 476 16
20 366 50
164 267 71
7 398 82
232 352 96
189 299 30
259 360 27
153 359 30
24 285 34
105 240 40
318 470 22
137 176 36
95 181 14
33 192 23
101 192 60
106 491 100
45 499 51
62 375 27
183 251 89
156 364 56
78 186 32
392 442 29
85 359 61
213 371 68
389 487 7
264 495 8
109 430 16
48 357 61
279 297 50
419 447 21
120 231 8
72 335 40
114 351 81
16 200 38
454 474 58
164 223 30
327 417 22
53 303 60
113 179 8
167 198 44
146 405 30
424 492 10
68 474 18
91 387 3
234 279 41
339 446 54
239 288 58
36 179 67
66 407 92
53 402 62
100 486 43
0 42 87
11 144 95
279 351 16
240 284 29
89 469 7
446 463 7
67 272 70
80 323 15
17 172 94
369 409 99
48 392 99
181 446 77
441 494 24
282 449 89
407 441 82
301 491 68
414 417 55
418 485 39
103 375 6
302 403 46
3 84 10
119 207 71
223 446 93
70 156 44
382 437 94
216 493 78
21 290 54
277 435 1
34 346 84
270 323 33
272 434 17
30 219 42
69 115 58
150 387 9
45 100 33
160 340 5
276 360 86
213 332 67
347 363 18
137 206 64
67 81 24
91 230 98
215 276 93
122 228 100
246 493 22
121 359 90
2 462 37
198 247 92
135 159 66
8 374 99
0 290 26
98 248 17
206 326 2
340 382 31
46 90 20
257 470 89
290 455 49
163 226 85
280 380 61
42 83 63
347 419 86
40 216 72
66 245 96
76 267 69
235 491 78
258 440 20
9 248 90
278 334 40
223 295 73
12 350 62
213 266 63
39 231 100
28 320 9
10 407 49
186 275 51
365 419 6
243 416 1
249 284 40
63 423 80
409 472 60
306 336 38
298 437 11
1 321 54
141 238 72
310 345 43
6 279 60
377 381 20
162 434 24
55 394 48
329 438 54
183 217 14
98 178 26
25 158 13
42 426 9
101 411 98
89 376 28
332 469 17
182 370 54
80 191 9
93 296 95
110 192 53
147 184 27
6 304 68
103 430 22
80 124 95
82 107 40
263 482 46
142 474 30
59 352 50
274 463 77
170 230 38
84 418 99
30 117 98
196 421 1
196 213 62
271 327 61
46 404 61
216 232 13
113 440 84
216 256 69
397 487 52
63 278 35
8 320 80
362 438 48
147 233 85
38 268 24
124 399 62
20 23 3
16 263 56
237 458 36
220 389 56
196 302 19
98 205 32
262 312 78
113 493 96
297 460 24
55 163 46
47 406 90
148 482 98
365 492 40
282 475 35
182 383 31
107 149 78
355 498 100
24 176 43
200 433 60
115 272 81
240 461 11
186 313 91
216 271 42
76 442 3
7 70 44
32 201 70
132 169 1
49 441 29
312 317 98
240 278 36
262 436 15
161 229 92
65 242 30
339 450 34
336 450 40
239 413 14
234 260 92
130 244 94
40 145 35
53 401 24
316 487 98
166 497 45
450 491 98
104 316 69
188 239 56
63 197 25
198 353 80
187 231 74
12 421 44
145 166 94
150 225 39
130 296 48
280 491 36
262 342 95
104 163 67
298 367 29
119 468 63
206 453 41
266 347 62
250 493 65
95 179 58
33 323 27
81 122 33
323 367 68
207 260 1
115 338 66
80 117 66
55 372 18
58 162 72
107 393 61
61 285 37
137 296 5
50 111 52
38 183 30
291 332 33
166 424 19
8 64 88
21 207 75
412 487 44
228 266 43
62 122 13
157 191 23
148 242 51
402 420 74
400 450 21
224 277 65
61 231 50
78 154 51
105 340 57
9 47 53
158 422 86
84 97 54
326 489 100
82 476 16
361 378 69
103 365 77
225 430 35
115 426 66
58 170 22
159 284 64
60 471 67
168 339 28
135 406 25
99 289 96
336 490 72
145 314 39
82 207 99
93 494 12
430 481 18
25 333 38
10 78 86
61 217 89
192 197 98
64 359 28
176 493 51
166 394 11
13 131 38
193 271 1
281 456 4
146 215 30
26 299 83
158 245 55
269 360 69
35 300 21
136 480 60
123 325 11
16 104 34
1 108 12
409 478 53
214 231 5
165 396 19
37 242 24
120 256 48
331 446 76
23 43 4
67 416 6
2 263 54
210 434 81
238 285 73
190 475 75
337 420 11
258 481 77
4 180 71
148 373 87
254 385 9
49 159 35
4 406 4
70 476 16
47 435 41
278 321 5
105 119 49
285 397 89
281 332 96
153 483 56
141 175 88
282 298 8
94 343 16
295 494 24
7 24 3
348 374 27
25 390 9
258 433 23
432 456 2
446 482 93
20 332 7
457 460 75
385 452 28
68 329 2
340 361 56
89 359 84
110 360 97
341 362 67
185 372 69
80 198 44
251 340 19
74 367 22
239 244 61
405 468 38
337 424 84
231 427 34
279 294 16
202 283 55
228 414 38
192 447 94
257 451 100
255 420 14
68 141 62
396 442 45
480 487 29
220 309 6
94 363 88
382 477 62
184 377 28
49 51 52
61 379 97
104 453 79
92 213 27
250 381 44
207 347 88
304 395 1
270 408 29
80 82 93
251 468 1
136 265 76
183 252 26
282 457 15
153 264 28
28 228 40
62 195 78
198 202 79
69 320 62
63 385 83
129 142 97
77 471 75
167 176 86
62 162 83
78 133 86
185 323 43
264 474 49
123 486 22
210 282 57
421 479 80
23 202 34
279 465 87
163 362 72
281 466 98
227 453 28
323 475 72
328 409 61
92 339 37
44 412 12
104 387 84
101 415 88
322 458 78
283 285 49
48 129 49
36 193 64
346 411 16
1 286 55
399 467 38
104 422 22
87 369 47
117 372 28
387 433 53
157 195 70
65 309 98
169 402 80
54 284 40
48 271 7
42 267 26
226 469 60
82 139 83
229 278 80
117 412 35
211 324 98
60 91 61
67 153 42
41 170 16
261 291 61
47 171 19
39 109 55
68 107 41
376 420 23
242 463 83
236 445 22
70 142 96
145 331 37
291 301 43
61 212 35
43 85 87
424 445 78
106 160 22
93 382 58
90 477 11
223 235 18
195 254 12
126 202 48
8 249 34
69 346 70
39 77 36
107 459 46
9 141 86
333 489 18
45 222 15
13 233 5
202 328 42
213 241 23
31 371 74
103 170 34
206 444 65
49 421 44
13 487 45
244 415 62
52 256 79
100 342 75
101 340 76
103 449 72
173 463 51
65 132 26
272 414 52
132 269 4
208 476 36
233 253 61
77 350 87
82 352 88
156 224 7
401 488 19
305 335 71
110 317 33
47 285 97
27 109 88
69 487 31
67 489 96
83 495 6
355 404 19
259 297 72
251 394 13
321 457 41
444 482 33
281 288 15
191 416 84
330 449 70
15 127 98
202 228 3
297 482 40
255 344 86
387 414 98
52 157 96
177 297 75
276 433 29
189 378 92
230 268 41
43 231 10
187 268 31
234 490 97
252 418 29
318 460 100
90 195 95
313 473 90
73 428 53
95 152 100
25 466 64
249 387 3
66 254 57
30 433 51
56 366 78
220 418 5
354 467 1
29 33 51
31 241 8
12 443 14
191 462 76
125 381 68
125 436 89
97 120 13
20 472 48
416 449 16
183 448 30
95 157 59
109 284 79
309 373 9
267 477 40
17 346 19
339 373 74
328 484 12
147 325 78
167 449 20
53 74 93
80 194 45
252 454 60
192 320 15
291 413 31
200 242 77
260 310 88
147 164 33
72 303 81
241 419 77
81 464 7
135 314 68
189 331 92
295 353 66
151 224 58
45 299 52
166 181 9
56 487 60
61 394 100
18 106 92
282 390 69
167 415 69
200 284 53
214 260 4
350 390 44
56 329 1
225 471 80
364 375 46
155 318 20
116 407 29
340 466 37
60 237 83
136 163 76
236 474 87
54 122 51
276 426 20
269 464 64
167 440 89
38 136 24
114 257 91
103 344 28
19 359 76
45 464 32
417 435 35
448 484 90
191 466 21
83 328 41
272 494 55
116 172 95
221 419 90
143 436 63
44 108 74
20 274 77
32 395 5
64 462 79
338 410 86
27 170 80
168 250 40
62 286 88
166 384 38
172 327 33
9 58 54
164 497 21
113 446 88
191 342 12
147 252 94
208 304 6
92 350 90
193 497 3
186 435 73
92 458 60
318 378 13
400 462 6
213 312 83
173 183 29
177 246 84
78 147 50
322 395 8
100 147 51
41 375 29
180 300 88
95 266 89
154 391 35
154 321 85
364 430 30
214 271 96
53 450 71
221 435 81
136 148 80
237 410 11
33 420 73
264 267 77
79 484 60
100 352 2
5 460 83
306 399 13
317 376 34
103 412 23
86 96 31
54 395 33
106 280 23
10 57 1
30 381 18
125 415 30
216 395 89
252 348 2
168 288 47
27 459 5
111 300 49
100 356 25
163 195 85
169 309 78
1 348 81
85 261 64
87 236 71
214 387 37
99 351 72
44 453 41
120 470 83
27 347 91
109 243 21
87 340 35
253 427 70
227 450 57
224 245 42
209 249 17
73 405 6
189 290 5
356 406 60
289 440 78
94 296 25
218 344 54
196 398 6
176 315 83
178 458 15
225 314 12
340 422 73
110 268 71
37 90 98
423 452 93
14 37 58
27 357 60
63 454 80
179 496 34
245 373 29
55 436 13
352 374 18
138 252 68
38 390 85
113 239 100
2 342 8
406 438 56
239 364 48
214 370 71
114 455 12
321 433 13
294 486 89
88 207 11
376 453 18
64 352 86
58 352 59
54 328 1
167 481 2
127 370 67
118 259 10
161 290 34
50 202 71
205 327 79
227 249 24
190 398 98
210 296 82
141 168 5
151 230 89
97 405 45
153 159 46
77 319 30
178 448 35
196 490 95
358 440 77
283 385 49
184 423 52
15 279 59
377 385 2
12 19 33
305 450 17
172 456 89
147 155 42
74 340 28
267 380 67
291 424 64
287 474 17
3 418 74
25 178 23
325 463 35
322 408 22
26 281 37
20 471 93
29 255 38
97 347 31
250 297 6
163 409 48
86 173 87
141 491 48
169 351 90
63 477 30
135 137 53
96 382 99
307 390 82
382 484 94
283 324 74
61 443 65
153 329 66
356 408 11
356 498 49
138 250 1
9 103 70
316 459 88
420 438 87
15 139 45
176 288 81
283 304 71
205 370 3
304 491 64
157 474 34
101 326 81
167 331 59
234 296 11
102 109 28
311 475 19
188 352 58
87 449 50
317 426 89
67 449 74
44 54 72
380 420 80
46 480 76
242 401 25
308 388 24
7 254 11
170 228 26
327 380 57
119 477 8
72 97 47
341 396 85
66 290 68
139 239 6
9 93 94
279 446 55
228 391 50
81 209 37
55 330 21
90 343 60
74 406 53
105 371 14
312 350 62
25 299 1
92 231 40
196 403 46
64 205 36
353 476 32
296 495 20
283 472 98
80 130 69
45 265 19
193 429 31
139 253 99
242 319 4
241 261 80
98 356 97
282 436 84
327 462 24
70 353 1
370 431 83
92 358 54
143 401 67
14 120 6
289 480 35
10 83 77
212 282 80
177 473 92
218 325 33
203 391 20
51 67 53
235 301 83
335 443 27
374 476 65
225 239 10
25 323 62
29 377 53
54 351 56
134 145 76
66 102 93
137 386 56
18 40 68
94 302 2
92 390 73
35 420 12
176 408 57
330 453 82
160 433 98
44 103 89
208 492 63
257 497 30
102 191 21
167 177 85
95 357 25
2 268 70
92 297 65
114 277 2
39 319 30
77 377 96
93 272 39
222 443 25
245 367 33
247 303 99
2 465 4
152 376 8
236 405 52
256 494 71
257 469 14
19 433 61
188 388 34
237 437 1
21 73 63
175 405 29
99 156 76
259 307 40
273 451 77
203 469 98
124 201 31
152 305 77
202 308 24
300 498 33
205 322 43
225 368 26
119 394 72
385 469 13
202 410 93
267 454 90
122 245 89
30 36 41
84 275 44
411 420 95
133 295 66
147 459 43
17 253 80
43 193 15
9 421 27
26 441 75
119 410 32
20 85 66
269 416 67
59 385 82
226 272 77
268 335 27
259 335 64
344 370 73
177 235 24
172 202 36
228 420 68
206 292 52
183 480 25
286 412 66
141 323 67
18 22 77
372 432 99
94 191 6
282 407 99
310 479 52
66 105 35
200 463 19
202 243 70
391 425 88
67 312 6
167 323 82
195 375 11
149 314 65
207 316 19
112 116 56
91 175 36
20 462 91
112 180 27
5 16 71
318 426 7
119 418 35
215 406 29
346 390 26
44 417 82
406 469 62
145 428 48
8 153 38
168 391 21
224 472 27
312 410 66
108 481 31
234 383 62
67 94 61
316 373 81
331 336 1
244 308 20
23 27 33
70 406 10
25 182 91
0 142 33
124 279 43
75 97 21
145 493 11
311 416 94
299 470 47
142 177 18
127 360 47
139 448 30
314 343 2
416 492 83
227 399 9
262 388 2
197 488 43
152 357 89
200 469 20
88 250 73
208 289 5
76 497 35
350 490 73
23 379 35
274 329 76
194 485 92
139 326 33
336 338 92
214 304 82
115 269 87
160 369 43
70 237 31
224 260 93
207 493 7
13 396 21
120 481 73
122 470 55
166 243 35
41 213 25
412 461 39
100 420 21
274 383 77
379 463 16
33 256 38
446 449 25
114 187 16
13 468 90
179 439 74
249 483 47
36 449 67
305 431 46
195 252 88
40 343 79
185 360 43
339 420 97
12 262 36
218 409 55
53 318 57
349 381 47
252 438 99
253 272 21
254 313 78
74 156 35
126 403 69
173 331 56
230 249 79
112 472 99
111 130 54
280 415 81
324 440 99
5 306 7
130 382 58
370 488 75
343 459 96
8 108 56
261 499 52
149 220 87
16 175 30
64 257 97
390 491 74
492 496 63
258 369 71
347 421 37
87 337 31
119 274 92
37 478 17
477 483 18
61 131 33
233 459 15
258 361 31
44 373 50
66 277 12
177 280 25
87 189 87
145 363 21
135 358 20
408 457 53
131 414 55
181 479 11
390 490 96
152 166 26
257 301 36
90 301 30
26 460 45
34 445 63
201 344 1
147 454 42
18 422 40
227 264 81
107 286 28
69 278 94
21 217 5
254 264 28
4 293 100
155 307 71
3 177 20
359 414 66
9 358 30
356 450 63
300 349 84
214 389 74
114 401 59
142 157 91
108 299 65
105 215 40
24 459 60
227 332 56
6 20 49
202 424 16
34 246 68
60 300 50
189 362 45
2 129 2
64 318 57
320 392 20
167 300 7
137 140 48
435 480 45
44 425 40
112 162 33
370 389 35
232 402 37
115 172 65
74 158 49
137 449 87
250 267 37
89 247 94
175 272 83
264 452 88
136 318 63
132 392 87
225 276 73
224 418 1
83 356 69
42 179 79
26 274 16
107 398 64
319 344 96
57 139 62
334 434 22
327 456 15
212 480 74
75 125 80
98 471 4
110 122 36
111 254 85
146 334 43
146 311 20
84 188 57
65 123 8
83 225 63
275 406 87
159 222 30
236 296 30
301 473 77
227 237 52
428 487 3
38 267 12
152 209 63
268 373 5
193 250 18
242 430 16
456 463 75
89 191 21
412 489 65
240 495 61
215 450 44
37 170 59
130 312 50
51 226 9
134 245 80
17 199 33
269 419 73
359 390 50
97 373 28
144 248 54
0 398 9
443 466 9
15 493 29
296 368 73
256 364 18
67 105 78
68 192 100
190 386 28
244 348 47
393 472 92
20 323 57
81 401 19
169 231 15
317 417 44
180 394 49
19 39 3
403 486 44
330 491 80
59 160 33
173 242 75
29 314 50
95 309 3
119 220 39
304 495 1
220 437 57
98 346 86
129 337 12
285 473 53
214 447 96
44 271 45
54 389 37
18 259 98
91 463 19
266 345 89
88 369 49
189 495 68
109 257 13
199 275 45
95 117 21
88 304 35
115 170 64
338 399 14
134 401 16
60 474 85
83 438 25
75 321 61
2 393 51
84 185 51
339 345 58
132 471 92
161 220 68
110 185 67
66 358 59
192 258 34
85 145 23
87 116 51
311 345 80
103 471 95
381 458 61
259 426 25
17 136 53
21 434 1
109 300 94
2 452 59
42 66 15
57 445 72
48 88 56
69 187 47
104 291 60
191 204 28
173 380 9
276 423 24
220 409 42
215 366 17
23 112 12
304 437 27
80 401 4
107 150 6
141 460 1
340 386 6
399 475 10
216 246 54
89 418 62
69 101 68
48 240 73
32 326 100
357 485 84
51 484 96
30 233 26
282 363 68
104 293 51
216 387 2
248 314 100
58 95 57
83 121 94
14 254 30
41 320 57
379 490 81
152 389 74
217 425 9
19 324 18
16 24 25
116 132 75
63 428 70
11 291 77
184 391 97
228 452 17
355 490 17
319 384 7
204 337 35
187 439 78
342 465 30
7 313 24
72 189 71
124 268 25
165 201 45
158 230 95
52 427 22
300 441 87
176 490 76
55 115 12
386 477 82
205 233 36
439 458 66
100 365 15
133 302 52
172 362 12
234 261 3
41 42 49
334 464 11
153 303 23
361 423 60
23 320 12
273 297 44
407 426 62
292 391 66
135 254 63
168 390 16
60 396 94
222 261 68
202 214 70
83 387 85
339 341 100
212 389 6
315 397 15
58 301 30
306 365 37
119 249 22
237 481 100
38 56 54
83 397 85
149 490 55
97 289 21
87 443 99
147 474 62
179 252 25
73 490 41
398 438 97
326 422 12
131 464 55
214 336 14
31 489 93
31 369 88
296 329 30
285 347 9
356 396 18
285 385 38
98 306 55
94 351 85
320 400 62
192 257 78
388 488 4
290 374 37
387 453 91
173 417 100
32 346 24
203 427 32
182 285 28
4 235 63
169 495 74
106 377 32
370 423 47
88 456 71
44 334 7
289 316 68
105 365 5
353 449 6
107 120 32
74 101 95
285 393 40
215 253 52
197 416 61
181 499 1
90 128 7
387 454 100
243 422 60
140 356 95
262 304 65
327 405 57
181 320 62
306 474 97
348 381 84
229 373 17
95 362 19
32 232 97
18 123 28
257 487 33
33 97 7
331 398 23
277 389 22
33 466 3
295 491 96
242 408 94
357 416 91
40 254 83
215 267 59
153 213 8
278 484 84
175 261 3
82 461 33
228 281 13
37 60 23
88 391 44
263 465 65
113 464 21
26 141 12
167 203 91
59 420 17
280 387 90
202 477 79
291 327 74
144 253 35
146 196 91
69 411 67
345 373 3
314 417 50
336 435 50
20 425 98
33 265 100
268 380 64
169 363 80
89 491 67
98 158 73
22 486 94
44 351 86
57 398 83
175 488 23
3 371 54
288 454 69
12 361 93
18 280 46
47 215 23
63 322 94
334 444 48
68 469 37
92 386 28
242 315 48
243 405 100
392 443 33
211 216 33
355 429 72
121 287 8
308 455 96
213 278 65
29 95 58
118 304 63
187 456 80
210 332 16
283 397 14
278 346 56
257 280 61
121 148 79
191 222 23
195 257 9
327 457 74
20 393 64
400 483 67
492 497 17
325 414 40
108 383 71
411 492 34
264 379 24
138 496 10
16 381 77
126 270 64
132 327 40
55 366 100
271 289 58
1 247 50
111 227 79
172 277 63
248 354 15
144 402 17
209 420 62
196 382 59
148 461 20
118 343 33
440 491 58
177 306 100
260 346 80
75 308 85
60 410 82
164 251 63
292 431 48
121 375 16
308 333 10
198 477 2
158 474 61
199 241 95
62 220 39
186 271 34
52 373 87
205 311 83
333 346 58
10 398 4
404 464 9
251 346 77
93 153 77
69 181 13
98 214 22
334 486 27
175 247 96
305 434 93
3 261 34
390 459 33
7 320 15
76 394 98
151 417 79
119 205 1
156 213 74
115 420 47
117 239 11
277 327 81
174 191 71
70 398 7
166 296 97
59 341 74
32 396 3
385 388 19
255 476 19
247 446 44
126 383 77
115 489 43
241 362 82
278 365 53
209 364 41
382 444 45
92 319 37
98 234 79
291 364 23
103 245 76
316 419 47
26 381 63
131 165 10
353 369 51
297 393 96
123 372 28
91 169 21
27 246 8
324 356 89
111 238 98
75 115 99
133 162 30
61 428 52
320 387 10
352 358 18
277 476 30
67 121 66
60 259 79
149 203 50
167 217 73
325 475 19
115 129 14
1 66 17
113 395 16
129 323 2
147 425 65
253 471 96
71 108 22
73 370 10
211 256 5
106 165 33
331 437 64
210 467 39
19 119 39
103 348 47
300 497 3
212 396 72
288 366 26
95 204 93
45 210 69
218 489 60
98 338 70
81 375 67
62 258 1
386 482 99
189 273 33
86 225 65
42 204 29
338 459 34
349 372 33
254 415 34
156 478 4
210 309 48
225 396 25
117 430 30
322 405 91
66 232 11
119 169 67
274 475 87
183 320 26
201 318 76
226 310 55
81 83 49
37 107 10
216 274 14
179 325 56
364 397 55
409 455 21
61 182 100
71 492 11
158 195 14
204 218 33
310 313 5
297 328 52
1 493 51
244 381 6
54 406 93
53 376 34
341 462 36
211 327 86
291 443 75
89 199 87
29 374 53
244 447 23
29 390 98
218 430 98
115 248 68
376 426 88
34 338 10
142 431 13
5 479 13
112 161 43
34 252 41
106 315 46
207 266 10
245 288 75
30 237 16
119 454 69
110 335 80
99 379 38
160 321 30
10 457 42
434 476 5
157 373 22
6 366 14
157 461 63
133 390 78
128 494 38
180 223 90
219 471 61
284 291 56
49 277 77
385 431 31
64 378 12
115 139 100
110 238 8
386 415 58
231 280 28
210 242 67
431 448 12
0 337 88
191 223 50
251 393 76
20 466 80
84 269 24
21 124 79
78 385 3
45 477 29
194 486 34
197 363 16
39 163 73
251 332 60
22 408 50
276 480 31
272 382 3
196 259 42
345 461 49
350 415 28
112 443 33
323 394 23
89 478 71
145 439 71
61 278 72
49 212 97
181 308 20
213 262 31
5 499 9
180 194 58
348 490 48
116 394 27
314 397 6
99 489 49
359 363 15
392 469 10
118 387 20
276 326 1
157 357 83
281 315 25
204 471 15
181 189 1
5 332 88
231 441 50
399 459 97
361 430 39
382 397 17
125 395 45
32 327 98
135 485 52
122 482 94
39 124 49
332 378 43
26 69 38
180 434 82
22 227 9
169 248 69
360 401 60
132 250 48
258 401 67
259 473 4
77 229 48
6 477 83
255 272 53
299 480 21
191 230 73
262 330 10
174 426 20
57 339 98
66 373 16
171 422 96
154 363 62
127 277 39
127 255 58
40 193 67
359 485 26
288 360 21
226 322 56
303 460 97
158 287 93
256 299 5
116 315 30
144 281 37
26 462 42
408 427 52
446 478 15
325 373 68
30 333 4
51 300 77
28 316 23
95 416 43
129 305 96
195 488 55
160 285 82
74 373 19
87 221 60
89 128 53
154 431 94
43 430 15
3 232 36
340 403 23
281 405 36
90 412 91
207 449 98
181 387 94
22 376 9
47 400 97
298 356 10
230 413 57
53 137 96
100 447 70
2 192 8
7 205 30
42 430 77
174 269 40
327 452 82
221 304 53
273 345 84
347 443 64
10 363 92
74 273 29
237 367 56
224 367 98
108 228 93
124 463 11
179 454 70
284 482 79
144 259 29
368 430 85
251 303 77
129 488 60
42 79 98
86 146 93
24 334 22
127 244 63
106 122 81
334 339 68
19 388 49
186 486 94
16 316 23
139 467 84
55 200 38
426 429 97
144 414 34
85 90 97
368 494 20
122 417 91
216 240 20
60 260 31
182 221 20
106 281 60
360 426 84
26 354 94
38 474 64
73 308 11
149 387 56
68 408 27
152 252 82
181 357 5
140 387 53
404 434 28
174 264 84
15 285 37
49 361 25
317 460 74
13 433 50
121 178 9
276 483 92
59 261 89
155 330 100
79 299 54
137 173 3
97 223 68
326 355 26
158 430 32
307 389 22
351 371 51
390 425 64
31 146 6
34 269 87
194 231 59
364 478 53
155 223 65
212 354 15
465 497 17
128 257 40
64 393 78
191 203 26
5 324 34
4 304 84
114 142 71
350 472 69
22 365 36
327 418 31
1 57 80
36 401 12
71 420 59
254 337 99
150 395 59
76 377 93
32 409 78
175 197 80
44 68 39
175 478 34
255 296 85
113 379 85
141 308 52
202 469 73
388 446 8
177 200 18
263 356 68
180 245 12
222 492 99
41 56 67
153 368 6
0 47 55
252 374 55
108 403 38
184 371 17
267 416 49
176 208 95
74 258 53
51 94 100
316 365 2
141 222 54
224 309 3
247 374 74
205 409 46
265 415 82
98 461 5
0 225 86
69 359 3
151 304 76
63 356 80
165 198 3
19 116 93
81 316 93
320 496 7
254 287 83
13 202 8
470 494 16
166 359 33
1 167 5
184 215 9
140 337 89
137 218 12
8 11 77
276 420 12
240 363 8
156 402 56
282 338 43
472 481 98
117 154 87
150 297 66
176 324 4
182 213 49
308 493 4
162 267 1
253 430 62
130 197 26
238 394 59
362 409 98
248 398 29
220 408 65
92 202 1
239 425 28
253 481 20
282 445 40
52 288 70
16 490 69
106 344 10
114 475 25
312 321 18
156 241 94
74 363 68
137 421 35
87 192 83
170 417 33
462 471 1
114 151 95
195 459 67
17 276 98
219 392 82
93 143 5
142 366 100
30 256 42
450 480 100
247 334 99
19 437 23
238 298 76
285 472 12
10 247 80
4 489 3
76 338 10
74 246 11
369 401 94
59 275 20
1 5 64
241 244 96
243 483 77
147 250 53
10 300 4
144 440 99
137 360 68
190 407 81
20 379 61
93 300 93
269 312 14
130 280 61
163 450 96
238 289 13
42 200 83
186 432 63
408 459 12
11 126 13
181 207 4
248 345 70
319 324 74
378 498 90
80 434 30
33 152 18
188 298 78
282 462 41
47 417 28
280 497 91
168 468 1
273 441 49
118 184 82
67 499 59
119 327 56
78 267 95
103 448 61
1 149 77
315 324 55
288 489 97
130 431 75
10 184 73
16 62 47
358 447 55
307 321 74
43 135 12
329 364 51
96 105 46
48 192 12
272 442 85
57 68 24
32 151 79
138 309 80
132 267 84
118 392 98
15 80 34
202 438 29
320 344 52
158 310 42
166 401 28
192 454 14
158 380 46
45 316 85
127 184 10
147 456 5
42 129 67
27 52 28
119 222 6
281 490 20
243 320 17
343 407 92
216 412 76
348 394 55
89 215 68
241 396 74
15 260 8
96 362 16
194 259 63
360 386 14
281 367 99
76 343 40
97 309 95
287 399 94
267 440 60
379 435 19
483 485 95
64 99 41
49 456 45
123 415 92
141 412 100
355 358 79
107 361 73
118 432 11
189 487 19
308 465 65
20 163 36
376 463 70
16 195 34
175 343 85
34 432 72
333 444 22
70 494 10
45 288 28
85 356 24
57 240 33
79 358 35
53 472 77
224 374 77
135 189 34
42 238 25
94 384 91
298 444 8
1 92 2
44 267 59
160 173 88
3 140 37
148 304 49
98 249 96
199 411 10
97 116 10
132 191 58
258 379 88
380 393 51
77 123 51
236 399 39
416 484 2
216 415 51
289 361 88
102 293 25
174 457 75
67 92 88
407 416 86
185 376 33
211 449 54
193 391 6
61 482 82
84 94 63
196 263 20
153 448 89
344 457 46
154 169 53
137 446 79
112 391 71
18 266 42
23 34 80
6 43 7
288 295 2
123 482 15
16 245 16
12 398 4
84 476 54
50 96 32
49 263 72
114 472 33
295 321 26
263 390 6
28 486 88
16 126 29
36 472 51
274 296 18
108 191 52
351 463 15
302 376 3
191 417 87
337 389 65
374 489 74
96 375 63
60 484 23
101 213 32
142 261 77
38 223 56
220 378 92
152 183 39
41 67 11
59 334 22
347 357 47
56 165 11
159 400 31
137 412 55
252 420 88
125 228 48
122 301 29
318 475 78
137 305 69
207 399 4
42 485 31
309 425 27
57 403 20
131 405 1
238 405 39
100 354 15
142 278 20
202 204 74
299 466 65
266 433 8
147 328 21
155 168 46
73 116 36
73 298 10
379 386 10
288 355 21
1 163 31
1 87 65
66 450 46
138 337 72
376 429 100
401 434 99
14 332 25
266 380 42
31 45 42
119 424 74
4 374 25
147 248 15
73 92 29
403 440 82
5 393 20
439 495 27
201 347 91
97 337 39
290 465 81
20 349 89
25 125 5
37 363 3
166 409 2
481 489 50
107 463 95
152 386 85
114 192 72
68 404 65
99 321 62
281 478 36
35 133 90
304 499 94
273 337 9
334 463 12
321 414 3
240 336 97
156 455 1
83 290 23
144 336 85
149 280 64
117 216 100
167 189 39
320 396 12
204 305 44
123 483 10
329 492 21
291 354 85
124 443 24
86 358 27
209 343 55
24 356 30
13 49 39
460 482 64
420 462 2
45 128 68
196 321 14
81 273 78
397 425 20
67 103 94
78 449 93
47 80 32
185 341 69
103 184 18
239 243 34
285 327 10
51 450 87
207 421 26
136 397 20
166 297 41
253 442 23
279 373 64
131 221 47
248 372 34
14 189 37
2 261 65
200 461 93
113 311 82
14 39 8
169 385 27
194 230 48
145 457 33
175 358 12
21 302 28
100 106 46
171 177 33
203 498 92
59 356 14
197 228 49
86 335 22
276 287 14
225 402 75
412 493 32
311 330 79
162 486 81
218 453 69
372 498 49
141 237 83
69 207 37
155 403 26
268 323 32
58 481 82
116 264 26
301 381 12
70 439 69
98 405 42
53 184 79
6 62 94
59 327 99
31 155 15
32 187 20
31 336 33
103 238 39
271 345 63
77 213 47
226 340 82
120 167 63
6 259 95
241 455 26
74 149 39
51 344 49
90 330 31
104 441 56
194 449 95
94 215 47
380 465 69
19 186 31
104 416 46
43 361 50
167 490 84
22 458 48
25 408 82
233 284 20
146 388 65
7 465 84
363 420 47
248 358 59
290 419 86
112 292 96
355 480 97
13 418 66
168 466 84
75 345 35
185 256 97
238 312 40
74 397 13
71 246 90
109 194 96
58 282 70
196 260 76
81 418 57
144 213 16
117 279 68
10 185 9
119 225 56
423 481 98
304 342 80
364 481 48
82 406 17
375 476 25
299 381 50
100 324 67
305 485 35
69 482 18
23 407 41
117 168 87
28 350 67
245 483 27
368 425 37
226 355 81
240 393 49
13 412 70
21 409 63
168 246 25
130 232 95
125 444 48
282 415 38
272 447 36
123 186 17
51 472 4
66 482 62
21 289 11
176 402 88
213 267 87
177 283 88
145 496 72
146 218 66
301 497 32
166 423 31
85 409 68
15 306 36
197 436 23
53 308 98
334 391 99
294 415 30
19 355 83
439 469 7
63 492 69
162 408 14
60 231 1
323 496 65
183 186 60
131 201 43
166 378 100
177 409 82
89 479 47
181 340 100
469 487 37
128 436 1
21 363 46
151 291 31
5 60 30
356 363 26
245 293 15
291 464 89
144 445 35
15 57 1
90 142 84
6 202 85
250 463 57
218 450 60
380 402 32
17 272 90
17 293 24
22 420 18
72 249 48
240 369 81
66 292 10
151 255 65
437 458 75
23 130 28
249 392 38
129 331 3
43 164 34
160 170 34
346 453 46
75 233 62
139 352 48
14 156 87
313 458 15
285 348 58
296 454 97
279 349 82
64 204 47
6 80 89
102 281 74
49 66 33
74 319 81
167 479 26
16 476 15
139 195 44
55 119 69
101 314 57
226 401 31
55 92 88
166 465 20
53 304 58
156 339 88
110 337 93
245 257 93
340 412 52
113 489 49
227 280 85
211 263 13
248 306 40
28 214 75
228 493 95
61 213 22
13 257 13
114 346 64
310 324 57
272 326 96
327 333 96
306 451 30
152 415 25
84 283 18
220 436 100
338 449 88
307 369 45
166 310 60
16 108 76
177 450 3
451 473 94
274 481 49
86 279 29
34 192 97
33 385 86
62 396 23
3 116 8
37 173 78
128 216 65
56 357 18
94 239 23
68 388 19
39 60 27
372 486 33
91 266 13
63 132 66
232 349 66
241 422 97
16 412 18
93 308 37
241 316 43
128 154 46
195 367 8
165 359 8
94 475 6
178 493 42
120 157 100
141 349 35
429 447 4
19 302 25
267 330 95
346 479 31
415 450 26
364 379 27
7 338 57
12 273 57
99 438 43
2 326 59
80 416 29
22 283 24
77 82 66
7 226 78
136 179 68
94 350 87
185 226 1
151 188 75
124 197 98
155 372 40
72 473 7
40 429 11
110 206 92
143 471 90
53 119 9
175 473 61
282 478 47
43 407 60
111 314 86
102 219 59
74 234 52
262 371 41
232 483 73
239 355 19
59 496 31
101 248 87
338 496 8
103 171 70
473 488 10
40 378 49
307 363 17
225 367 44
21 274 57
132 242 84
149 249 88
251 474 86
154 207 35
110 133 32
98 292 40
170 255 84
92 209 77
226 398 42
163 213 42
10 330 48
387 393 15
46 417 63
262 338 13
101 140 45
6 380 56
98 146 54
185 374 41
81 187 37
172 260 6
189 493 21
288 338 30
337 353 77
91 493 30
51 147 56
186 495 37
302 345 53
239 358 98
21 98 55
155 496 82
162 169 54
168 384 44
241 469 28
234 302 35
247 454 22
237 326 94
20 468 28
187 478 49
30 406 88
62 72 38
117 493 87
303 481 92
389 448 50
302 429 7
266 483 62
242 324 72
225 406 92
14 107 7
173 255 7
92 322 58
5 138 6
245 332 75
81 206 64
62 371 52
49 372 22
8 457 75
246 439 66
170 263 9
306 360 12
223 375 21
46 340 43
226 369 81
345 451 68
86 388 42
327 449 92
16 495 57
154 460 51
106 118 86
47 476 9
198 380 86
284 355 45
230 429 6
117 301 10
119 339 79
123 458 67
113 199 27
17 298 64
236 364 51
478 496 48
94 366 36
98 209 55
32 98 10
416 497 72
71 458 17
137 356 50
18 112 44
42 163 73
20 213 7
130 494 6
5 469 100
180 366 71
28 390 33
106 246 62
249 478 46
39 98 75
180 481 61
252 394 41
470 475 26
155 182 34
42 65 27
58 219 17
165 346 72
102 128 66
331 391 40
113 121 50
373 489 1
44 183 9
105 279 47
236 471 69
374 480 65
442 465 92
11 300 68
332 357 51
337 416 50
165 494 99
216 403 83
89 91 85
330 378 98
59 229 1
300 462 97
356 382 63
340 396 28
18 133 43
382 480 18
209 338 91
318 351 77
334 396 20
196 367 25
175 266 63
140 297 1
12 493 74
382 398 30
289 298 98
446 499 90
30 418 90
332 398 41
109 316 96
4 362 35
368 475 20
361 425 71
78 204 87
159 312 96
321 387 28
271 434 33
366 469 33
421 485 38
215 365 8
260 288 51
31 405 46
119 344 88
182 200 13
218 408 33
111 133 32
67 155 8
188 262 44
197 247 61
163 314 7
417 472 31
206 394 7
149 454 74
123 216 63
234 494 25
77 170 46
313 496 48
77 458 5
289 398 83
56 214 31
295 471 35
107 166 30
447 464 44
40 400 85
25 406 53
214 280 59
290 497 37
37 123 44
286 299 90
20 457 56
305 452 2
299 435 34
353 436 87
357 420 59
71 174 44
122 419 25
104 465 88
103 132 34
69 289 57
161 296 88
49 487 20
290 373 60
109 144 59
83 400 64
231 297 18
334 474 5
339 386 79
121 323 55
173 216 40
90 174 17
134 201 6
129 428 86
398 484 71
388 414 55
294 442 48
278 444 80
215 384 2
8 72 84
300 488 98
1 454 5
159 465 16
69 205 53
149 302 63
430 452 61
444 483 32
68 493 36
411 457 61
163 212 93
146 400 42
6 130 95
336 417 56
172 296 36
103 186 92
114 471 65
284 298 43
29 175 86
76 412 12
262 477 50
38 375 45
249 475 48
25 360 29
267 452 20
220 264 38
26 311 41
238 330 52
453 462 20
152 384 53
236 320 80
3 478 99
394 499 64
86 490 85
219 310 8
265 337 24
309 485 69
10 170 82
190 201 98
10 67 99
127 314 75
221 445 26
236 257 78
56 394 11
71 124 35
434 497 84
298 463 52
324 367 40
188 269 15
40 228 8
36 112 98
2 188 76
22 113 25
103 325 19
438 441 29
206 416 72
282 452 37
113 351 4
239 282 91
233 307 47
96 168 3
236 428 71
335 448 84
152 432 45
276 482 51
236 375 4
134 281 45
48 437 38
390 410 49
143 462 65
163 337 14
475 480 85
440 443 3
429 484 28
383 475 77
183 244 3
1 186 85
66 440 71
438 467 28
120 190 20
336 375 79
6 66 32
49 95 61
254 266 97
350 398 70
229 403 18
152 344 86
185 318 43
135 262 38
222 364 47
3 135 23
289 377 99
184 417 53
25 154 6
11 295 29
90 354 25
208 467 17
26 277 17
100 227 3
318 498 26
249 449 93
185 380 93
117 486 95
302 417 55
245 346 96
204 493 7
78 478 30
230 400 27
251 439 36
328 347 47
11 288 5
135 449 11
270 401 17
46 280 23
212 382 12
268 344 20
275 418 10
57 204 39
94 406 15
66 360 92
356 477 22
323 425 29
5 348 12
233 487 55
298 388 46
319 453 42
9 186 78
116 176 87
174 419 44
50 363 36
280 464 19
241 426 57
231 407 49
28 341 17
395 491 75
366 416 60
194 462 86
130 356 55
253 338 7
209 480 80
172 200 32
251 447 62
332 373 69
50 289 81
23 65 93
79 119 80
16 191 53
155 491 25
250 354 20
262 381 50
58 165 13
7 224 41
366 412 70
148 332 86
189 291 12
307 452 69
268 464 29
115 311 78
191 335 1
20 215 66
222 378 23
102 371 35
178 190 49
284 329 84
235 327 94
177 316 82
50 417 11
117 156 92
4 119 9
168 190 76
39 117 46
138 203 56
40 70 55
64 165 14
178 186 61
126 387 30
160 319 94
385 476 22
60 275 80
103 299 81
95 130 2
186 305 91
108 249 80
92 216 32
222 473 45
395 439 34
61 389 58
0 378 23
324 459 56
63 389 64
4 312 47
147 228 79
27 72 58
213 283 57
119 388 56
160 336 13
322 340 77
89 195 17
23 222 11
288 303 97
228 383 76
8 192 25
205 390 35
288 467 64
101 446 89
374 446 51
9 226 24
319 447 40
181 333 62
178 365 57
83 165 98
338 387 68
316 439 38
100 297 54
409 483 96
55 157 73
60 437 79
421 445 86
62 366 41
227 391 87
157 303 2
70 423 34
339 431 10
337 443 53
226 455 46
118 375 94
61 365 59
40 45 52
169 341 9
311 402 68
90 293 41
25 410 71
30 349 5
79 188 52
323 429 37
155 490 61
96 404 14
150 388 57
463 479 97
312 391 43
222 251 49
313 376 14
165 462 38
157 229 3
17 152 45
38 140 48
115 238 4
246 406 13
422 493 74
272 441 10
143 188 1
105 224 99
71 158 9
236 386 55
76 318 53
142 300 72
237 432 24
8 467 85
31 474 60
56 407 84
20 21 56
95 359 54
251 294 52
316 471 36
160 272 78
369 375 92
117 376 43
285 424 11
339 365 83
17 57 26
106 249 24
421 496 18
270 297 6
200 494 19
31 191 62
99 301 50
307 436 2
405 420 83
187 444 43
447 484 8
288 367 93
54 219 30
133 260 50
48 447 2
94 347 75
172 397 49
377 470 61
392 434 98
240 326 26
465 498 95
133 360 41
103 333 79
91 386 14
33 180 31
22 370 95
35 258 96
149 268 59
67 202 18
251 463 35
164 327 70
170 336 33
107 109 25
102 443 47
83 311 3
293 494 39
139 408 80
6 308 47
132 441 83
276 486 62
172 175 97
209 474 26
39 220 47
33 39 88
80 202 63
39 111 61
271 317 78
51 459 19
269 370 41
250 479 24
109 197 2
19 394 28
116 310 77
44 422 5
338 347 97
204 227 17
265 280 78
67 85 19
75 159 17
76 365 37
20 49 91
122 298 56
203 383 40
162 444 60
291 436 32
224 253 95
153 410 33
224 390 86
280 425 93
97 110 33
197 241 10
11 495 69
214 248 17
103 254 84
46 402 68
306 338 9
136 493 93
292 346 61
118 201 35
182 347 54
25 369 1
23 234 13
264 440 84
411 426 9
38 418 1
193 421 49
101 445 99
172 496 82
88 492 56
164 333 15
370 493 76
128 226 79
50 336 12
405 455 86
287 310 19
27 111 71
310 416 2
119 376 55
345 489 39
174 240 31
17 149 43
21 114 53
307 355 74
87 457 12
59 202 31
253 287 95
70 93 57
225 455 6
196 269 96
97 247 15
64 428 37
60 429 60
47 451 2
331 348 54
231 371 33
39 179 30
340 397 23
102 256 85
233 375 40
114 355 22
207 304 46
91 275 48
83 236 58
120 232 49
304 478 46
70 373 91
256 285 8
75 144 59
407 475 30
9 135 11
84 313 14
363 499 92
435 446 6
64 398 29
31 365 92
257 450 91
174 492 36
149 173 8
208 406 15
174 489 28
221 460 99
313 419 18
163 386 33
344 487 66
184 334 31
202 234 1
72 488 3
102 282 88
93 107 35
85 371 97
79 324 90
95 218 75
204 451 23
207 344 79
72 221 59
158 379 7
102 499 70
264 316 53
330 345 73
334 363 15
277 491 87
182 462 60
280 483 19
80 171 70
156 162 45
20 483 81
102 170 34
99 389 91
84 85 54
77 275 64
14 33 64
44 379 55
112 176 63
231 482 11
258 496 40
144 360 58
84 252 42
23 46 49
94 244 26
301 446 30
189 234 61
49 119 42
200 421 41
152 217 8
78 281 80
210 304 99
202 496 99
46 223 55
147 285 16
128 156 95
62 417 70
172 237 23
122 273 56
214 338 5
286 289 29
33 344 60
70 123 43
62 459 11
163 345 63
131 136 26
33 241 72
142 336 77
76 380 94
11 276 28
191 350 31
70 350 42
430 468 11
72 475 23
65 119 4
261 412 9
414 459 31
93 254 2
44 286 10
156 443 11
87 392 28
224 376 42
13 312 78
12 260 18
256 300 16
60 374 8
156 488 13
59 293 83
45 269 73
275 487 51
88 485 18
58 221 55
326 462 4
213 414 19
141 428 56
268 428 38
141 303 8
474 479 90
85 390 63
121 377 99
137 189 50
14 452 98
6 27 67
320 448 30
199 468 29
167 262 93
43 198 70
192 433 91
0 174 45
106 429 59
107 123 13
309 385 59
351 410 25
189 359 96
119 180 94
199 403 31
289 366 62
401 421 88
277 391 79
99 220 12
104 227 42
245 418 83
236 372 19
192 460 17
111 410 92
119 284 55
2 485 64
88 112 48
200 246 80
84 475 31
201 469 53
62 182 34
192 240 55
41 114 98
292 491 17
49 484 1
230 298 90
209 365 100
159 469 100
464 465 58
111 117 51
380 477 77
426 499 83
287 469 44
227 463 36
440 496 94
69 221 51
87 281 7
265 432 83
93 460 14
212 483 4
154 339 81
278 311 47
75 303 75
146 301 63
163 185 46
23 302 58
147 245 6
187 371 22
35 458 56
130 154 91
191 388 79
101 491 31
190 447 40
97 485 13
380 388 93
380 435 23
279 448 80
202 208 10
44 451 38
287 330 3
154 336 37
324 401 84
269 356 90
237 243 2
138 291 71
100 285 84
42 93 73
5 220 3
237 386 92
105 491 7
388 479 90
130 209 73
88 100 19
269 304 32
144 383 73
157 306 55
93 373 96
60 280 47
108 349 58
136 494 53
39 133 95
79 469 100
137 151 46
229 231 47
65 432 96
47 166 64
4 34 64
304 376 35
99 423 4
31 65 80
289 489 36
293 298 31
255 469 76
74 113 50
333 358 48
118 340 43
232 477 37
42 442 19
210 459 89
292 498 59
132 154 43
256 312 5
160 257 17
107 297 14
125 264 46
302 423 12
429 499 29
166 417 22
330 442 94
128 165 19
167 242 49
182 392 53
177 467 62
429 474 21
56 471 44
181 238 100
291 409 8
143 414 28
268 363 59
326 383 54
84 184 60
112 296 49
215 269 61
194 284 89
351 429 99
252 473 48
261 475 72
226 409 96
255 412 58
2 368 61
57 355 79
66 150 68
357 496 29
315 435 37
161 408 10
152 430 6
363 365 38
48 365 11
9 429 44
90 436 18
318 464 16
139 328 33
73 262 61
229 421 86
160 166 56
43 318 40
262 348 53
298 491 33
253 304 14
229 339 10
133 137 18
320 445 54
214 335 65
17 322 50
83 174 74
171 228 94
396 402 58
94 473 79
3 278 39
171 209 4
135 341 96
24 317 23
133 178 68
62 376 67
175 271 41
196 240 12
44 260 99
118 385 20
69 96 7
33 63 32
1 25 61
187 261 6
73 80 15
379 444 23
230 484 86
222 266 29
182 485 1
50 172 69
231 411 41
10 466 90
328 365 64
13 27 69
39 266 97
20 443 95
69 360 99
68 324 83
196 424 78
354 418 9
441 459 57
62 490 44
48 93 94
174 284 28
4 17 95
112 388 58
80 383 27
12 222 35
42 126 3
119 356 11
332 345 9
225 234 39
59 64 22
18 440 19
258 391 57
20 242 94
228 340 57
293 320 77
191 374 37
346 387 100
6 449 16
153 197 61
56 116 15
118 310 57
355 444 84
148 464 38
236 366 82
4 328 92
18 48 49
365 406 15
131 383 41
148 300 31
189 269 100
326 477 53
5 13 52
270 295 4
68 478 20
288 333 89
130 202 42
68 454 94
144 185 53
253 459 63
211 258 1
130 358 86
212 495 49
175 361 43
242 489 99
235 259 23
262 366 85
52 175 77
175 369 38
389 412 96
114 314 10
35 485 75
66 481 43
222 291 3
143 330 9
324 483 71
21 432 44
314 457 80
68 349 40
26 51 16
109 333 12
119 278 41
149 376 100
127 361 23
141 375 56
163 244 82
61 299 46
167 229 16
218 404 68
170 497 37
308 319 76
39 394 19
122 450 70
30 474 60
48 265 94
104 297 100
23 365 71
139 296 58
269 365 25
44 139 57
218 437 84
129 410 47
147 216 15
102 379 10
440 489 44
157 177 79
248 278 91
64 417 34
28 450 40
176 279 1
238 439 97
8 170 5
176 388 64
118 153 7
211 224 53
243 280 17
272 404 72
39 110 91
41 47 96
201 390 26
328 442 49
178 353 57
339 460 19
360 445 15
94 436 99
82 177 28
67 113 35
402 466 41
201 464 89
352 355 65
136 236 52
102 189 67
63 137 4
137 165 64
248 451 46
396 409 57
307 315 73
70 194 97
216 375 6
136 254 57
287 481 52
114 248 64
118 222 84
279 414 53
164 179 81
264 451 85
49 450 10
18 138 68
4 123 84
79 193 59
59 170 91
201 345 68
186 448 64
177 346 37
56 451 38
74 112 74
418 482 8
432 448 47
75 228 96
9 355 22
78 338 51
191 465 91
138 393 29
56 190 3
43 187 42
104 242 58
164 403 43
76 355 75
125 422 75
118 128 19
267 475 23
64 388 42
215 302 85
361 372 55
17 294 100
248 361 31
217 305 18
12 112 28
291 482 5
373 457 60
113 192 53
472 498 31
90 359 73
65 485 51
201 402 13
49 320 1
145 148 58
349 414 40
36 258 22
327 482 36
207 350 29
232 449 79
218 462 78
4 176 22
115 390 13
190 198 76
180 494 60
112 489 19
132 134 24
201 392 57
113 333 34
374 445 27
180 383 37
26 395 20
19 421 57
94 370 26
341 473 31
15 119 91
257 282 12
382 440 72
118 148 26
59 82 46
127 161 75
274 417 75
62 255 95
137 260 24
452 480 72
354 429 79
16 105 72
3 376 44
264 442 20
122 365 46
223 495 1
10 197 14
1 495 83
102 336 11
102 277 46
277 306 52
122 184 3
15 205 59
65 193 61
38 202 47
23 279 93
20 283 84
46 240 71
64 341 51
399 433 32
256 483 13
4 162 66
269 411 10
13 196 32
276 349 54
453 471 29
200 324 15
86 426 13
362 459 37
171 335 26
61 116 19
206 389 94
20 287 62
403 495 43
393 497 54
179 467 64
188 258 4
180 249 23
365 405 76
10 76 63
351 355 86
89 463 67
449 454 62
359 427 34
235 398 85
108 402 77
157 404 88
237 401 72
26 140 43
32 199 10
72 91 3
24 328 70
66 152 90
159 472 40
93 264 14
100 169 58
394 439 55
319 388 29
14 237 63
66 340 95
51 242 12
82 429 45
216 444 23
230 326 17
347 364 41
336 403 6
48 227 23
70 263 76
282 340 39
225 260 19
109 401 19
182 328 21
50 242 74
92 354 88
80 408 68
175 188 59
185 320 91
227 445 47
112 310 90
162 395 86
150 449 30
17 127 75
105 168 8
165 454 46
56 159 74
95 401 72
423 493 43
97 275 3
125 375 48
64 282 61
260 330 65
1 218 20
303 480 13
33 128 81
58 457 63
53 263 23
294 366 49
319 460 37
29 250 41
192 438 67
80 341 94
76 115 67
312 423 34
320 401 8
59 158 59
303 321 89
190 370 38
24 172 52
30 298 48
138 212 89
371 499 51
142 238 80
64 185 19
68 204 39
375 432 34
187 375 76
28 305 77
231 266 50
47 470 64
108 283 94
239 329 4
47 76 11
30 123 90
160 380 81
184 467 37
90 140 93
82 125 48
170 314 38
117 219 66
22 491 18
90 463 79
290 351 30
140 323 29
190 253 84
136 232 81
26 66 2
197 265 75
37 389 90
228 380 13
67 362 69
157 339 91
228 399 22
139 399 81
251 353 25
114 303 13
147 422 34
121 437 58
283 295 91
52 362 60
107 466 50
16 182 2
51 426 66
231 351 89
81 498 96
316 354 68
401 471 63
148 290 5
20 231 39
195 425 79
141 351 95
128 133 93
146 292 39
436 468 24
42 180 67
248 269 72
170 437 85
302 420 91
81 130 39
41 399 28
304 357 60
102 115 93
84 393 15
437 460 63
269 309 41
424 465 25
58 440 74
72 214 44
255 356 11
54 245 24
104 495 21
66 310 21
53 262 59
148 396 83
92 414 83
470 496 16
30 269 61
95 102 27
353 402 47
166 262 15
135 156 26
142 483 3
71 282 9
148 169 29
115 301 40
245 399 41
236 332 35
8 125 40
277 405 27
291 348 82
156 239 30
207 343 89
221 348 82
250 258 88
336 388 32
229 327 86
268 434 85
167 422 31
271 346 13
369 383 20
131 280 27
173 207 48
265 426 8
147 401 20
9 271 87
471 489 34
107 185 54
196 214 85
19 491 97
330 470 10
42 445 22
101 122 92
127 185 59
75 265 22
101 359 79
114 273 49
147 224 51
292 385 50
21 123 33
127 208 29
180 401 20
262 291 75
54 471 97
225 238 90
19 137 78
370 465 48
42 115 28
76 396 93
51 477 89
170 279 27
405 454 76
113 277 22
44 257 48
166 214 83
158 191 35
423 467 75
208 300 65
162 178 65
138 439 27
283 429 44
34 457 58
496 497 13
60 123 57
86 400 27
93 475 16
35 275 72
391 434 67
402 467 56
200 353 79
140 390 56
66 192 87
204 292 94
295 302 93
338 445 38
51 481 87
136 226 71
217 491 43
218 248 38
434 435 33
138 167 1
409 443 47
38 246 10
182 188 31
50 360 38
348 451 60
123 358 21
106 164 8
176 470 46
182 235 21
427 481 21
99 160 28
188 357 28
75 406 18
275 401 38
61 279 93
162 192 54
96 462 95
280 364 75
93 476 76
214 278 80
131 222 79
198 218 66
158 200 96
68 230 48
19 295 54
179 233 65
52 63 63
122 332 45
83 466 27
68 354 38
284 345 30
237 490 63
113 162 76
442 473 29
143 235 76
179 457 68
67 338 95
36 379 95
290 483 89
102 164 45
90 283 5
68 147 62
318 358 10
16 406 72
61 492 22
205 332 59
81 306 40
300 442 93
42 117 89
12 464 32
33 278 54
128 215 96
134 359 72
272 297 7
236 318 90
347 351 61
413 474 80
45 338 15
14 115 10
18 357 1
314 470 66
67 387 23
59 122 42
175 186 88
53 386 53
414 478 32
210 247 28
47 415 45
30 78 19
11 39 15
176 499 24
49 287 84
165 374 90
338 499 22
126 279 36
158 358 92
257 462 4
143 154 90
339 477 19
317 341 21
76 269 79
121 464 82
196 270 14
31 193 40
176 330 78
218 343 46
0 110 33
231 347 51
272 452 6
161 434 31
6 103 47
140 264 83
327 367 5
193 454 92
199 469 74
158 402 91
25 187 82
255 360 90
70 212 40
61 224 95
243 288 99
154 263 99
102 321 20
95 115 60
91 189 55
34 47 58
32 399 61
280 361 55
139 378 76
203 403 43
170 246 39
250 296 4
232 485 92
135 179 3
263 264 40
415 442 72
38 325 72
201 442 25
166 488 20
227 405 35
240 251 28
163 358 38
329 408 84
182 453 33
218 342 39
183 399 74
60 283 92
15 420 32
177 180 39
29 167 33
372 444 14
91 381 39
160 214 33
108 272 63
28 497 73
10 365 80
278 450 32
125 214 93
268 357 31
211 298 95
473 490 21
172 191 22
174 299 93
310 368 13
63 185 68
113 287 5
157 253 30
136 469 32
189 251 76
296 458 17
67 496 57
0 329 89
234 453 18
209 318 76
78 141 88
72 295 86
43 345 27
108 334 28
303 452 42
114 169 95
59 309 46
226 243 52
261 364 21
64 492 99
201 218 69
140 462 36
90 311 4
317 346 89
269 276 97
175 449 84
59 445 11
109 382 89
22 313 7
91 476 54
423 442 38
162 303 29
265 443 54
160 268 92
34 173 90
210 228 74
198 382 76
226 239 35
62 277 83
288 343 90
31 277 43
330 369 77
195 427 49
63 325 48
97 224 75
145 340 66
335 488 73
173 327 70
312 399 82
37 134 55
157 251 52
417 418 14
424 437 48
394 482 36
164 214 41
92 342 70
234 273 21
153 425 84
143 403 71
257 274 7
59 269 6
60 288 98
185 405 53
287 398 45
421 427 75
90 353 87
165 495 49
117 332 38
297 421 15
71 199 63
286 372 45
60 170 78
28 145 19
208 455 95
198 415 81
120 125 35
85 178 92
353 490 63
78 367 58
173 261 4
158 176 61
168 308 21
54 252 69
417 480 28
59 409 36
422 479 80
56 87 15
199 407 1
141 221 19
139 348 82
197 323 40
356 360 43
15 93 38
83 274 83
79 376 40
23 374 43
208 295 19
180 491 77
79 262 42
248 307 4
87 140 21
245 450 31
164 498 27
17 402 2
262 458 80
18 386 15
94 122 44
314 422 94
116 420 67
103 268 20
230 377 66
120 463 78
11 246 14
255 368 49
164 280 62
133 367 61
246 375 15
135 183 14
313 356 6
24 43 25
269 430 46
17 176 6
191 267 14
168 389 23
258 378 18
160 431 57
20 208 83
247 474 41
276 484 40
295 339 62
124 155 28
13 134 96
243 306 26
275 363 74
272 290 11
12 312 63
368 492 72
64 345 51
346 347 74
241 388 98
170 229 14
14 284 8
408 437 75
26 242 6
112 319 21
11 358 53
226 249 95
201 228 15
319 326 7
63 222 12
181 196 48
231 252 70
245 262 47
5 71 40
208 271 66
46 451 39
102 432 41
24 262 91
113 201 18
227 469 88
373 407 80
104 244 57
397 421 19
411 429 35
180 476 49
125 485 6
95 232 96
45 328 5
47 191 87
102 333 21
320 380 6
22 467 2
257 473 50
417 450 12
34 416 7
365 496 8
144 343 61
186 422 7
210 276 54
135 209 95
211 355 79
189 327 47
171 494 100
219 335 65
163 278 93
129 487 83
84 99 17
115 448 53
355 452 13
138 339 8
50 191 37
273 443 50
115 460 37
43 184 50
62 455 31
285 430 19
487 492 68
101 144 42
108 173 90
29 447 6
73 200 51
187 494 2
308 384 98
81 462 25
118 279 71
292 375 73
172 358 2
442 455 27
103 393 40
269 391 40
63 420 91
40 442 9
48 131 13
97 432 64
455 493 90
85 271 87
250 482 57
260 414 43
170 179 56
239 247 59
135 224 92
253 305 65
379 417 82
235 418 30
71 443 8
45 244 81
400 486 91
149 285 45
288 408 59
57 282 73
41 281 6
269 390 52
1 206 7
243 336 76
211 347 90
28 309 56
473 499 44
60 205 97
105 277 86
211 431 93
269 384 44
313 395 5
160 389 12
58 380 42
14 154 26
264 279 88
155 172 92
56 144 99
115 395 78
32 376 40
121 447 23
396 447 41
56 338 72
127 362 39
295 388 34
194 475 13
120 458 66
25 37 93
169 447 44
302 430 8
139 141 52
348 448 78
194 472 33
13 292 55
114 459 9
233 286 59
66 395 60
63 439 84
97 461 100
145 147 34
65 210 35
69 105 31
328 416 48
132 223 84
123 284 20
253 426 86
230 453 25
131 137 7
198 223 91
134 463 73
86 307 18
162 283 44
131 211 66
252 422 93
37 358 33
171 484 39
164 268 4
71 497 44
166 204 86
115 220 99
230 257 37
120 235 67
24 371 31
331 405 30
304 354 26
110 487 23
488 491 91
405 442 62
105 339 57
6 418 77
17 477 79
109 116 34
350 384 94
140 388 23
365 479 70
54 353 43
192 251 23
105 146 80
352 383 32
307 317 19
185 233 56
173 312 18
56 354 75
324 333 55
5 231 1
185 279 35
117 339 56
353 395 29
28 399 61
277 455 20
88 486 55
226 232 8
99 320 85
15 399 49
447 497 79
8 167 10
72 397 46
94 177 16
201 491 96
45 55 95
72 357 3
435 465 73
111 483 18
288 409 11
31 266 75
5 374 76
40 311 44
359 373 32
455 474 8
55 376 56
107 488 42
3 414 79
140 311 63
58 82 7
74 256 11
168 363 70
2 5 69
164 412 37
315 383 83
439 478 61
70 282 56
253 346 21
97 345 36
34 407 88
178 442 87
266 453 76
348 418 5
85 386 67
149 340 56
168 259 99
118 360 24
139 303 63
383 472 83
144 256 70
194 391 58
80 155 47
389 435 13
42 240 61
159 323 67
70 357 70
426 441 6
159 196 10
110 266 31
43 271 76
407 444 39
214 400 51
12 83 58
304 380 35
20 336 12
309 427 80
131 252 12
30 155 85
5 107 16
135 427 64
33 226 4
70 219 47
172 484 42
70 329 16
184 311 28
242 342 52
28 457 93
6 241 49
187 352 79
83 130 21
166 334 70
88 365 63
164 485 97
216 442 11
11 297 50
227 311 100
66 477 19
148 420 12
315 442 15
42 380 80
167 478 46
74 394 44
36 264 95
135 291 84
291 479 54
459 464 15
15 137 9
357 389 80
224 432 99
195 469 65
15 290 25
175 377 96
167 411 54
73 391 35
34 97 74
182 330 35
322 489 51
364 366 96
90 309 23
265 471 78
22 353 8
94 372 56
136 344 35
31 237 74
240 300 28
26 217 83
255 290 76
6 401 89
305 399 73
54 441 83
45 205 57
443 452 32
135 256 66
173 455 5
326 384 2
21 246 94
22 122 14
163 346 11
204 417 21
168 318 18
192 294 66
126 139 87
19 381 60
355 496 63
17 175 33
280 468 90
125 385 33
5 174 69
41 477 91
192 491 58
336 416 99
62 356 46
153 427 58
53 219 51
161 200 11
140 441 23
35 310 35
48 55 4
167 343 16
388 397 15
14 171 26
87 110 94
174 438 52
16 453 6
78 206 15
53 309 40
97 108 1
122 239 95
14 216 13
67 206 100
100 341 85
129 472 40
50 70 44
241 334 55
160 311 22
67 314 99
299 305 90
219 380 56
101 109 62
219 298 47
321 359 39
107 294 94
5 336 91
81 420 23
157 174 34
51 341 79
217 322 60
376 377 62
205 403 79
327 391 69
17 178 79
304 443 59
13 404 10
13 498 20
95 213 81
393 453 30
185 478 52
395 430 96
315 494 89
78 337 81
137 415 88
251 391 85
22 149 8
55 242 100
10 301 84
407 491 18
234 334 17
115 192 61
87 481 64
59 303 42
96 405 10
87 309 6
83 488 34
137 392 41
244 245 68
431 450 1
87 428 38
223 448 15
249 369 38
1 136 59
323 397 45
264 407 66
101 161 24
171 395 47
94 261 42
7 152 12
206 370 91
358 389 66
18 461 95
2 249 81
23 31 70
113 473 96
231 410 85
47 414 87
55 287 24
124 291 29
25 480 21
198 416 60
134 248 83
265 308 74
239 381 9
110 425 14
273 340 80
203 448 73
45 276 15
51 79 6
47 60 2
132 205 63
323 360 95
128 180 75
139 367 55
107 280 9
65 120 96
334 415 92
27 332 36
182 367 95
377 413 18
73 142 63
27 255 99
205 349 51
223 494 9
168 215 84
383 448 51
389 423 71
185 368 67
22 245 81
138 179 76
255 335 66
170 301 65
80 285 54
95 257 97
151 370 10
1 490 62
6 73 90
221 310 14
270 434 98
94 427 3
10 16 66
202 490 1
300 306 86
92 148 15
144 397 64
49 68 11
332 339 93
91 373 39
180 483 52
127 477 8
119 415 31
219 304 17
0 384 19
339 408 46
70 372 65
215 429 30
143 298 88
180 258 5
9 332 4
202 452 19
216 295 57
370 494 69
167 416 21
246 421 98
160 356 74
283 346 3
281 443 89
8 456 59
321 366 18
308 490 62
161 364 99
32 39 88
292 405 20
130 485 91
439 488 3
16 236 1
465 478 19
18 39 29
194 290 54
173 414 5
172 457 22
154 368 8
19 63 69
354 409 40
141 382 88
134 479 92
273 395 86
252 397 58
22 406 47
236 272 44
100 337 91
350 466 12
289 292 92
132 358 80
105 393 89
142 370 40
34 101 22
104 380 88
88 399 98
51 220 3
222 255 26
253 494 87
200 363 60
142 223 90
132 499 60
244 288 29
364 376 6
217 384 74
306 453 22
375 443 58
167 241 22
116 139 84
203 315 23
105 326 88
299 301 55
156 321 18
397 428 27
328 368 6
178 408 46
234 425 57
322 385 45
170 324 95
373 446 47
198 358 99
159 485 9
93 134 36
178 239 85
370 453 72
166 329 22
40 303 38
68 444 30
240 333 82
275 367 99
231 417 44
146 165 1
75 236 65
218 240 11
44 200 50
46 183 31
34 256 30
312 486 16
141 361 37
172 214 3
119 449 77
11 244 95
226 362 67
49 129 73
140 436 54
378 469 49
211 488 93
54 166 23
361 368 54
176 364 22
281 365 32
112 407 16
262 486 18
195 356 97
45 247 89
81 136 88
107 290 44
130 377 56
260 322 62
254 381 40
43 246 11
111 465 16
49 492 68
266 465 28
456 498 81
119 320 37
104 281 74
6 136 45
317 429 71
97 263 14
11 100 48
242 270 25
133 411 68
240 337 42
384 496 89
288 469 30
266 417 9
175 215 89
174 273 7
126 477 7
115 291 85
117 310 16
107 368 71
142 280 11
390 399 30
12 42 17
234 345 53
39 246 76
163 487 62
164 237 81
68 480 18
436 477 10
35 374 39
194 369 1
151 194 74
271 468 97
123 385 44
218 361 11
255 372 94
104 356 47
34 250 96
175 221 23
81 169 5
166 486 69
193 304 97
227 412 36
217 422 46
132 444 9
260 435 98
19 205 81
13 337 90
403 474 45
101 205 17
117 387 91
249 455 33
55 390 79
150 226 72
319 478 7
229 266 86
74 470 62
142 402 48
31 201 28
282 408 49
95 382 19
292 347 82
99 377 83
327 365 69
7 350 10
71 355 90
26 379 22
199 448 48
64 248 88
38 48 73
384 484 26
3 58 35
214 360 50
208 334 80
247 431 41
279 383 57
46 246 46
430 476 44
239 410 60
32 366 98
122 173 56
50 154 1
217 260 8
263 448 34
128 306 21
143 365 11
241 277 86
36 180 21
112 427 41
130 264 29
3 75 20
413 418 96
106 426 81
140 450 52
455 467 62
162 380 91
176 406 21
144 441 65
190 354 41
202 461 31
238 240 34
215 405 46
114 370 23
174 485 37
439 471 95
149 261 35
24 47 73
171 382 34
411 439 8
99 187 58
360 439 6
269 339 27
325 382 76
2 226 87
244 330 69
278 451 57
35 333 58
21 157 99
42 387 34
128 393 82
325 455 67
156 315 55
359 435 24
154 226 53
281 436 6
7 235 97
60 463 51
195 492 11
140 281 45
56 180 61
213 239 43
107 491 52
204 241 38
268 290 66
189 469 54
154 400 42
176 295 42
307 392 93
433 455 6
225 228 43
380 494 66
127 253 72
118 142 67
167 277 85
81 307 3
16 139 79
373 414 78
120 393 28
341 463 95
285 476 96
183 339 90
58 373 80
10 235 88
42 378 12
31 467 74
51 377 2
199 265 15
299 423 46
12 204 9
43 467 72
31 249 100
97 139 5
117 267 22
92 193 80
19 174 6
280 281 10
54 67 79
339 374 25
32 148 17
273 403 4
11 397 53
118 258 77
67 150 61
7 186 48
10 327 16
259 305 98
279 304 9
19 51 48
169 200 23
51 116 32
93 287 49
377 462 94
239 476 30
256 311 61
181 493 72
178 470 99
28 134 31
84 467 89
84 370 73
6 239 92
208 320 96
53 151 36
186 363 81
47 84 71
260 411 66
218 365 90
303 441 52
20 346 37
65 157 17
324 327 36
73 190 97
189 438 22
286 364 36
375 440 12
344 455 41
171 221 72
237 324 43
14 279 2
86 272 7
90 399 36
171 235 1
159 434 72
255 282 90
382 384 21
323 369 64
25 74 68
221 389 92
99 142 52
227 371 86
420 459 90
69 148 88
97 411 78
194 285 76
329 369 56
209 462 43
37 136 73
39 486 35
55 167 3
86 164 7
3 178 69
326 352 60
137 282 17
56 492 63
333 410 21
179 431 27
68 472 47
23 445 26
173 339 92
142 235 90
240 259 18
277 387 40
382 449 41
394 468 19
393 396 16
335 406 77
181 436 39
286 451 40
47 371 18
281 298 22
131 463 70
235 453 18
130 219 57
56 313 43
17 273 48
109 184 92
148 213 15
315 353 46
108 165 23
244 494 60
5 410 39
246 459 37
159 366 75
154 342 50
316 384 64
122 278 42
195 308 44
139 342 61
9 285 14
15 213 73
398 485 17
82 470 63
199 289 80
293 444 42
100 170 68
80 158 7
129 371 53
10 35 67
9 388 23
198 255 79
214 225 78
129 196 47
66 269 58
183 326 8
15 155 76
307 333 22
26 209 24
64 392 62
255 388 94
210 281 41
224 355 5
283 356 82
17 381 19
83 184 51
40 126 6
64 79 47
278 433 58
228 329 1
210 478 33
101 421 77
97 137 14
270 299 38
57 224 17
171 442 61
239 274 75
274 411 70
458 466 65
13 383 51
81 282 27
370 450 50
105 234 39
206 437 91
88 435 32
234 329 22
99 169 75
30 352 20
28 331 16
4 493 26
282 401 70
145 320 12
74 278 33
198 344 79
268 494 12
43 465 21
105 498 23
180 289 3
82 428 35
11 131 88
80 318 69
28 382 90
349 430 53
87 376 37
77 98 32
278 303 49
106 216 34
165 449 79
139 197 79
35 463 93
250 443 8
209 494 95
75 98 54
60 417 55
389 495 45
186 482 29
122 172 48
97 201 96
203 402 82
335 482 10
49 162 49
123 355 11
33 46 89
250 277 78
227 488 13
119 479 91
461 492 54
158 178 20
20 426 31
88 124 61
174 193 96
68 290 58
356 415 27
71 105 16
358 383 45
119 185 98
150 234 10
137 341 85
86 436 91
47 425 93
46 445 52
313 426 14
21 227 31
214 224 60
111 352 8
262 438 31
255 352 42
277 368 73
42 182 77
64 190 98
192 329 23
162 220 92
479 487 5
66 326 6
118 328 73
211 302 46
80 411 32
69 283 59
18 302 35
378 445 6
242 271 8
348 350 29
117 162 64
156 412 48
443 485 26
301 372 69
232 367 63
276 403 89
441 445 32
284 341 39
101 436 78
36 138 63
105 253 18
359 440 91
22 475 32
94 499 63
116 470 90
125 349 90
90 149 52
90 320 51
325 467 48
23 408 68
267 469 36
295 393 45
171 480 80
93 150 94
33 184 15
342 351 21
43 289 49
119 181 64
32 440 84
43 113 50
17 419 59
308 355 11
166 464 86
86 238 52
46 335 25
214 440 4
185 420 18
383 415 16
73 497 97
145 367 46
44 243 33
37 379 43
32 457 98
319 392 1
3 137 81
41 95 46
46 421 6
106 301 84
305 380 24
245 473 100
106 360 63
9 87 56
126 149 53
73 421 50
363 493 21
210 272 91
201 239 5
231 322 22
291 446 76
8 200 71
373 452 57
397 403 38
98 222 14
186 392 79
25 99 6
199 268 77
196 289 3
61 345 33
66 117 10
51 152 69
25 113 44
226 321 48
15 203 4
4 237 9
96 453 88
144 233 8
256 485 31
41 233 100
123 468 96
179 488 83
184 432 77
13 369 77
220 324 11
165 410 92
315 393 1
64 349 50
74 494 87
339 377 39
79 380 95
249 276 9
185 436 5
272 386 23
244 255 54
117 208 46
102 355 82
43 147 30
80 454 33
67 395 82
425 428 95
25 336 18
430 433 47
6 288 29
6 390 44
116 316 13
91 103 1
64 339 28
141 417 78
218 487 41
309 410 76
80 364 29
39 142 32
244 363 75
178 358 28
79 195 58
9 17 9
51 233 25
108 229 23
365 442 73
174 497 56
85 446 46
191 399 34
106 325 11
338 359 39
469 488 30
295 362 3
81 287 85
113 342 98
96 185 17
293 379 21
279 425 56
1 154 45
401 480 82
118 151 98
184 196 87
256 472 37
63 66 100
52 330 25
51 346 84
50 474 96
305 370 31
85 274 97
31 495 32
154 389 78
52 119 29
7 441 43
337 396 46
279 424 96
48 233 83
146 211 23
267 471 40
2 406 16
259 396 88
57 287 50
175 187 95
53 218 91
19 220 98
139 183 29
140 421 33
419 491 71
107 199 3
222 289 32
132 212 34
96 160 79
43 255 62
95 139 23
7 355 32
5 380 64
95 224 47
352 470 78
270 470 16
368 497 92
340 470 34
5 186 22
250 498 41
59 464 52
27 156 29
222 346 98
97 138 2
10 287 49
251 407 93
163 287 64
170 353 84
240 487 30
73 276 39
256 431 32
159 301 79
374 449 56
55 252 93
155 226 20
382 400 20
151 345 41
205 259 36
83 120 21
90 255 90
0 87 58
347 451 73
320 466 47
138 491 53
257 398 39
76 492 33
465 472 87
2 489 61
176 211 36
218 490 84
65 431 70
0 109 98
77 286 70
209 449 88
366 376 51
159 231 44
239 249 66
274 455 67
98 423 9
81 120 83
71 139 22
41 452 30
491 497 88
10 474 8
108 211 85
51 177 85
457 496 98
102 453 14
234 235 22
235 417 35
417 489 10
35 182 31
183 195 17
36 308 22
235 258 73
307 339 70
249 311 60
80 193 68
138 476 77
64 335 75
6 221 14
136 229 14
124 427 2
111 283 8
284 364 88
198 346 49
149 420 7
39 202 93
48 395 93
94 223 89
162 424 4
427 445 36
178 326 5
206 415 72
320 452 42
153 378 28
68 498 53
363 486 38
399 424 33
32 120 58
52 189 94
94 199 64
52 53 52
420 461 90
144 463 73
96 346 46
176 336 1
243 307 48
413 427 60
428 485 18
90 151 1
128 452 75
142 196 82
150 420 74
42 70 55
377 382 80
259 485 49
121 191 2
265 377 10
103 460 66
71 250 36
73 228 34
122 477 43
111 408 16
382 496 54
128 179 42
231 421 5
274 422 19
76 367 46
202 266 6
41 342 95
73 216 15
90 443 6
57 89 11
195 404 24
321 474 93
274 384 50
208 365 27
62 419 84
283 455 59
116 280 26
282 365 90
75 419 1
295 407 56
98 452 69
38 75 18
175 399 88
57 392 52
239 240 73
403 471 91
301 375 49
188 300 1
93 171 74
115 240 72
56 333 79
20 146 40
124 140 25
147 386 2
92 403 10
157 215 20
362 425 97
67 123 81
128 453 52
12 304 41
88 179 100
382 432 96
75 397 29
6 337 17
116 300 24
216 345 65
1 150 2
88 412 84
46 386 43
142 183 71
226 433 90
206 243 63
6 195 83
62 82 66
320 411 86
221 418 41
219 488 9
62 213 51
0 76 35
395 461 18
332 379 40
237 346 35
290 385 30
400 402 5
18 287 47
62 409 86
99 271 63
137 185 21
117 379 52
287 442 96
231 272 41
79 416 7
252 366 15
189 420 56
382 390 43
60 355 32
145 420 97
300 430 89
75 252 35
459 470 31
137 270 5
265 376 90
30 246 100
192 418 71
211 231 6
90 356 28
14 263 92
136 485 52
105 125 85
86 339 92
17 321 98
216 319 80
221 294 46
409 484 34
228 354 9
427 467 62
58 484 50
373 448 54
300 377 8
217 346 33
2 223 70
86 405 3
103 212 91
260 341 27
84 286 79
3 365 73
23 131 23
203 264 96
320 322 71
99 468 41
185 219 59
28 64 38
306 343 4
13 62 83
16 255 15
54 262 12
97 492 62
62 143 20
8 32 79
202 218 42
216 445 68
161 472 17
16 277 34
130 217 53
0 285 89
54 449 20
29 459 99
213 333 34
264 463 49
6 396 78
38 291 50
327 430 7
334 408 43
55 317 56
268 336 32
64 118 2
320 453 16
119 279 72
134 279 43
49 78 54
17 196 98
201 262 74
257 458 93
103 312 79
18 55 67
36 261 22
232 442 32
227 420 36
195 486 27
4 488 79
275 327 2
313 424 37
210 292 2
23 311 21
369 453 69
94 450 68
293 387 37
268 409 56
48 374 84
72 471 89
102 350 60
53 206 5
177 337 82
297 451 81
367 460 16
47 139 83
177 415 84
30 429 74
6 82 48
41 301 45
87 160 46
28 472 67
156 179 6
351 358 92
162 236 58
84 92 3
52 181 10
224 339 99
209 431 71
32 91 28
26 400 64
367 478 33
141 362 8
83 351 67
88 216 26
436 475 33
74 159 67
7 107 50
76 469 81
52 399 72
211 383 82
136 296 32
38 83 22
42 307 95
34 389 87
235 426 52
334 496 39
335 369 51
88 237 23
111 237 50
276 387 20
432 491 48
13 258 39
10 110 60
217 483 62
318 343 37
17 367 9
207 216 89
140 406 100
228 333 58
148 425 70
28 277 15
81 219 15
106 397 5
88 141 1
17 90 21
98 384 72
207 265 80
120 365 9
67 331 43
88 144 71
24 321 52
273 461 79
292 419 41
19 128 86
202 337 55
324 452 28
128 337 2
73 184 46
284 285 27
61 373 100
216 418 49
72 177 66
290 340 56
161 221 42
165 243 31
387 411 87
91 233 8
215 348 37
393 434 58
142 309 29
271 457 51
37 393 76
213 350 80
131 386 76
108 430 68
43 444 52
179 335 7
54 336 57
42 170 40
79 144 46
32 259 59
53 180 53
53 241 11
151 286 81
123 350 96
277 279 80
379 385 31
169 369 99
180 422 72
54 132 39
471 474 69
18 298 84
452 463 37
310 435 18
120 151 73
83 233 62
139 469 96
150 427 74
9 274 51
80 276 30
93 284 2
94 120 23
383 391 71
274 327 12
337 428 75
69 91 46
272 276 19
39 344 34
363 494 46
431 438 75
314 389 34
92 187 12
369 479 56
365 491 63
120 264 63
162 340 38
238 451 23
350 433 29
232 456 24
36 301 1
326 351 38
59 110 28
204 379 3
115 262 60
111 405 10
305 481 20
149 258 49
161 354 47
457 468 95
7 456 46
21 356 46
365 453 69
427 486 38
184 236 47
320 491 40
24 421 3
97 390 43
30 328 61
101 493 51
152 418 3
102 155 10
305 470 12
291 383 95
142 410 89
100 452 73
103 234 36
252 308 37
72 124 53
12 167 22
139 319 5
77 111 20
16 237 68
228 337 14
5 17 82
468 472 80
221 401 51
86 463 74
22 195 2
358 406 79
138 247 30
340 444 73
33 351 67
16 340 5
227 427 30
342 428 96
137 364 47
29 225 36
128 412 85
129 244 11
26 389 44
103 185 57
9 431 52
269 382 68
75 246 25
160 484 21
160 404 46
258 352 11
264 327 48
143 155 63
90 344 51
127 132 82
120 239 9
366 395 94
135 220 57
376 422 99
229 473 61
197 427 12
50 434 84
233 308 77
58 354 51
303 431 75
181 421 24
118 125 31
175 328 72
358 485 68
227 243 86
18 107 5
246 399 69
275 337 56
269 432 14
57 235 90
7 18 47
154 256 59
134 227 13
52 409 25
30 384 75
93 184 76
114 193 74
237 260 90
184 361 11
227 382 48
29 172 49
143 319 69
361 413 72
269 474 77
56 368 61
91 333 99
452 493 31
71 89 3
190 298 57
424 497 65
443 491 37
115 333 48
320 471 8
115 418 63
236 359 1
322 434 95
180 254 22
193 225 83
68 163 19
70 457 92
35 267 59
8 311 93
317 469 19
220 251 5
39 206 35
25 490 22
312 464 52
79 360 11
122 249 22
0 17 71
357 442 82
109 495 39
21 117 64
203 360 36
113 291 100
239 441 94
267 385 4
273 391 28
73 139 98
42 156 87
164 411 90
161 276 10
239 268 35
128 313 97
70 159 78
89 340 88
214 308 87
112 405 52
8 372 93
40 153 6
19 303 95
225 378 99
356 376 77
17 217 62
159 245 44
20 459 18
72 479 70
35 459 9
216 344 1
380 381 82
148 279 9
234 429 8
10 291 72
34 90 99
78 316 30
214 450 83
86 181 79
67 82 6
14 99 2
196 356 2
188 231 11
47 172 82
189 432 60
83 178 42
79 212 84
75 499 43
146 166 6
187 298 39
16 59 13
343 391 42
172 490 51
36 133 12
231 373 15
83 145 4
219 294 58
8 481 57
169 483 62
44 122 83
175 265 55
78 180 44
107 140 85
2 428 26
270 444 6
101 190 81
25 63 80
39 205 77
194 202 14
363 372 89
280 377 71
493 494 13
86 425 74
151 313 76
239 296 56
58 89 91
61 249 9
2 90 97
194 261 95
420 477 3
183 227 90
353 363 63
247 369 62
232 282 88
280 379 37
23 388 26
89 345 1
40 423 85
97 241 95
186 424 14
20 67 91
182 302 40
232 408 25
141 338 43
30 453 64
68 169 2
60 115 10
460 483 33
444 491 6
228 381 41
212 494 47
245 263 29
235 335 40
440 497 62
263 440 20
100 243 26
20 412 83
262 494 53
234 320 89
80 127 45
32 51 64
188 498 92
35 127 69
486 499 32
248 333 34
48 193 89
244 307 57
291 441 40
50 408 72
162 285 66
330 402 82
0 131 8
150 391 54
202 209 99
249 346 50
47 378 87
206 404 16
186 409 79
54 467 55
323 439 90
158 409 56
261 428 46
103 444 56
36 431 1
153 328 45
65 260 18
173 205 89
34 72 78
295 379 76
304 397 45
10 215 82
38 316 32
280 311 22
217 221 86
121 149 28
82 468 12
88 402 28
174 493 48
42 487 81
13 464 82
83 478 62
210 498 69
31 402 24
92 330 91
45 250 90
144 274 37
335 400 2
429 477 37
402 485 72
124 228 52
16 391 74
10 414 76
148 407 32
248 324 34
292 417 7
213 287 18
82 301 91
347 485 46
232 296 80
385 463 18
17 312 100
220 333 22
157 193 75
89 262 37
8 245 34
219 317 76
155 286 88
29 431 40
233 436 59
107 497 2
225 408 39
258 343 43
35 445 52
107 222 75
33 246 80
186 402 40
43 217 90
234 245 27
314 338 40
110 405 25
292 406 66
83 377 33
1 111 62
377 466 77
136 467 71
66 291 28
298 340 6
126 356 24
27 278 77
108 418 40
365 397 44
55 434 42
21 107 26
3 115 87
127 350 20
384 404 71
60 483 36
227 326 89
32 442 13
318 492 8
196 396 21
378 413 19
330 362 15
9 123 80
188 206 70
367 394 31
9 395 66
114 485 48
251 338 50
356 476 55
141 359 22
243 400 100
302 482 50
442 477 82
239 360 68
58 124 95
138 451 13
12 79 54
159 178 37
267 476 87
109 164 11
127 198 31
49 239 93
333 379 94
115 346 5
77 391 84
53 54 81
42 299 73
45 88 43
114 408 86
220 477 8
128 371 61
143 433 76
240 330 15
10 126 41
58 236 65
98 251 76
44 299 6
30 226 99
255 311 50
154 379 99
207 215 81
165 209 22
121 260 63
221 453 63
407 495 65
175 233 22
142 338 63
338 435 56
42 206 89
19 353 13
44 237 1
271 325 34
331 386 20
54 174 64
298 302 91
123 499 36
284 360 4
170 383 5
81 457 86
93 455 11
46 227 60
228 425 60
17 341 23
75 168 26
318 437 24
204 359 29
212 334 32
87 409 41
16 318 64
300 415 56
144 173 36
46 259 79
111 148 2
358 467 76
437 463 67
38 217 76
167 426 42
25 248 3
24 342 26
150 423 88
108 288 98
41 129 97
71 344 19
71 384 29
20 161 48
167 336 100
222 384 13
227 409 84
20 308 15
310 377 78
157 170 36
226 431 44
157 342 53
88 332 50
54 250 13
24 103 85
435 474 60
236 377 61
205 213 30
323 432 92
27 463 25
119 340 24
39 46 56
72 153 29
101 222 33
317 387 65
175 479 44
18 69 18
73 376 74
262 317 95
221 226 98
49 389 93
42 62 93
241 473 19
289 478 1
254 486 33
111 368 39
424 449 68
311 450 1
129 285 61
11 156 93
371 376 59
11 301 65
225 469 8
163 233 38
105 280 15
81 239 51
24 33 99
102 359 81
83 238 7
29 330 25
55 402 38
144 157 85
242 296 64
52 449 98
221 267 26
281 457 82
68 193 40
50 267 57
160 325 76
46 367 1
176 396 32
62 324 95
363 391 42
182 263 42
132 473 56
79 152 8
3 407 31
66 247 7
279 471 82
172 387 46
77 434 60
13 205 30
82 257 38
88 154 18
138 364 48
31 481 58
68 477 21
111 415 27
284 297 91
19 264 19
64 138 57
76 89 25
144 315 70
27 327 24
158 214 98
137 303 77
139 255 24
220 274 78
25 486 7
65 415 89
131 382 30
79 377 80
117 262 34
316 374 43
154 436 58
9 259 33
249 294 17
267 333 63
4 245 5
142 318 14
28 419 75
168 375 26
330 447 53
50 397 62
187 302 10
228 316 44
254 409 93
53 416 22
155 260 11
230 418 10
171 392 49
161 223 52
117 360 63
64 365 35
240 335 26
255 427 61
148 203 63
91 368 91
267 397 59
154 331 25
6 87 60
161 399 25
1 101 91
81 361 56
246 292 4
239 430 39
39 99 79
33 366 37
134 277 40
131 204 44
189 198 85
28 265 70
0 133 62
73 206 63
140 455 86
347 398 78
64 223 57
169 413 39
14 88 22
132 251 71
169 477 48
400 487 25
53 286 20
46 374 79
126 404 47
94 210 35
43 175 68
154 410 95
78 405 38
307 416 29
266 303 83
248 251 55
15 85 31
245 294 14
44 283 54
360 422 58
61 125 31
160 291 31
148 331 7
77 435 38
270 493 94
11 102 69
332 415 26
113 167 55
161 189 58
193 322 72
262 467 86
79 333 43
284 363 29
217 402 79
237 382 14
73 447 62
148 218 75
226 453 99
4 330 96
14 15 56
33 301 78
172 486 49
447 466 41
331 425 89
413 492 4
169 468 86
447 449 73
461 462 54
70 72 9
88 150 2
259 371 71
155 388 5
106 441 22
78 237 67
153 273 17
337 432 98
19 112 74
276 446 79
37 368 89
51 103 72
37 339 58
61 164 6
340 491 52
402 458 12
150 372 44
17 315 89
115 224 8
35 416 52
458 491 86
26 412 22
100 418 46
123 261 78
265 455 47
112 194 42
170 217 96
135 410 24
365 478 88
198 281 8
207 401 4
283 287 27
43 412 86
90 224 65
2 241 58
92 480 83
171 451 44
87 208 100
134 173 81
285 401 68
363 371 39
87 91 23
289 303 79
52 235 44
412 471 65
251 398 90
166 248 52
163 292 82
126 153 67
458 499 16
9 417 15
38 266 58
105 456 85
409 412 20
140 443 100
39 86 63
218 403 15
74 410 37
60 346 51
149 397 30
228 258 5
94 345 20
1 212 9
86 215 59
53 226 31
390 492 74
159 277 23
63 486 80
222 344 32
160 411 28
157 394 30
314 459 23
1 465 33
192 439 57
46 191 54
198 298 48
27 160 74
135 229 4
314 398 27
24 443 100
168 225 14
369 456 64
287 314 64
23 271 39
51 370 62
56 296 80
40 259 51
37 396 34
34 220 50
204 231 84
126 407 92
99 362 35
113 114 71
154 485 42
52 475 7
379 403 3
233 273 49
116 213 1
49 261 40
224 441 10
119 272 45
5 394 54
258 330 61
70 496 27
150 485 13
57 310 61
100 481 3
174 215 16
136 414 23
71 177 75
291 304 95
30 43 75
15 416 18
151 411 21
136 445 70
460 474 26
293 469 51
474 493 41
282 428 23
80 290 46
371 481 1
134 169 79
54 239 76
67 463 21
41 348 45
109 389 21
29 112 80
205 255 45
451 480 54
193 474 12
242 453 30
56 343 79
35 38 97
41 428 46
79 257 38
18 327 33
118 410 30
288 390 20
275 315 38
42 149 82
389 450 75
248 448 84
65 295 98
14 472 22
52 438 100
5 297 95
129 270 47
183 427 44
84 428 48
142 407 78
84 122 32
35 230 14
161 402 38
113 490 20
361 464 39
338 484 74
333 484 23
269 358 36
64 65 32
68 130 71
343 364 79
101 472 1
308 461 95
65 200 71
94 371 17
257 477 42
276 352 51
22 105 7
182 223 34
127 329 23
63 155 49
267 446 64
215 378 9
25 233 12
85 488 65
247 420 20
4 111 72
57 184 34
151 249 1
313 467 52
253 343 70
319 370 39
206 371 100
286 338 56
28 212 80
9 414 89
90 305 92
334 377 45
9 18 96
434 447 6
250 395 16
50 325 33
130 470 16
235 274 65
223 273 7
83 489 21
288 420 41
67 183 56
4 364 66
239 457 23
21 161 91
92 345 46
29 237 30
153 339 90
19 260 85
156 338 26
200 269 69
118 428 81
14 195 43
312 392 70
20 236 33
57 497 55
81 295 74
299 443 26
438 468 7
186 225 10
154 324 96
276 364 70
17 404 60
46 282 14
35 73 13
308 374 38
482 497 25
436 488 63
307 352 99
153 365 53
227 408 59
182 493 96
391 437 75
124 389 18
96 469 89
157 228 57
138 261 65
50 52 89
131 476 52
224 406 12
71 206 16
121 482 85
1 104 77
265 275 94
27 184 57
8 217 73
36 226 91
357 464 14
161 483 55
146 219 71
37 423 62
152 162 79
429 449 51
339 354 54
405 470 61
141 451 65
122 148 56
270 328 70
260 348 62
202 223 3
96 354 88
433 475 64
108 485 83
48 489 67
204 443 63
83 110 32
132 135 62
181 205 47
41 152 87
109 443 31
110 213 62
125 245 25
371 462 70
31 441 61
261 462 8
30 81 20
361 406 47
14 258 52
105 305 93
12 276 35
230 291 15
299 445 2
174 444 12
20 37 67
289 388 28
390 481 62
104 110 72
147 158 24
407 478 67
175 251 36
348 465 37
88 273 70
109 236 44
230 247 89
106 287 72
91 442 48
225 486 46
171 222 35
222 309 27
389 493 56
14 125 21
206 374 86
92 127 84
81 283 38
50 467 80
168 485 17
247 456 46
411 474 3
53 252 17
99 411 5
18 232 52
27 293 64
211 289 32
97 379 86
49 147 23
95 271 64
7 176 19
203 243 46
57 413 29
107 360 60
100 115 41
412 492 29
294 315 56
210 454 42
180 253 7
109 154 36
40 357 47
123 386 24
254 441 78
49 455 97
348 483 37
86 496 8
172 211 23
60 493 28
134 454 11
93 313 7
235 408 5
170 414 3
134 412 6
107 205 45
182 331 9
203 317 63
14 169 48
96 124 12
420 435 72
121 313 40
8 212 47
97 487 23
30 468 17
191 201 76
127 270 24
157 469 41
39 278 35
239 449 14
132 343 31
12 489 19
199 309 13
450 492 27
52 233 67
86 356 57
362 402 36
93 220 99
484 486 15
23 109 97
305 398 92
88 349 3
363 468 55
257 389 40
322 445 57
226 461 43
192 232 32
141 212 23
75 277 64
305 382 33
152 369 99
350 360 2
35 208 10
39 302 78
202 335 49
215 291 8
331 497 65
142 445 57
424 426 28
213 409 95
139 364 91
449 469 92
139 143 10
193 495 13
135 247 57
85 172 33
278 481 48
15 277 65
201 226 26
175 240 71
456 482 7
64 177 56
163 388 10
20 319 13
235 445 65
28 263 67
62 148 67
151 395 69
40 476 32
297 349 79
11 121 76
419 423 28
166 176 88
349 464 49
124 299 84
182 306 69
50 477 70
27 232 74
127 483 48
1 339 93
96 279 87
7 256 40
89 328 30
303 360 90
27 202 25
17 430 71
234 265 38
159 199 58
200 404 75
202 334 18
131 490 35
265 346 24
244 370 89
311 440 81
287 378 29
234 463 66
215 452 71
50 92 57
161 484 20
171 267 92
115 466 77
4 365 71
367 494 60
394 421 22
388 409 59
53 464 40
369 497 87
80 321 9
153 495 96
110 170 99
50 166 4
463 483 10
180 234 60
309 405 43
2 108 51
176 317 94
281 360 81
57 243 51
35 165 24
86 177 99
26 235 92
152 174 78
35 389 1
107 452 55
252 429 24
141 367 46
153 384 71
137 370 16
38 358 32
275 350 94
263 281 40
441 488 94
91 151 26
89 172 58
100 361 30
124 484 41
169 395 91
41 139 81
217 495 79
60 313 52
165 377 25
14 74 15
155 250 33
224 348 18
435 440 66
359 428 68
18 444 50
68 494 29
201 205 56
370 485 61
397 426 46
43 220 79
73 287 21
161 384 87
91 235 81
245 434 68
165 208 49
90 287 32
6 123 32
86 284 66
50 222 66
241 393 34
463 496 18
38 115 79
116 136 100
14 124 15
173 465 26
154 286 22
112 342 44
240 490 93
4 7 11
314 376 32
13 236 38
231 270 1
400 497 94
244 263 82
287 345 99
143 478 66
361 432 81
444 468 73
167 380 65
118 488 86
343 382 4
143 245 52
219 302 70
94 211 72
174 326 82
46 139 91
167 335 88
69 446 68
49 89 48
225 270 98
46 486 68
312 491 14
88 234 7
10 63 47
160 328 98
20 260 95
372 445 65
315 497 62
85 423 48
170 284 80
297 318 21
9 250 85
10 340 95
79 474 71
260 354 98
174 206 83
106 181 86
29 158 60
88 94 61
166 390 67
45 267 55
186 326 12
330 433 13
165 497 53
318 394 36
101 143 51
30 49 97
44 366 9
73 114 73
310 438 2
308 444 8
133 195 7
126 130 63
112 394 99
210 241 45
21 100 67
194 388 3
0 417 6
55 210 80
32 430 2
91 309 95
170 440 45
371 457 8
71 82 18
12 141 98
2 309 27
147 345 38
43 312 63
438 484 51
110 188 4
198 278 70
399 476 14
156 296 25
37 263 62
63 499 33
11 180 2
17 318 37
129 422 46
95 298 7
85 473 73
15 247 7
406 426 74
68 132 84
64 66 73
61 256 51
281 320 21
70 399 79
151 394 31
39 459 64
205 423 77
39 132 78
426 479 87
244 303 31
182 403 39
230 464 71
69 179 78
38 270 74
233 386 4
138 427 43
155 382 13
88 376 72
148 189 19
222 437 78
109 311 71
99 341 19
167 372 24
188 457 25
325 359 74
186 498 70
243 426 57
279 368 79
308 474 40
261 359 98
141 467 66
135 459 37
392 477 69
202 221 24
65 293 78
118 158 69
126 377 79
319 488 78
287 313 78
404 475 90
27 210 54
131 309 17
87 166 91
161 248 11
33 231 85
33 111 87
115 265 79
290 400 19
433 457 100
314 378 7
273 482 40
71 87 37
345 482 46
103 374 70
343 404 11
367 400 55
183 234 52
381 444 61
65 331 22
302 452 40
96 233 83
79 219 50
246 247 49
300 468 38
102 361 34
312 466 77
319 470 42
149 472 85
43 321 3
113 274 41
126 168 37
80 274 58
184 475 42
69 244 32
35 128 89
223 355 27
41 206 71
199 420 4
99 402 19
114 433 71
56 163 26
41 210 28
63 226 78
209 450 22
380 471 52
238 249 65
263 492 25
202 362 99
107 244 73
321 335 2
117 203 58
239 451 67
365 459 35
259 466 26
8 377 77
134 200 88
296 310 29
3 291 40
69 262 19
56 495 49
233 383 45
58 290 49
200 295 18
293 412 65
42 122 44
29 458 77
186 286 99
140 345 37
98 242 12
58 83 66
370 391 4
102 182 40
169 217 14
39 277 34
48 79 98
280 413 12
149 433 21
49 264 53
136 249 40
170 297 30
15 333 26
65 462 24
352 469 43
359 456 42
464 488 36
324 469 11
123 427 44
358 472 35
2 278 91
131 487 12
63 158 46
59 183 83
109 198 20
132 306 91
32 390 33
6 291 34
59 369 34
44 394 7
158 225 63
200 362 20
11 164 54
110 361 8
35 125 3
400 464 92
223 350 2
111 159 51
322 459 24
135 192 95
39 84 42
122 274 91
174 365 75
69 287 93
127 441 78
152 180 77
299 407 30
74 335 11
131 260 8
319 425 52
324 492 1
86 411 80
56 251 34
26 335 35
72 253 31
414 486 56
89 496 87
35 421 18
66 273 35
235 403 71
35 251 58
177 228 27
117 199 92
116 218 96
109 438 56
64 312 24
248 349 30
84 219 1
288 474 77
107 196 70
146 253 69
216 424 79
46 268 9
175 277 3
91 450 77
296 403 42
363 392 9
65 94 22
37 279 10
111 429 10
37 411 61
214 404 36
124 149 99
51 342 62
193 194 99
451 471 64
277 338 19
147 288 64
31 366 2
218 270 30
244 367 99
260 384 17
386 466 92
316 344 54
180 391 27
267 275 7
393 485 52
10 328 47
99 448 35
12 188 1
174 477 88
321 435 89
469 471 53
303 476 77
151 450 86
266 304 79
25 98 12
325 350 73
3 185 7
396 482 66
55 358 85
126 358 57
5 315 79
307 325 16
141 260 55
110 142 73
406 475 12
186 277 71
284 318 26
260 335 21
114 383 23
336 355 78
115 476 40
272 349 11
27 301 57
360 407 22
200 416 3
161 181 2
262 369 27
224 422 56
24 35 71
140 162 18
79 293 25
404 488 40
140 279 3
150 254 36
365 447 88
12 459 75
84 256 4
82 155 38
141 216 36
61 239 19
62 252 35
85 138 82
186 203 23
358 433 67
85 200 61
90 454 78
263 276 28
346 382 62
351 468 1
458 483 99
344 393 59
217 464 89
152 249 86
263 454 7
154 480 34
48 372 44
35 256 2
70 326 89
107 288 43
139 471 22
14 261 31
307 410 98
257 426 61
172 228 33
40 248 65
30 72 57
261 379 95
17 154 1
152 489 73
74 200 36
30 439 69
302 463 61
362 403 22
210 376 97
253 308 30
380 416 6
181 267 80
21 385 90
100 450 45
125 274 75
145 176 97
163 364 76
165 292 32
144 366 28
221 406 53
16 489 67
75 113 98
56 458 98
417 481 72
314 441 61
108 132 6
100 364 59
213 230 15
154 298 5
36 182 72
18 42 41
33 108 67
149 363 28
219 382 57
280 335 86
421 464 13
109 392 49
161 393 76
64 460 44
214 240 85
189 364 30
204 278 20
83 401 98
198 340 5
215 427 37
114 324 23
108 137 78
153 470 86
425 496 8
198 427 62
173 250 22
228 473 90
304 467 96
324 494 61
54 358 18
24 118 67
77 311 27
277 353 85
225 351 26
45 223 41
196 417 77
197 237 75
25 311 67
229 387 45
84 242 35
49 248 47
206 350 73
229 333 54
44 411 40
81 230 72
247 476 76
14 457 74
126 464 44
87 101 62
254 391 93
332 419 48
90 197 3
156 193 26
324 349 84
264 413 98
164 220 77
112 247 51
270 342 97
318 452 72
150 366 99
158 423 14
120 181 21
66 417 4
328 443 73
283 481 25
116 298 61
54 361 64
291 334 59
35 411 4
138 374 14
122 304 13
396 494 81
250 366 58
121 266 53
158 410 61
121 414 2
70 169 43
194 229 78
300 433 80
136 375 91
106 251 82
74 171 8
84 86 22
51 393 31
40 345 38
292 435 77
7 403 47
60 230 27
5 225 35
301 433 63
71 165 50
362 365 4
275 436 17
284 319 33
347 489 85
118 154 21
380 475 70
167 381 16
242 292 21
414 484 52
44 441 18
309 487 1
123 329 55
64 467 62
287 320 30
320 373 56
65 445 56
37 499 22
176 469 25
1 267 87
153 233 51
53 362 48
70 384 35
285 442 60
167 450 29
185 484 94
297 347 46
97 460 83
447 492 68
176 444 39
231 386 29
295 479 86
162 386 97
384 482 77
68 362 64
6 151 37
242 444 70
45 145 62
101 310 50
173 272 100
81 417 66
160 455 64
312 428 26
177 456 39
354 448 12
39 391 75
388 419 86
18 45 40
193 275 83
277 388 26
164 293 20
292 349 55
16 77 66
168 176 49
59 65 38
335 337 5
456 465 92
32 329 21
80 142 26
42 145 53
334 400 91
24 323 54
135 396 29
95 249 62
250 427 52
271 430 38
268 279 35
303 435 82
423 476 54
186 246 42
110 431 56
67 402 62
68 411 97
416 431 61
250 422 26
25 453 56
87 141 44
133 263 60
43 202 14
37 417 62
17 302 98
20 370 57
150 339 55
39 276 71
96 432 76
420 431 10
94 131 30
112 414 45
272 287 2
19 272 20
53 271 11
48 404 47
25 439 21
9 422 25
251 321 10
32 231 31
381 488 47
211 471 33
429 481 97
294 365 13
151 358 38
8 239 74
46 316 45
64 111 88
94 266 76
197 377 46
27 497 11
14 166 71
279 341 21
18 334 60
274 346 17
160 280 37
138 292 20
44 479 4
303 425 56
114 339 86
208 303 29
171 247 46
19 198 94
271 397 62
344 492 42
104 460 86
313 483 94
43 496 60
163 413 30
450 463 24
51 435 96
181 379 14
197 424 43
55 483 45
189 219 18
126 454 12
159 402 97
425 484 65
59 213 85
224 431 84
250 407 25
89 429 22
56 462 31
168 198 25
74 315 32
35 74 62
193 481 40
119 166 17
89 160 4
13 411 84
144 305 75
293 332 94
184 226 5
45 79 70
59 168 81
161 451 58
11 318 38
200 340 93
230 270 87
340 385 41
4 475 90
221 346 80
153 336 40
43 50 64
131 443 10
275 435 41
323 464 30
46 132 90
0 336 68
74 267 34
356 460 3
20 375 80
120 447 78
68 95 66
30 129 34
245 438 42
114 143 61
187 216 68
177 317 49
79 438 22
178 431 40
229 274 72
473 481 6
437 477 43
38 339 69
172 252 62
267 343 65
128 324 59
245 487 76
400 413 90
325 499 25
144 372 95
79 216 41
364 414 88
35 49 16
215 216 54
325 452 13
11 115 29
107 235 14
11 281 26
231 475 89
162 354 57
97 457 28
28 371 96
301 479 73
385 419 36
200 286 68
356 371 100
69 154 95
109 477 82
179 338 7
51 433 31
376 397 19
37 412 90
185 390 88
315 395 29
89 266 77
295 447 90
233 363 60
114 402 27
120 313 2
163 312 8
73 443 52
107 458 11
182 207 67
3 397 38
62 230 10
361 403 3
229 451 13
102 338 37
132 271 73
6 270 10
181 457 78
216 426 44
369 485 61
239 347 33
123 190 76
379 395 14
163 418 46
210 295 90
12 20 73
328 398 29
137 340 10
182 183 52
451 454 90
111 358 77
127 409 81
249 316 73
19 242 20
153 406 19
78 456 88
294 438 55
381 415 16
300 483 3
169 301 23
159 305 71
21 234 38
81 332 58
40 49 3
71 311 96
256 373 51
39 381 83
24 215 8
220 329 75
14 43 74
185 446 7
239 304 97
127 140 82
142 237 20
112 141 3
386 429 90
180 464 47
59 377 96
50 398 43
159 238 90
165 219 58
27 192 47
357 444 14
24 248 25
98 167 45
390 417 62
108 407 17
272 313 16
269 437 53
8 117 48
22 205 65
89 488 78
36 307 55
28 376 80
14 372 43
115 345 29
51 353 10
4 42 52
175 451 39
283 418 53
50 407 80
318 427 90
150 403 24
394 396 61
62 211 41
63 401 16
44 212 19
75 146 14
86 444 76
248 477 18
29 203 100
138 492 15
266 333 93
0 167 78
3 255 45
100 440 31
58 422 89
246 285 77
120 399 43
151 489 95
2 229 9
20 498 76
54 293 13
256 313 88
133 283 15
99 380 35
2 123 35
313 362 72
177 424 34
11 435 8
24 382 65
386 494 55
433 464 80
170 210 92
70 340 42
1 418 51
236 243 36
194 343 57
332 475 28
128 492 18
148 433 14
355 462 57
13 486 73
258 388 60
178 354 1
62 361 78
181 359 36
145 261 53
108 422 32
178 253 7
75 247 63
319 492 90
82 249 42
104 499 1
204 376 73
226 367 98
170 252 57
436 482 2
283 417 30
128 155 28
102 488 88
9 122 86
180 324 13
96 231 90
107 223 53
40 112 4
32 497 84
35 373 33
23 139 50
70 128 20
74 229 18
409 416 62
249 324 97
1 383 24
149 399 15
101 329 72
144 473 2
41 441 41
57 75 20
60 137 6
3 159 9
223 449 84
19 488 49
258 326 52
174 341 80
294 414 88
431 456 14
274 492 30
34 293 76
166 210 34
97 129 26
6 166 42
131 399 88
84 450 76
214 494 69
87 126 74
2 380 18
128 370 99
254 297 79
333 445 17
110 164 84
195 371 79
3 194 44
61 225 29
167 471 16
428 480 74
262 426 41
112 370 88
48 307 39
46 62 32
304 435 73
154 447 28
337 391 92
332 425 55
110 480 32
174 464 21
37 323 55
251 278 42
74 208 86
105 171 47
385 455 33
46 493 8
168 359 97
48 292 53
10 441 68
1 309 33
411 414 90
122 344 62
243 388 59
63 328 44
300 473 97
286 313 82
197 373 34
