500 6900
0 1 94
1 9 81
9 11 47
11 15 43
15 24 78
24 28 17
28 34 44
34 37 28
37 53 52
53 54 47
54 57 9
57 68 30
68 69 75
69 87 60
87 91 19
91 97 97
97 100 66
100 104 17
104 106 7
106 110 75
110 112 100
112 114 71
114 117 13
117 121 88
121 123 16
123 124 38
124 128 75
128 129 83
129 131 54
131 148 45
148 151 80
151 152 36
152 153 92
153 154 60
154 156 62
156 157 49
157 161 78
161 162 26
162 165 22
165 172 12
172 195 8
195 196 90
196 197 56
197 204 98
204 215 6
215 218 60
218 219 37
219 227 18
227 236 93
236 257 15
257 258 40
258 266 41
266 270 6
270 275 98
275 279 41
279 288 71
288 292 23
292 299 29
299 302 62
302 309 52
309 310 72
310 317 95
317 320 28
320 330 38
330 332 45
332 347 70
347 351 88
351 354 30
354 355 73
355 358 23
358 360 57
360 363 37
363 370 87
370 371 75
371 372 48
372 385 80
385 392 46
392 398 65
398 401 42
401 403 52
403 404 12
404 405 15
405 410 13
410 415 23
415 418 25
418 428 79
428 435 69
435 452 77
452 453 47
453 456 96
456 463 82
463 464 75
464 469 64
469 470 32
470 472 88
472 479 54
479 482 54
482 486 79
486 490 58
490 499 45
222 233 34
77 101 36
236 329 45
262 436 76
402 433 34
139 499 62
10 343 77
159 420 12
169 453 58
400 406 50
428 484 56
205 222 60
158 283 61
187 359 21
170 485 51
1 104 50
43 140 91
318 340 91
70 388 17
33 296 49
69 241 96
403 479 45
161 432 35
41 285 33
230 317 64
145 309 86
222 364 41
403 439 74
5 361 47
70 184 64
334 464 27
12 475 81
287 400 33
52 115 54
262 358 15
384 391 54
366 479 58
370 429 22
175 377 11
303 347 92
143 289 35
195 205 44
76 406 76
75 143 31
135 272 11
235 247 56
31 142 12
37 138 91
203 489 81
367 386 74
93 335 50
464 470 96
32 292 56
343 462 20
127 182 63
65 143 50
109 332 54
146 474 23
393 426 16
88 292 94
121 135 72
123 481 61
67 470 38
201 494 16
291 482 60
141 494 88
10 229 48
21 403 18
191 199 3
46 234 75
73 491 6
376 470 68
47 339 35
327 493 50
219 318 11
9 45 19
77 123 45
133 380 97
50 54 25
205 301 95
76 491 49
101 174 51
73 247 70
14 443 96
444 467 96
313 397 18
33 188 35
102 459 80
476 498 72
164 340 92
4 336 76
328 345 32
193 490 35
221 390 41
307 466 70
145 175 37
309 415 6
360 420 92
206 267 8
119 274 41
28 463 35
131 159 84
298 440 41
48 102 80
72 128 8
46 273 6
213 403 9
219 308 67
20 312 92
26 470 5
157 267 10
332 341 22
52 179 60
347 378 6
116 270 19
49 55 28
322 393 62
83 306 47
97 311 48
31 48 26
237 425 57
9 469 76
85 190 55
168 216 9
280 313 84
325 355 70
21 315 77
12 238 38
37 56 36
187 353 22
343 346 43
149 413 63
52 400 21
164 242 53
212 494 96
197 467 1
250 450 56
23 403 2
130 468 76
207 240 60
183 405 22
218 443 67
193 427 31
84 234 74
92 369 21
134 385 24
105 349 40
42 63 31
2 187 70
48 476 62
31 57 75
41 215 15
6 59 52
6 47 21
225 382 87
49 396 90
82 151 92
8 219 47
119 233 24
50 358 63
141 223 100
99 415 97
178 257 27
178 332 47
36 137 28
32 86 58
72 182 30
82 445 2
52 126 94
242 447 72
193 313 100
408 457 66
32 175 98
8 365 60
174 357 27
251 311 97
202 419 14
112 367 38
130 293 38
259 363 9
191 483 12
175 249 14
305 475 32
164 280 85
48 417 2
260 286 18
374 444 77
82 206 63
115 284 25
195 214 79
140 319 34
197 248 26
134 175 27
164 365 36
269 277 57
22 114 58
211 456 49
209 457 50
384 454 50
88 232 4
452 468 75
34 227 94
39 359 73
69 281 84
19 405 30
36 446 28
70 235 35
225 302 18
86 182 37
195 279 76
247 386 82
77 422 100
42 54 44
55 80 32
300 303 87
19 303 16
16 468 37
2 228 72
1 135 66
99 242 51
29 273 34
237 422 34
298 317 78
110 131 30
129 152 68
312 420 36
172 491 28
35 475 75
225 300 6
221 269 93
227 325 3
35 343 23
148 498 42
74 358 79
262 483 47
172 418 71
278 477 39
424 458 11
89 109 75
178 441 17
153 345 40
92 249 65
375 386 55
4 163 17
194 483 73
277 463 20
247 454 85
276 479 58
26 123 78
151 380 97
231 367 48
173 385 51
168 301 50
60 298 29
11 56 23
95 399 88
125 261 13
272 427 57
323 431 50
227 401 53
225 424 44
56 140 39
148 209 1
73 385 66
162 177 52
24 76 44
305 423 92
239 381 59
27 413 85
173 446 96
298 460 21
207 341 14
200 221 83
17 267 73
123 470 41
51 217 67
134 314 1
271 312 4
17 215 3
375 444 5
71 401 89
188 254 10
106 340 59
231 467 63
88 125 55
6 303 54
233 312 100
271 426 77
192 290 71
281 283 72
18 465 82
179 335 16
120 493 58
29 193 42
59 104 42
60 395 58
129 473 8
343 344 2
220 299 25
398 436 9
4 29 24
17 38 7
91 222 3
59 419 100
110 245 78
4 185 2
132 193 48
256 489 88
56 131 44
62 359 92
117 306 82
233 450 78
72 332 100
64 356 89
89 277 45
0 221 62
249 286 54
236 315 16
154 314 66
157 343 67
48 306 69
152 201 30
162 206 33
458 496 70
201 495 54
318 329 81
92 468 65
223 351 92
418 490 23
379 416 78
225 248 93
337 361 84
140 149 77
294 359 25
261 407 15
212 335 10
299 384 94
243 404 19
125 206 8
140 170 35
134 347 18
175 238 39
375 385 12
275 334 2
0 335 53
71 407 97
52 444 92
22 299 95
292 365 11
70 91 42
239 341 4
133 300 41
119 498 77
240 338 37
275 449 73
209 298 68
88 154 94
52 313 88
354 361 80
247 250 13
59 73 68
152 473 12
197 458 13
95 143 100
156 497 80
224 242 16
19 488 29
312 494 57
233 322 10
55 178 42
267 430 46
60 151 57
141 220 72
128 327 36
99 297 13
65 401 54
81 197 37
171 248 47
210 342 61
352 360 43
158 331 66
286 429 53
173 298 68
123 495 57
101 337 1
349 408 52
81 297 88
359 433 29
322 324 44
112 326 45
130 346 12
273 316 68
179 360 32
89 432 97
6 36 70
336 380 41
254 396 46
102 427 61
278 475 84
234 425 3
370 480 82
210 373 22
35 268 21
5 123 41
320 446 20
216 486 84
278 424 17
186 278 99
387 420 70
338 408 100
276 441 93
336 399 56
186 252 22
54 430 9
306 389 46
103 396 79
34 372 36
156 290 65
26 372 3
192 259 94
144 242 49
157 461 65
83 114 84
361 394 50
169 356 52
16 238 86
327 494 70
107 425 25
412 487 83
330 411 49
32 144 73
66 316 22
149 285 86
32 173 48
272 399 61
81 129 36
99 185 97
50 114 14
89 368 26
341 453 59
28 55 82
133 249 79
267 425 3
143 422 11
24 353 23
333 387 73
130 390 30
88 197 12
64 86 19
193 466 63
88 211 43
213 266 33
93 328 63
55 366 80
90 416 25
137 160 48
59 233 71
304 437 89
93 355 88
11 468 68
97 154 95
7 137 99
417 435 54
0 24 80
157 176 88
125 469 88
200 269 2
149 294 67
14 432 14
35 186 40
113 247 91
22 176 96
64 239 70
132 362 49
131 470 83
14 480 48
118 324 3
325 422 94
136 327 53
86 196 58
113 293 67
166 349 35
102 289 7
207 230 55
228 494 90
117 433 37
474 498 19
64 314 52
16 231 69
47 95 69
296 384 53
101 427 76
136 458 71
254 417 84
105 382 13
181 482 45
281 422 29
54 187 93
230 334 27
5 404 60
360 416 83
238 274 24
227 326 39
73 126 39
5 422 9
319 476 20
53 108 56
174 262 6
14 221 33
10 77 10
259 479 66
22 399 10
0 99 41
63 334 97
119 271 21
352 366 80
343 457 42
67 303 9
113 420 63
98 488 69
365 444 89
86 269 93
83 409 25
346 352 38
475 487 33
44 199 50
389 440 49
188 259 64
258 349 59
155 490 72
318 348 42
129 270 55
310 451 4
82 435 63
54 303 91
96 376 100
294 387 47
305 444 63
282 316 58
107 140 41
448 480 74
252 270 5
15 257 91
21 378 8
8 64 12
293 322 91
193 445 18
97 354 55
264 467 26
225 305 2
105 385 82
117 318 22
16 472 7
9 162 65
66 389 59
65 265 74
86 484 10
204 365 92
83 447 30
175 268 3
448 496 42
129 151 42
243 432 87
329 366 40
275 421 68
366 400 51
259 400 85
47 354 14
17 185 92
22 442 93
321 341 75
152 255 93
60 269 89
259 315 1
292 447 43
24 219 88
191 193 69
178 259 28
101 119 47
32 183 82
142 469 75
51 279 68
250 446 87
10 468 6
185 461 86
110 347 89
226 242 65
208 300 9
269 414 60
365 429 90
228 321 18
367 460 50
169 273 2
63 498 30
243 458 53
210 264 49
427 435 53
194 369 96
115 331 49
20 56 17
16 230 17
22 468 51
43 398 14
153 368 38
230 247 17
67 131 47
275 427 81
169 191 81
304 417 20
70 486 77
208 479 34
155 419 42
63 125 19
225 326 97
326 390 83
37 415 15
229 424 55
368 454 8
24 201 94
250 394 57
66 445 48
75 415 53
127 315 40
65 70 39
186 248 67
252 492 45
19 183 3
379 406 96
183 473 75
41 250 21
97 421 90
103 499 31
26 443 79
160 377 30
326 370 12
72 175 7
150 290 92
80 195 93
107 459 19
295 442 45
128 376 16
227 364 82
221 350 47
437 447 9
57 486 44
86 145 94
165 268 61
92 105 69
383 448 30
150 277 98
182 323 90
227 262 36
11 252 52
55 169 10
115 295 84
13 341 82
152 303 31
19 393 41
47 230 27
41 305 20
37 49 28
86 304 22
201 393 12
164 351 24
135 270 43
87 481 1
10 129 35
27 145 100
250 326 22
279 373 82
268 368 20
39 207 52
3 264 29
451 474 61
349 469 91
150 293 29
143 474 55
48 50 29
111 310 62
143 395 43
16 251 35
57 83 28
55 311 60
135 160 55
32 384 31
283 447 42
367 442 20
236 330 93
366 417 57
204 350 93
48 448 74
254 275 33
224 460 14
219 260 22
92 424 95
50 433 72
318 380 1
7 187 24
279 417 64
282 436 3
393 446 96
43 410 29
149 211 72
259 348 94
152 484 9
215 227 88
122 418 39
382 400 60
186 199 100
217 309 89
264 479 20
191 485 40
267 312 63
341 382 32
190 446 89
388 434 85
6 484 38
131 408 6
146 238 72
219 438 44
51 116 2
9 115 7
380 445 98
465 467 54
95 175 8
176 459 17
232 339 41
86 281 51
143 375 43
63 382 30
1 266 74
115 235 73
301 461 13
121 224 44
22 178 76
429 466 68
325 418 94
262 272 36
26 99 87
137 427 23
335 421 49
293 326 90
98 236 62
118 265 80
107 173 70
222 478 97
269 307 21
390 458 33
388 454 26
17 257 68
241 408 23
78 493 1
220 250 27
321 412 34
92 375 39
24 115 69
108 277 63
229 387 18
421 448 18
245 277 37
193 441 23
437 470 69
350 377 59
6 428 60
98 463 35
351 433 20
192 307 75
22 135 86
56 89 4
356 386 40
249 379 83
34 352 49
268 332 64
13 394 79
410 458 21
12 312 51
427 495 20
37 397 65
348 420 97
127 373 45
348 448 65
334 448 92
35 168 100
259 330 22
120 389 14
409 474 72
343 384 71
76 217 48
21 371 41
84 149 30
305 386 93
174 445 22
194 497 52
115 484 19
289 358 73
59 476 3
10 68 48
33 460 28
241 450 71
176 232 14
286 423 26
25 240 95
150 258 62
200 286 61
355 487 57
208 472 23
375 410 24
93 434 82
238 386 11
149 157 38
102 369 55
37 102 71
207 395 51
71 73 49
108 463 40
231 485 71
88 387 21
321 476 76
141 146 47
72 214 66
231 332 10
111 475 51
166 498 48
1 102 23
83 309 38
90 249 41
5 97 100
84 210 44
440 487 32
116 371 20
408 449 70
50 455 21
309 356 57
151 357 39
44 483 2
303 433 47
110 488 92
287 337 8
12 177 60
72 385 83
301 379 64
246 423 61
405 423 51
257 305 50
247 495 12
101 356 83
352 485 3
178 327 35
263 412 3
38 253 70
108 134 9
168 254 27
150 395 18
25 270 4
131 406 40
173 495 88
254 489 53
213 233 58
151 411 28
202 337 68
13 62 87
17 270 30
20 412 70
51 445 11
469 477 44
342 432 88
20 123 50
355 496 53
180 387 50
121 463 12
1 341 88
89 481 17
195 389 16
369 410 13
261 289 66
186 238 58
1 439 63
18 36 44
272 273 13
145 272 47
292 417 87
95 277 80
114 227 74
153 247 88
28 475 78
349 374 2
146 285 46
222 476 65
101 371 61
47 351 53
33 432 4
340 416 76
133 302 6
170 412 62
315 442 55
21 185 1
106 214 27
43 58 74
34 219 34
237 475 52
276 360 9
447 493 5
96 297 8
81 261 71
268 490 28
200 329 41
288 315 39
125 314 35
128 334 69
189 374 19
313 387 5
73 82 5
156 480 80
52 428 69
137 183 58
191 198 66
123 482 3
240 314 71
78 481 15
218 444 83
469 479 31
89 130 35
19 340 75
156 294 33
141 448 69
39 231 7
303 343 8
305 308 35
1 158 6
284 469 67
71 406 72
95 182 20
308 414 12
276 287 75
109 318 100
42 147 29
73 367 69
421 434 91
64 379 96
125 170 15
8 54 77
85 378 72
205 389 98
254 397 77
228 361 47
204 372 100
0 285 1
214 249 18
87 227 43
301 388 15
361 422 84
316 320 70
362 449 20
26 367 84
187 224 23
118 427 52
75 456 18
166 287 41
111 451 7
69 293 91
87 101 11
341 438 58
18 187 29
211 261 6
262 437 19
30 96 26
249 310 37
188 233 38
108 345 80
279 381 62
339 344 2
11 288 52
164 266 49
32 162 85
50 448 29
207 417 79
213 307 53
56 82 91
95 116 15
164 434 86
38 213 11
263 382 53
47 94 91
249 347 60
347 419 26
21 111 79
72 327 29
360 444 45
157 277 99
157 477 38
95 225 84
313 457 39
272 276 81
116 179 7
154 446 27
286 374 61
414 482 9
90 373 59
247 411 46
169 488 36
65 368 25
139 367 20
138 356 75
198 392 35
334 478 32
101 258 81
82 397 39
144 191 71
63 162 26
238 320 24
23 424 80
153 228 88
183 264 96
491 496 21
134 470 16
84 89 67
21 92 12
135 139 56
90 397 68
163 411 8
116 366 97
110 274 78
295 459 97
138 290 99
113 131 69
21 469 57
148 473 59
77 341 77
67 300 60
92 167 9
475 480 39
210 326 57
240 433 76
208 277 35
398 426 3
284 389 25
43 466 17
248 320 57
71 430 68
23 193 88
345 428 48
384 451 44
175 196 98
234 251 2
45 326 52
239 365 23
120 314 78
304 363 23
76 458 70
156 234 74
237 349 77
59 153 60
68 334 92
429 445 5
287 329 46
51 310 65
3 309 3
314 422 28
252 466 5
269 446 11
36 177 44
73 485 28
140 230 23
481 490 76
21 440 47
323 400 88
242 249 21
102 173 18
1 347 27
382 437 80
146 315 56
153 223 38
175 235 34
195 431 20
52 381 74
347 439 90
74 189 73
28 242 59
125 460 54
335 430 53
329 498 5
317 473 12
440 495 30
287 319 72
206 473 48
161 352 51
109 253 52
26 441 61
349 436 70
158 346 2
179 304 89
222 265 100
121 206 96
276 468 49
190 387 61
183 383 54
183 460 41
78 301 25
307 354 90
6 71 97
125 142 74
312 429 34
191 243 26
234 499 64
364 462 25
17 489 73
27 476 88
263 317 32
75 215 26
259 432 25
37 453 12
82 139 55
16 233 90
301 433 89
415 484 4
162 386 10
32 104 97
12 251 47
161 230 9
410 492 12
122 199 4
347 405 83
352 399 71
151 229 18
154 382 52
248 487 64
254 284 47
223 473 89
27 288 9
411 454 83
9 239 48
323 387 1
48 462 39
294 429 62
351 438 90
55 272 58
180 353 35
162 388 15
9 329 94
271 451 42
334 483 5
74 375 64
90 93 80
361 406 18
14 263 30
130 433 56
126 258 29
133 218 87
267 477 21
64 196 50
328 383 10
418 451 15
347 498 50
114 330 4
441 444 58
40 257 45
311 353 47
214 423 46
61 236 42
316 437 17
134 467 97
294 391 2
19 52 22
63 113 83
3 476 54
275 288 52
318 396 34
253 367 100
1 77 75
35 496 41
212 290 42
184 356 81
49 479 1
53 99 90
88 422 83
54 345 19
65 443 79
371 404 92
94 126 13
38 73 5
139 282 95
37 38 5
260 381 41
7 398 65
186 411 68
142 247 93
4 483 75
218 470 75
475 483 18
303 308 94
13 266 13
328 354 20
91 232 78
156 174 47
122 414 74
32 409 33
256 293 3
18 131 21
448 494 78
183 305 34
363 453 4
242 342 55
33 361 90
191 234 76
443 485 76
406 410 85
66 104 70
19 392 75
120 175 53
47 93 60
67 158 68
378 433 2
49 116 63
354 400 95
201 276 20
146 497 56
407 444 62
166 196 12
39 279 40
70 414 14
20 124 2
9 363 87
42 221 78
98 360 18
91 485 41
116 282 9
77 164 56
374 412 77
125 288 2
95 391 77
27 367 43
326 361 70
239 277 36
103 425 6
300 312 1
275 457 37
18 205 62
180 255 4
18 260 28
291 380 15
138 253 44
121 342 75
355 385 68
194 208 94
159 455 89
275 400 46
431 481 99
143 486 45
128 136 67
286 322 82
98 220 18
109 470 45
34 277 99
83 368 78
267 310 89
39 188 39
307 438 23
2 442 34
226 369 19
121 218 71
322 399 91
134 164 38
19 40 98
286 339 1
343 397 42
63 440 44
254 325 55
26 50 58
195 326 28
193 407 88
226 391 45
81 165 79
38 151 12
111 169 52
254 497 53
261 433 46
62 388 95
4 293 80
75 380 30
69 104 10
13 95 59
8 237 88
66 386 94
184 487 87
200 351 73
190 332 64
349 451 3
47 183 15
327 499 83
40 284 7
79 333 45
60 134 52
280 411 95
77 409 24
260 369 95
60 357 1
47 169 53
192 452 77
15 119 87
182 273 99
153 271 17
256 357 27
66 111 42
200 255 9
29 401 16
449 454 25
437 497 91
125 217 91
185 280 23
54 163 70
172 402 36
116 480 79
237 459 87
85 96 1
281 457 51
27 343 61
20 346 5
325 490 5
350 428 38
145 315 66
217 499 54
66 249 95
270 330 58
195 317 78
187 220 95
148 278 48
30 349 20
236 482 98
213 313 32
272 287 31
256 263 78
52 157 69
5 234 69
239 336 44
11 286 80
60 409 26
98 379 64
14 411 83
226 398 6
217 331 32
156 401 47
32 212 4
222 299 18
64 443 45
18 341 53
216 329 56
161 326 30
169 206 46
337 392 6
133 172 63
230 360 27
420 448 9
60 290 82
156 316 37
19 38 36
19 39 44
18 366 71
205 376 58
3 381 75
218 408 2
27 251 92
295 326 46
22 398 23
38 139 4
21 31 46
323 475 36
341 407 77
29 443 14
42 129 82
115 375 84
72 200 98
86 168 73
158 240 62
248 411 20
33 129 31
144 414 91
44 315 24
185 364 97
8 95 20
305 411 2
189 191 48
118 471 37
26 272 29
134 484 70
43 442 37
25 200 46
377 385 22
295 381 24
328 332 40
261 488 14
342 349 41
306 468 78
42 340 87
273 468 67
435 446 67
49 176 65
196 286 7
322 460 43
142 401 72
13 377 25
60 347 76
28 371 26
219 456 41
1 190 60
17 439 17
209 426 13
369 478 77
175 432 9
265 393 28
180 236 78
273 278 70
11 92 88
84 153 7
256 410 7
324 487 78
84 377 56
456 475 6
313 331 42
31 300 12
217 484 73
324 462 100
23 71 9
310 483 83
112 240 53
53 143 97
19 443 54
304 398 54
180 371 23
159 493 43
281 308 70
48 435 70
166 460 14
16 412 68
261 344 9
133 281 59
359 362 59
4 466 40
148 339 29
253 331 98
101 204 26
182 313 54
210 363 71
124 143 83
89 111 98
210 469 12
110 163 77
47 196 73
180 344 88
45 364 50
236 298 76
181 479 75
297 395 75
210 356 57
282 368 72
33 209 1
168 294 91
447 453 88
34 349 23
409 452 33
80 357 35
127 480 57
88 209 90
34 105 18
69 166 53
160 390 80
32 275 42
71 344 45
103 283 40
182 448 79
217 322 46
199 299 41
411 474 88
112 318 43
120 242 99
213 470 19
292 302 18
320 448 39
279 390 83
152 290 33
235 338 76
52 443 81
255 319 85
277 429 53
65 160 98
63 233 91
31 36 28
476 489 5
138 219 100
206 279 58
4 270 96
15 19 59
86 257 87
14 173 63
47 405 84
54 377 66
174 348 23
302 426 96
346 414 63
70 429 86
16 74 61
100 440 94
48 436 31
199 350 94
67 224 86
265 360 73
135 297 99
224 388 28
191 375 53
91 263 21
284 385 62
39 326 63
240 317 36
297 485 22
199 402 81
74 288 97
38 215 84
320 409 27
298 375 23
40 155 11
61 309 19
210 350 100
17 454 57
81 89 3
265 474 63
164 269 41
121 161 92
179 291 51
10 465 22
47 411 36
28 203 96
297 404 46
258 400 19
185 348 6
327 347 17
168 386 80
65 172 62
106 262 90
34 336 54
92 300 64
250 347 80
123 361 12
481 486 81
187 455 90
107 382 6
220 346 55
227 418 80
97 253 21
244 427 56
227 320 46
152 296 28
86 313 85
33 394 74
250 285 19
169 238 55
75 110 76
281 479 95
83 308 1
116 145 30
108 494 47
37 391 72
131 397 67
50 71 31
157 197 12
40 103 89
37 205 74
26 226 7
36 396 38
369 496 53
57 72 31
59 63 5
67 430 60
67 320 93
70 233 100
101 140 8
55 100 61
47 255 24
38 260 17
102 291 16
261 298 70
386 402 72
193 453 63
83 429 52
113 350 54
21 367 35
164 370 11
133 394 55
243 363 41
126 269 91
323 370 42
8 485 50
67 262 44
9 484 27
88 231 68
21 349 45
104 403 79
1 212 76
86 345 95
301 365 24
274 275 72
424 469 64
118 345 44
91 235 87
1 93 88
369 482 29
58 94 48
310 428 78
79 311 86
120 205 32
91 377 78
105 307 60
329 450 23
460 497 34
40 361 51
278 330 20
18 421 31
250 415 89
193 202 52
41 249 10
42 247 12
22 260 46
74 365 18
245 447 50
0 413 30
41 257 98
58 243 1
109 110 42
53 87 90
25 488 39
233 318 4
48 294 89
283 476 35
167 205 64
50 275 71
255 385 19
41 244 94
2 301 70
382 384 1
297 459 9
245 412 82
265 394 90
47 70 13
77 192 27
147 446 20
264 468 12
40 423 78
70 143 31
327 404 97
182 302 67
233 330 72
66 279 85
217 418 48
336 425 36
146 317 51
58 226 73
149 414 17
72 101 92
189 499 88
80 91 72
264 298 73
249 425 98
16 28 2
177 391 22
59 176 86
2 386 72
16 187 16
92 445 4
111 370 58
277 490 9
18 338 84
73 302 61
128 299 83
89 291 86
110 357 59
48 297 38
370 373 47
121 309 94
37 430 81
109 205 37
2 372 84
116 150 50
41 55 31
24 84 68
110 486 27
112 364 26
268 447 15
151 448 64
136 414 95
132 431 47
149 296 54
197 461 43
203 492 98
261 304 11
298 307 31
63 434 61
212 381 49
348 368 14
21 261 35
177 473 41
34 385 62
209 329 100
378 412 42
76 127 43
279 354 74
47 296 95
233 489 84
9 49 64
140 485 16
104 149 23
30 424 66
184 343 1
382 487 1
193 363 84
163 438 50
146 172 32
63 138 6
199 303 68
183 210 20
161 472 24
243 486 98
34 199 59
350 412 96
122 452 67
285 343 26
242 402 82
291 300 66
313 484 97
144 441 76
290 315 83
17 213 60
59 143 56
67 278 60
173 418 68
384 444 85
161 329 84
361 393 96
245 413 88
193 331 72
49 482 74
46 61 63
28 86 95
313 333 48
185 210 38
93 474 93
196 262 40
280 311 53
162 481 74
145 442 91
417 444 98
94 357 69
351 486 100
200 422 39
259 466 87
172 339 48
80 409 89
176 497 48
223 416 77
67 468 75
204 398 95
91 168 71
26 262 25
86 186 3
47 364 95
442 489 44
8 252 58
255 274 89
102 129 75
312 370 97
6 496 12
245 385 24
44 435 29
166 458 94
0 493 13
34 477 18
85 251 14
489 495 55
337 489 60
8 329 90
238 265 79
277 337 60
163 260 56
173 211 89
329 391 58
70 421 37
64 214 24
116 146 52
83 396 82
148 479 61
36 171 80
42 296 44
191 287 48
260 384 31
304 386 55
66 450 71
102 290 4
350 429 39
106 188 3
86 242 28
120 398 94
130 494 100
241 309 52
210 241 54
306 482 62
321 350 7
100 148 4
115 373 27
182 442 83
461 497 25
344 345 38
209 299 41
96 216 33
285 323 8
176 282 35
407 459 17
339 395 91
84 487 93
185 437 4
218 221 71
48 291 29
468 495 81
120 341 56
118 241 5
85 269 14
15 270 28
136 349 73
13 122 66
406 491 25
230 437 64
245 287 22
261 282 92
96 259 33
153 187 44
124 293 26
223 243 67
126 470 37
56 259 27
189 316 77
70 90 66
473 476 78
262 328 38
129 247 14
483 484 51
85 463 56
71 448 78
176 361 59
212 250 78
295 312 73
111 181 76
266 388 45
115 209 44
119 251 17
495 497 2
74 150 53
28 438 16
95 368 11
315 333 51
181 330 43
163 430 71
401 415 36
101 444 79
466 488 3
341 488 11
317 343 47
143 394 58
196 249 14
123 244 87
294 383 11
28 335 26
94 141 91
34 138 62
21 230 41
73 144 65
221 394 72
39 64 56
226 284 85
13 58 30
362 498 52
241 462 88
115 258 24
123 252 47
77 190 32
302 381 88
24 180 57
351 378 20
24 227 80
54 429 30
107 175 52
285 405 68
288 442 21
78 488 76
69 150 15
172 204 65
81 451 36
70 195 3
289 328 24
241 281 29
94 171 49
153 205 33
127 403 40
39 44 75
76 439 44
167 455 54
76 112 35
85 202 9
126 211 26
187 441 54
59 362 86
29 188 8
280 308 9
12 340 45
309 416 40
80 207 80
74 413 48
377 430 36
258 283 66
297 435 91
349 383 33
113 151 4
18 266 21
83 218 31
276 364 84
76 415 57
175 373 69
48 239 87
147 269 84
220 274 23
31 263 100
276 433 14
244 377 7
85 222 62
2 358 50
80 439 48
58 427 46
87 309 43
155 431 43
175 279 80
116 353 41
153 391 31
64 402 39
135 382 30
6 452 41
114 281 84
371 438 18
118 267 62
324 397 17
140 225 4
247 303 23
196 353 32
400 440 48
40 328 79
220 271 8
404 454 65
24 268 14
417 488 58
28 372 6
29 488 33
152 168 48
205 303 72
152 326 20
396 442 23
105 138 5
234 375 25
395 431 99
194 268 33
232 305 3
168 459 87
99 193 29
131 426 28
103 399 80
187 318 55
324 385 67
52 248 30
390 449 56
273 401 55
180 211 78
172 344 92
330 396 60
141 158 43
41 499 100
375 484 40
263 420 87
332 349 5
407 447 74
199 464 85
98 102 40
446 466 34
196 267 52
289 301 28
87 412 58
56 319 88
25 152 25
179 494 79
5 325 61
440 463 100
39 434 65
305 462 14
35 173 94
133 212 56
340 460 73
173 224 49
357 371 4
195 366 37
158 454 2
47 480 23
28 77 99
361 463 74
260 421 7
41 235 92
90 450 8
257 440 14
313 418 79
349 470 58
185 344 24
20 298 14
5 371 68
207 401 2
233 380 83
285 424 19
281 344 35
398 480 22
43 260 30
230 244 95
183 417 57
296 359 78
329 384 4
173 428 20
99 182 30
236 332 63
13 375 96
93 134 96
118 293 13
49 240 89
151 240 46
291 420 68
420 434 8
22 325 4
382 385 97
271 463 60
257 386 85
57 381 94
56 351 84
18 26 27
230 311 94
100 157 91
235 346 45
187 330 35
203 484 38
305 377 78
230 295 8
212 218 25
74 243 81
309 466 35
4 241 87
68 491 11
159 262 84
402 487 8
287 480 89
349 351 34
33 402 25
86 394 45
240 457 77
197 386 40
180 340 47
224 319 12
67 384 89
287 433 49
81 365 96
229 262 8
37 251 66
173 299 65
380 412 72
76 302 90
31 190 14
235 416 27
327 419 15
43 324 89
349 456 64
153 161 25
373 468 29
246 422 95
337 348 89
188 409 33
88 251 72
174 356 43
25 360 74
247 457 1
83 496 49
215 316 93
40 279 52
117 398 22
279 452 47
87 251 47
276 462 87
259 276 53
60 209 29
255 428 76
126 318 91
30 180 65
252 457 89
281 340 98
136 475 96
208 437 100
38 423 23
97 466 19
63 367 99
231 461 31
208 211 10
59 266 23
207 498 56
273 367 47
310 424 62
230 477 33
17 63 17
203 364 46
77 255 68
250 381 51
91 301 65
126 176 79
216 393 14
54 121 42
102 381 74
151 481 11
64 177 2
300 387 54
335 338 58
357 413 16
96 124 25
34 390 71
213 461 8
31 107 96
429 469 79
255 494 8
465 493 100
67 216 33
251 332 87
428 462 2
280 414 71
410 424 40
242 401 71
307 446 38
208 288 74
111 345 82
159 430 84
299 467 34
150 364 41
9 303 69
8 389 79
81 353 9
205 463 81
46 493 47
2 200 99
278 310 5
343 493 97
83 439 48
221 314 53
211 448 7
201 357 3
96 190 67
334 395 19
166 268 96
179 331 78
318 493 58
211 382 98
365 423 15
303 405 63
189 288 97
274 315 50
5 355 44
214 242 37
141 233 41
257 329 46
38 326 83
133 290 60
77 404 69
100 214 25
141 402 8
249 438 33
58 341 20
71 211 15
348 470 99
69 205 10
117 484 64
356 472 99
179 325 41
317 414 98
102 331 78
22 368 10
47 439 64
240 309 51
149 260 85
26 125 93
132 290 84
16 334 17
37 309 38
341 487 55
342 496 30
113 387 72
88 286 61
213 256 49
49 53 16
34 139 70
193 482 84
441 473 7
70 350 98
161 264 33
139 470 91
201 419 58
96 182 96
243 425 77
2 221 2
343 410 16
42 396 38
307 493 26
122 455 21
218 308 43
26 90 1
152 446 30
39 192 66
127 469 70
55 340 17
342 435 45
262 290 77
33 323 67
131 275 23
39 306 48
236 480 77
97 469 62
126 402 63
392 429 39
55 206 5
271 401 57
186 402 70
197 217 8
37 398 15
366 377 79
227 307 35
302 308 54
351 414 24
260 328 19
109 269 62
233 456 62
116 236 12
7 407 4
350 481 4
116 297 53
137 435 59
218 417 86
282 433 84
133 208 6
65 148 79
5 158 84
7 51 63
326 385 96
71 296 45
256 460 95
264 336 16
170 287 24
414 495 64
179 342 69
173 344 81
234 316 88
104 116 2
330 475 49
266 332 28
397 423 43
54 194 13
17 56 4
211 363 14
143 225 42
287 468 32
263 278 33
339 413 83
211 390 85
124 395 57
18 156 74
137 327 98
192 391 43
29 227 47
285 387 29
131 352 2
43 386 12
5 336 87
37 348 49
58 185 80
41 45 58
41 69 8
298 349 88
30 171 12
196 331 88
220 355 95
20 25 63
150 271 99
124 163 95
60 397 8
18 192 62
118 234 56
223 262 23
123 275 24
300 356 85
301 370 100
202 244 5
92 446 58
133 459 59
162 430 62
262 303 12
395 462 77
40 424 41
398 466 62
100 407 63
94 203 93
139 314 35
82 302 41
154 181 28
1 459 72
58 232 39
145 440 9
91 180 71
155 222 58
105 389 87
252 453 88
8 334 29
153 361 83
102 276 97
103 343 39
227 240 21
89 423 39
41 146 71
302 386 59
288 349 67
105 374 84
16 391 53
6 73 27
451 473 16
80 238 55
370 467 41
295 345 47
49 362 7
87 152 48
336 391 98
12 80 64
184 438 62
229 398 30
93 310 35
217 228 42
35 411 50
84 211 57
68 113 13
120 394 89
293 404 99
143 336 81
189 402 13
339 463 87
4 299 20
100 189 57
212 400 51
153 281 61
347 406 5
126 228 23
335 340 99
234 479 49
137 258 56
30 169 42
149 192 71
112 439 36
409 483 69
423 475 74
28 104 77
34 297 20
272 279 82
58 159 33
44 482 9
39 394 37
165 280 61
76 98 26
165 211 84
35 137 37
437 441 1
147 485 16
291 382 11
276 355 18
304 319 88
156 241 68
353 430 4
32 297 32
315 451 39
171 278 84
28 72 89
122 350 14
195 483 10
69 242 80
44 246 12
410 431 86
308 318 1
118 450 47
113 423 42
278 465 29
142 365 72
28 152 41
151 199 42
139 471 33
142 495 19
297 468 77
406 421 63
118 359 56
142 255 9
70 155 98
272 405 5
63 458 37
137 433 75
181 226 56
166 376 28
161 342 23
131 143 87
25 393 83
11 105 22
203 412 8
311 389 70
69 165 29
97 393 67
7 278 97
112 152 28
305 394 25
10 49 28
309 452 72
168 170 58
63 203 20
385 469 100
119 392 15
96 135 29
111 365 87
193 477 63
344 379 89
127 436 100
100 225 79
72 254 83
69 168 12
22 283 56
262 365 72
255 461 54
334 358 8
329 405 22
155 487 2
232 497 42
49 422 44
11 21 73
66 244 64
6 166 31
232 270 63
369 387 14
39 137 3
65 75 36
147 209 69
305 369 6
51 297 9
82 297 7
195 343 12
134 284 85
178 246 56
72 424 31
370 475 23
0 428 26
406 452 2
116 417 43
16 248 5
41 442 76
19 315 9
70 254 72
281 315 60
449 483 84
380 497 26
54 321 84
79 109 18
24 384 25
79 441 49
132 486 34
267 472 93
26 250 94
353 493 80
142 184 11
170 206 61
238 472 78
215 297 27
46 117 90
203 244 62
54 232 71
75 112 29
371 485 93
279 321 48
211 323 34
116 267 87
33 328 2
135 271 15
220 304 62
35 78 42
17 67 8
68 474 60
56 279 94
134 396 37
68 77 100
25 294 59
113 452 5
112 303 68
83 448 31
111 255 20
199 431 61
94 351 52
228 341 2
29 80 96
2 93 18
82 418 22
192 459 68
14 114 59
76 168 98
198 480 11
160 163 64
245 468 36
61 325 53
136 211 51
69 455 83
131 320 67
205 404 68
167 479 91
137 423 9
92 296 82
281 453 20
279 392 74
125 294 11
281 341 25
149 180 20
274 475 66
110 443 16
119 296 81
181 294 34
20 246 30
313 428 72
32 263 22
28 384 38
398 437 42
126 291 32
127 313 15
11 402 26
39 62 50
138 492 66
170 305 52
34 483 24
15 134 16
71 156 84
319 360 62
86 407 56
138 283 10
121 301 73
337 462 6
90 462 95
1 189 6
111 205 92
87 438 75
133 145 32
198 334 76
23 177 98
161 174 40
26 223 23
6 129 17
252 448 42
89 134 91
190 459 60
78 211 90
337 498 50
322 493 37
280 471 58
46 325 99
147 233 17
124 290 77
36 111 75
249 309 73
56 480 92
100 316 78
230 401 15
2 145 60
357 383 5
278 317 71
12 405 76
0 154 98
215 441 61
37 287 40
10 161 45
42 359 17
92 127 61
28 185 55
107 409 73
67 117 88
0 217 95
61 477 11
53 126 57
219 437 88
243 269 99
65 187 74
251 464 11
38 452 84
364 405 67
72 415 66
6 32 71
141 413 22
229 493 57
417 480 91
242 446 31
16 382 13
5 203 35
3 191 73
211 454 55
359 437 42
308 374 77
353 408 75
155 462 11
28 330 34
113 358 22
174 488 1
302 435 32
5 106 85
150 318 60
346 388 72
245 495 66
127 272 54
66 441 52
401 421 74
83 279 90
384 401 75
257 451 46
207 346 96
245 456 21
380 425 86
227 385 97
20 278 29
169 190 99
75 384 100
135 177 15
60 308 15
429 462 64
2 429 57
300 452 54
206 378 30
161 460 9
362 385 63
7 498 65
241 432 34
356 395 23
271 339 31
259 389 66
128 360 59
16 100 37
128 242 44
106 384 38
106 117 5
73 160 15
41 394 41
107 111 26
335 353 49
77 276 90
137 214 40
163 484 18
27 351 82
219 322 59
80 487 64
367 496 78
108 258 42
19 336 23
46 329 44
96 181 60
290 418 50
8 415 79
211 388 67
85 89 37
23 151 69
97 195 25
274 312 75
68 410 46
20 338 85
386 417 99
22 444 52
190 355 61
76 105 34
189 403 13
68 229 59
255 469 12
11 481 1
331 422 63
3 393 13
376 388 80
166 440 78
62 319 12
6 358 47
321 434 42
364 473 5
75 286 80
173 178 29
393 416 10
95 463 36
118 455 83
66 140 5
159 416 20
335 378 39
335 414 59
19 205 25
362 476 98
3 438 13
11 154 100
276 333 5
245 458 8
66 164 57
101 362 19
89 265 99
315 380 43
340 401 30
2 86 77
473 497 57
191 407 78
129 496 99
347 446 25
231 342 92
167 437 56
436 444 3
126 285 88
237 383 90
52 367 83
67 232 56
214 468 37
16 329 50
202 290 90
237 362 64
5 331 50
316 431 3
47 129 71
104 314 63
162 451 92
348 479 13
435 492 37
144 457 20
117 461 37
155 397 59
171 416 96
141 446 73
50 229 6
137 293 2
48 482 90
51 410 42
109 308 92
280 475 17
474 489 25
211 478 43
239 460 64
7 204 65
288 429 82
231 296 86
117 333 34
82 369 87
58 93 29
396 461 85
370 398 38
245 353 64
227 285 33
32 482 88
103 454 75
308 336 29
65 290 57
60 95 84
135 173 62
186 474 26
293 407 19
232 331 26
206 365 44
134 397 75
115 158 25
224 439 17
291 355 95
109 189 50
434 486 30
333 419 89
315 489 15
295 319 66
116 158 64
235 345 98
17 340 75
79 346 36
144 424 53
71 277 26
31 407 96
17 112 75
299 348 10
74 217 19
6 449 30
48 325 87
159 338 72
194 242 1
275 397 17
104 382 29
86 428 41
88 268 85
46 173 98
302 374 44
142 362 64
169 283 64
250 430 88
262 393 86
72 476 95
231 437 84
258 381 21
184 247 60
28 441 93
63 112 73
21 345 92
70 225 64
165 325 56
158 193 48
231 424 68
54 367 15
49 178 56
51 260 63
39 186 52
71 357 21
16 186 63
362 477 34
94 180 57
288 397 97
254 386 32
41 224 47
168 236 83
73 351 83
401 410 17
9 379 82
6 44 82
77 188 5
1 199 68
18 39 97
146 175 4
411 492 9
27 292 10
211 487 35
75 201 59
104 205 93
197 420 3
320 391 36
295 440 58
79 303 62
38 298 12
182 390 96
3 446 3
292 440 86
15 422 12
7 148 92
204 304 2
251 348 97
20 177 52
85 152 97
102 163 92
443 469 13
141 433 95
16 316 21
187 282 29
355 421 100
66 460 21
29 407 89
6 473 38
83 299 24
53 437 81
248 423 4
64 273 76
22 182 7
390 414 77
113 280 11
38 256 83
196 357 66
327 477 61
361 426 6
232 315 51
121 152 44
140 324 75
111 112 19
65 250 25
251 492 9
426 495 73
120 474 34
177 236 65
114 178 72
131 253 49
308 329 62
95 133 64
54 255 14
253 474 64
154 365 53
73 340 59
209 302 18
374 391 66
206 294 71
142 489 70
480 489 11
227 332 88
340 369 70
0 264 46
25 226 60
52 358 60
20 143 92
113 277 16
198 362 6
292 476 56
56 143 65
227 488 63
213 314 12
208 387 45
146 429 74
45 83 46
205 466 48
44 352 91
231 459 66
128 401 38
46 58 24
50 384 40
100 232 42
39 224 87
392 499 80
109 323 62
435 489 59
3 332 77
319 442 75
182 289 81
365 419 82
106 488 93
140 362 88
323 477 35
155 204 21
110 252 81
427 463 21
165 389 29
43 362 38
242 336 86
29 250 53
67 381 11
67 464 36
100 472 36
317 327 1
204 477 41
142 441 68
97 494 33
94 182 8
73 313 24
156 487 93
310 461 52
17 228 35
244 482 81
193 308 65
238 246 76
24 408 38
21 294 10
120 234 34
34 198 39
92 180 91
18 19 55
242 399 34
61 252 11
33 375 100
212 326 22
85 351 86
113 186 34
100 459 66
300 332 76
331 482 77
341 464 60
386 499 94
199 489 7
55 444 29
193 352 42
170 431 43
412 481 60
324 427 28
284 309 42
196 368 30
247 269 20
337 463 20
222 435 61
161 176 45
49 132 83
59 317 76
93 274 91
251 375 96
238 408 55
194 363 93
198 470 48
90 354 36
10 31 51
329 410 20
100 456 61
92 403 78
228 313 81
276 303 38
438 439 1
172 464 69
114 237 16
164 245 44
93 430 47
371 447 44
252 298 47
339 373 93
184 427 14
109 278 82
273 362 11
188 344 4
342 492 92
68 205 73
119 185 51
163 229 39
38 470 8
115 486 69
294 296 44
3 117 96
119 282 11
187 406 17
28 154 18
5 286 10
118 387 1
114 306 95
4 467 33
146 452 22
193 303 10
52 229 50
5 403 37
410 416 28
9 305 15
199 364 65
32 414 16
281 330 39
159 364 12
135 321 17
245 497 23
279 427 75
259 484 41
337 399 58
246 294 51
86 206 43
228 470 45
248 434 12
103 138 80
328 419 58
315 438 67
34 94 60
81 120 8
408 484 91
36 391 19
232 349 99
130 397 13
4 259 54
147 313 14
194 468 85
214 433 26
51 63 46
263 395 38
437 494 66
6 140 66
105 395 36
196 334 24
33 347 7
254 494 78
351 379 63
11 376 38
31 243 66
41 124 65
69 492 83
197 351 45
344 422 96
426 436 10
38 384 78
199 300 44
276 359 30
30 197 12
50 73 17
21 121 51
333 334 67
15 211 45
282 296 75
274 460 57
13 232 98
7 471 25
127 466 12
99 101 51
157 383 83
241 398 3
109 206 27
284 441 76
394 483 51
193 383 7
29 44 43
98 339 90
330 363 57
30 138 12
108 204 59
165 457 12
305 378 100
81 144 34
173 207 48
244 429 7
125 200 9
43 382 96
276 474 76
195 432 67
164 427 75
91 197 45
162 383 21
294 339 4
110 273 95
165 371 64
154 462 23
345 434 65
146 358 73
182 224 63
5 224 72
27 363 89
425 446 53
44 128 22
60 243 20
168 399 22
46 474 82
328 450 21
20 83 15
181 252 57
284 296 100
61 249 95
258 369 73
357 422 59
82 303 31
89 393 100
7 250 61
174 323 32
244 387 60
241 467 40
388 414 100
269 400 92
39 95 75
7 386 75
44 190 80
118 201 57
48 425 100
124 262 54
187 250 57
118 188 69
237 488 73
356 433 51
401 460 6
8 410 100
115 393 70
21 432 51
189 338 66
204 310 37
427 453 45
192 287 55
122 406 27
350 366 53
156 420 36
99 107 58
0 380 64
74 191 15
123 242 86
34 388 72
262 484 58
292 353 79
346 350 14
114 448 98
223 296 52
366 488 2
223 261 94
133 230 25
116 473 23
115 144 49
200 476 16
330 454 60
60 215 32
386 465 77
79 190 5
207 499 67
396 413 83
253 323 81
180 467 30
226 447 91
248 459 8
9 440 41
30 314 99
38 283 52
110 243 72
251 285 20
124 177 43
106 263 17
68 100 12
85 323 31
193 252 44
95 234 50
121 237 93
51 135 26
56 451 48
282 336 57
11 458 69
104 426 100
42 375 89
62 283 77
59 209 8
230 422 59
33 408 62
216 237 97
185 457 57
331 353 89
111 252 47
314 462 15
257 338 4
339 346 46
301 336 90
70 459 38
263 427 13
11 51 79
195 207 57
356 374 13
323 333 97
141 387 5
223 276 1
188 371 30
192 304 4
435 436 6
153 320 98
96 281 53
193 411 45
24 389 28
152 467 96
77 234 27
106 176 61
420 462 81
36 347 21
170 172 37
456 498 15
215 475 17
378 435 3
189 495 5
59 247 9
12 285 63
26 143 63
105 373 85
207 478 95
88 198 22
12 280 90
328 341 57
462 470 97
90 179 3
150 202 94
195 473 5
44 488 28
55 223 37
403 460 74
106 304 89
48 201 44
117 257 96
265 304 66
39 262 2
2 401 24
256 354 43
159 209 6
190 377 59
76 137 3
13 433 71
421 444 70
46 349 3
144 451 100
13 228 40
158 273 31
484 492 44
181 362 43
21 283 77
329 406 22
169 225 32
151 213 24
300 400 83
39 134 40
110 348 88
61 144 25
25 88 40
79 135 33
21 265 59
80 110 86
79 461 58
45 102 57
118 227 85
65 465 77
243 428 57
147 274 11
429 498 71
43 164 78
185 494 1
223 457 87
20 448 51
40 325 17
290 415 71
48 494 16
324 449 69
468 472 39
376 460 100
65 286 53
156 227 14
23 441 22
372 451 21
269 433 72
27 33 84
350 378 85
50 55 33
230 377 44
271 370 32
303 485 63
25 438 39
346 459 93
121 253 87
136 238 63
333 485 94
244 469 87
76 452 89
163 487 81
81 453 95
31 411 78
69 129 5
5 383 82
138 483 48
347 443 93
8 97 9
33 169 34
217 372 3
63 453 2
52 331 43
172 346 98
49 211 8
168 395 47
252 255 25
105 313 51
255 435 46
421 443 1
109 306 87
106 438 85
243 382 3
232 324 95
107 147 57
459 498 16
259 409 86
93 390 1
375 456 26
395 490 12
239 284 29
255 403 82
9 320 73
86 420 29
278 376 33
109 375 5
269 463 1
386 462 91
200 486 22
22 431 12
41 267 27
64 414 96
29 333 58
51 129 50
138 439 48
21 75 18
267 491 69
38 166 67
378 420 28
13 388 53
2 128 15
369 436 36
244 366 62
160 383 68
348 425 55
77 360 13
119 268 32
345 484 72
277 448 76
278 339 36
199 497 28
36 454 95
230 418 37
271 433 41
168 249 40
156 488 85
226 358 81
301 375 40
55 415 100
24 447 74
309 491 57
82 474 76
23 487 81
253 411 95
93 419 81
128 229 43
10 453 47
224 422 93
59 329 43
16 57 57
308 339 52
0 424 76
3 136 17
316 408 5
159 462 37
126 272 100
85 219 68
325 424 59
82 334 34
148 207 13
345 410 55
73 453 24
400 491 97
61 172 77
83 254 52
39 335 83
105 346 60
51 312 50
272 453 45
10 51 89
50 113 7
32 227 89
256 470 86
31 418 20
140 165 3
89 186 3
34 300 85
267 305 56
191 296 52
107 296 94
338 427 7
198 307 39
242 373 95
325 452 2
68 167 6
241 339 12
33 351 70
23 486 89
16 117 80
314 402 28
85 321 22
33 471 87
182 368 62
45 457 14
126 305 59
143 460 93
321 367 73
244 417 58
158 213 80
81 208 42
339 348 100
290 491 64
415 459 54
307 407 60
185 487 83
101 366 82
156 382 24
185 254 20
113 483 68
163 368 91
110 329 29
266 317 64
182 481 76
97 292 80
245 480 42
137 377 82
264 324 12
217 263 97
199 278 31
154 273 46
233 372 21
165 432 1
281 389 90
116 292 60
290 488 34
180 181 65
118 244 1
377 475 10
4 337 27
60 329 64
485 488 22
13 164 12
259 494 32
182 316 33
238 388 67
210 312 3
21 250 4
74 420 9
285 316 29
16 32 83
236 457 55
98 218 16
187 410 29
4 390 20
129 149 97
185 256 67
97 264 25
114 216 67
1 26 95
347 348 46
311 339 79
59 249 5
20 235 17
19 214 17
156 168 66
141 388 57
214 358 52
357 478 8
197 312 44
16 475 67
219 395 21
3 122 36
147 170 9
241 487 53
92 400 100
278 437 89
147 275 89
314 432 26
189 248 7
332 449 98
183 414 77
238 462 20
55 87 95
185 225 86
162 319 86
216 232 99
195 492 32
310 444 77
269 298 28
148 174 95
130 474 94
71 467 75
390 420 5
408 436 84
286 381 90
0 431 49
30 72 16
29 139 53
82 381 46
134 294 71
77 316 81
65 100 28
52 424 90
245 301 82
207 405 57
395 426 70
317 385 38
5 479 94
36 215 43
142 318 46
24 205 76
53 361 22
426 473 22
76 377 37
101 463 52
121 264 49
50 194 28
96 129 16
349 409 23
185 424 82
148 314 22
378 392 56
183 239 67
314 344 52
378 451 31
12 167 93
49 276 15
95 430 98
69 271 74
74 348 40
195 242 54
89 305 6
172 193 70
22 229 88
376 476 43
54 229 44
94 137 49
46 491 92
355 488 25
193 217 18
55 217 13
145 428 72
276 478 42
166 244 13
127 248 4
376 385 37
187 363 45
252 431 48
384 456 95
190 265 36
251 355 89
338 406 38
91 295 82
169 393 66
33 186 74
383 498 67
69 274 73
234 366 11
39 481 79
300 497 85
96 495 51
114 256 37
0 137 24
31 119 22
329 430 46
236 382 94
339 481 99
310 446 69
344 471 40
333 417 22
10 373 10
451 464 91
192 275 5
115 361 13
39 438 9
416 450 5
62 352 42
25 117 68
214 469 5
33 280 68
48 230 75
200 224 85
209 308 84
146 320 17
198 393 70
273 319 90
63 405 34
100 350 33
162 270 93
306 335 84
263 444 12
91 273 84
58 127 27
108 295 6
223 277 44
387 487 33
0 478 41
235 240 62
84 382 23
400 484 65
199 262 74
214 219 96
183 190 33
220 233 99
303 477 39
109 443 47
486 497 37
153 484 8
75 377 68
371 406 6
77 447 11
158 188 71
67 443 54
119 207 2
299 332 66
168 233 12
73 301 95
92 323 42
131 147 76
279 485 93
204 488 86
133 214 62
34 50 100
148 245 74
306 406 37
234 235 69
178 419 9
149 281 89
1 156 57
266 374 7
160 181 53
102 339 77
46 124 1
103 468 12
227 276 58
34 119 67
161 318 38
7 13 1
166 447 19
28 109 5
14 431 59
385 460 46
421 430 31
20 189 36
317 470 72
220 239 27
152 492 32
12 189 7
24 443 12
222 490 30
349 388 10
116 120 63
253 437 64
79 172 95
26 434 81
13 173 46
154 380 32
108 486 53
14 478 21
57 78 20
0 432 41
52 91 87
243 292 66
106 249 70
28 415 16
358 477 55
72 417 58
62 345 63
35 155 59
59 279 57
278 438 75
116 133 16
7 389 81
47 494 20
188 189 10
122 471 33
334 442 76
153 457 72
385 432 6
219 468 22
216 354 98
291 329 51
271 400 67
59 124 59
94 139 31
16 266 63
62 316 17
209 489 10
183 385 40
86 136 97
71 128 14
54 239 97
280 378 92
91 436 67
444 448 98
327 353 53
44 449 43
102 429 53
135 162 84
69 258 41
186 240 1
70 207 60
250 495 33
32 385 91
18 171 20
90 495 60
297 336 14
226 430 70
71 361 20
117 210 74
232 239 4
57 122 96
157 470 90
84 437 85
212 476 80
340 458 17
308 327 81
279 318 28
136 440 42
269 404 89
179 404 24
18 346 61
136 391 94
164 285 58
34 343 51
197 402 82
318 453 85
157 233 48
99 295 75
240 331 92
308 458 73
140 314 95
94 235 25
23 102 77
147 351 100
93 99 28
74 202 48
98 441 91
33 108 36
166 321 86
81 480 54
20 96 13
52 251 85
68 222 56
103 430 51
183 329 33
259 397 47
269 497 1
131 419 68
241 374 87
26 399 35
276 381 88
78 102 11
18 362 44
42 160 76
27 180 56
462 496 86
44 104 43
242 393 79
293 424 21
2 100 52
120 155 14
99 248 80
189 336 17
165 252 95
169 498 82
142 160 25
123 429 98
328 362 80
344 368 84
125 380 6
99 307 81
124 130 53
299 377 55
350 410 56
349 449 68
100 295 8
212 276 73
136 364 83
42 353 40
10 363 35
27 279 35
491 492 32
418 462 14
416 434 12
206 284 8
323 385 63
68 147 72
418 436 40
101 333 14
359 477 58
218 297 93
248 374 10
29 429 59
35 172 31
1 448 77
145 324 68
314 325 48
93 462 89
77 469 35
108 366 26
66 166 31
153 306 37
246 305 34
121 306 68
109 150 16
34 154 58
359 391 96
197 246 57
151 242 86
192 420 7
42 356 65
390 483 62
206 243 48
310 405 76
23 279 74
81 386 48
108 302 68
298 385 12
42 250 56
68 274 45
363 464 96
244 380 86
264 280 32
280 489 83
244 338 55
250 411 24
145 381 47
63 460 77
213 455 31
270 286 59
189 227 51
66 177 100
240 493 78
202 321 45
372 434 97
359 457 79
202 409 14
259 340 29
240 274 25
11 290 20
142 279 19
78 100 67
134 457 61
73 251 7
229 317 70
290 489 58
206 314 12
27 63 49
9 291 65
278 279 64
242 322 24
17 436 59
11 369 99
183 459 29
294 444 28
56 386 89
296 345 31
59 463 8
26 487 12
230 366 38
24 267 74
173 272 15
145 426 64
66 417 43
69 320 38
115 168 98
240 410 12
181 497 75
305 343 79
70 488 62
80 345 69
175 412 70
172 386 15
286 315 63
291 390 45
178 189 94
74 245 56
68 297 90
11 241 5
71 463 98
230 420 89
222 375 71
229 492 86
66 245 33
159 379 45
202 287 19
124 174 69
106 133 24
358 437 41
168 321 35
87 218 64
216 362 95
398 478 40
195 302 33
105 358 58
91 237 59
20 442 94
58 302 70
273 340 11
24 339 16
474 497 93
328 487 16
279 286 9
387 460 99
227 492 3
218 471 79
135 147 73
420 476 49
28 360 52
2 108 20
46 412 50
355 494 99
27 135 32
125 129 67
2 220 71
14 26 53
154 453 48
20 104 53
197 283 87
104 454 94
118 274 26
89 499 70
108 459 72
0 16 30
140 206 92
150 380 92
112 245 90
91 98 8
262 307 74
117 362 50
45 459 34
95 178 22
275 495 53
95 491 60
103 445 16
264 408 17
142 482 78
38 144 8
54 330 44
153 258 89
399 486 66
176 344 19
11 132 63
137 198 60
126 186 32
127 149 35
283 322 61
54 458 59
11 230 72
292 347 66
176 495 58
169 442 48
340 431 73
39 341 5
15 307 75
395 479 56
4 30 38
26 58 85
88 319 89
352 401 61
232 284 81
10 464 76
179 184 40
190 191 93
166 197 17
274 335 35
29 46 7
24 276 24
257 281 11
303 311 95
78 454 41
118 472 10
258 415 94
211 336 48
134 454 78
70 437 29
235 336 68
97 120 33
199 448 98
310 319 82
188 359 49
2 125 95
122 239 95
231 312 65
212 382 28
8 286 70
338 430 51
83 206 80
104 223 95
99 360 12
254 364 39
83 168 85
175 444 99
170 395 78
194 338 86
41 385 26
228 419 8
110 312 3
273 497 79
130 428 56
68 352 15
204 237 41
69 465 39
236 296 86
81 198 55
403 420 66
262 394 96
367 425 17
53 403 27
88 371 12
95 334 90
165 471 33
243 276 36
95 309 24
210 215 35
10 182 55
373 390 84
181 248 49
17 376 17
72 308 44
403 451 52
116 188 34
33 87 29
63 274 41
235 327 87
27 165 32
120 466 49
7 128 23
156 218 18
257 493 82
23 157 88
449 482 54
233 339 21
86 204 51
81 124 9
235 477 87
242 387 75
197 232 59
232 287 39
39 43 27
229 343 5
148 251 40
113 331 25
303 448 3
16 150 98
271 275 59
277 394 53
19 91 92
341 473 90
47 48 13
206 368 27
29 53 45
365 379 44
17 392 31
182 394 53
256 259 93
187 245 22
203 241 81
252 404 73
277 491 20
241 270 61
4 130 89
59 356 96
297 318 93
423 492 83
302 486 33
107 283 93
197 203 20
242 424 62
225 238 73
192 254 54
5 290 92
234 286 51
311 465 99
240 355 36
7 64 56
131 302 63
77 331 73
138 171 91
23 285 60
65 198 86
71 269 44
72 313 75
166 222 64
99 402 90
335 374 54
93 299 50
6 155 23
103 260 86
14 389 58
23 76 74
54 396 12
94 250 80
96 145 55
366 383 73
123 464 17
126 221 41
75 255 67
124 449 37
2 157 55
125 269 78
53 224 88
82 143 4
31 122 93
119 373 11
323 418 79
282 292 25
49 109 64
72 206 82
12 75 78
89 436 17
263 417 56
9 257 83
138 463 42
131 222 42
63 170 53
19 71 18
226 476 2
109 418 16
142 305 74
9 89 74
258 476 26
422 497 16
239 464 96
93 132 7
26 307 26
307 471 42
433 436 24
167 189 23
15 173 70
100 195 35
138 226 10
243 321 97
294 385 47
65 276 39
288 336 79
207 218 55
280 398 6
70 420 38
17 380 78
177 450 1
48 71 68
263 435 35
235 475 28
159 304 8
138 471 64
354 490 80
76 229 37
144 473 73
67 275 10
172 438 3
6 395 19
29 200 91
262 435 79
254 317 26
17 113 53
0 26 56
101 432 97
6 386 65
386 400 55
71 443 40
106 486 84
457 488 95
384 490 68
301 338 74
47 121 26
251 384 24
134 485 41
28 213 92
62 258 12
313 334 73
169 216 29
196 312 28
308 422 76
27 189 62
269 311 20
62 386 9
189 256 70
28 214 86
366 428 47
267 400 18
189 195 87
91 202 62
228 347 11
117 271 7
102 376 18
267 363 52
24 129 10
20 42 3
227 422 88
96 439 74
39 385 59
84 285 75
180 201 3
16 304 64
211 280 67
84 482 14
72 472 26
125 480 26
108 136 3
443 459 43
154 188 73
91 300 2
298 473 34
170 325 96
1 138 48
445 461 65
0 452 38
47 125 62
219 455 20
339 398 43
11 267 92
50 66 60
168 262 38
17 301 22
346 372 25
117 366 17
19 86 59
96 410 100
73 337 17
121 350 45
5 164 89
79 198 66
57 281 6
142 332 64
0 389 49
121 499 66
89 337 47
228 486 94
328 409 79
102 268 8
199 310 83
240 286 22
42 44 90
108 381 66
206 274 82
79 473 64
133 202 36
37 109 47
309 447 38
214 370 50
143 214 32
122 205 23
73 147 70
222 298 10
43 178 91
381 400 83
96 256 73
103 400 41
5 54 55
140 272 10
204 492 97
81 320 88
182 304 37
83 140 44
188 208 4
275 350 69
45 287 37
208 411 29
18 121 8
439 478 53
39 242 2
188 491 90
185 318 80
331 349 77
34 98 50
203 267 99
103 264 84
120 187 64
282 467 23
125 284 16
305 399 84
45 96 65
431 436 19
323 492 68
82 412 10
64 200 22
327 380 67
272 333 42
177 230 75
104 390 3
341 449 83
259 317 16
37 445 48
50 362 28
161 357 41
45 426 61
334 366 19
184 472 73
278 306 40
211 296 79
450 479 40
220 347 75
203 323 20
210 211 77
250 444 90
314 359 67
181 203 34
24 67 73
299 319 96
13 331 95
36 344 52
11 217 53
301 302 25
167 453 11
214 396 44
216 326 88
28 201 76
178 431 84
143 309 4
126 134 89
132 404 10
21 138 26
219 470 5
104 161 72
28 294 69
64 469 34
63 263 92
163 415 38
261 442 32
440 455 4
338 399 6
255 322 16
33 306 13
283 431 75
117 349 21
188 212 51
238 471 43
193 409 7
281 290 7
78 311 19
143 464 67
18 70 100
82 249 97
47 347 71
448 451 61
153 417 90
56 118 60
216 452 19
21 446 49
80 411 39
282 477 37
289 471 20
49 394 71
154 397 70
389 403 39
355 457 59
283 295 29
95 267 89
139 411 11
297 455 98
96 288 46
123 312 77
96 337 69
345 398 52
67 192 75
183 286 33
102 444 88
280 375 70
205 410 92
295 357 85
22 386 4
218 456 28
295 338 16
379 420 96
59 187 84
203 405 62
380 477 54
22 319 56
470 485 8
167 390 64
9 425 88
34 407 45
85 107 93
115 440 11
317 479 72
2 218 65
80 281 78
162 470 93
3 378 42
266 483 15
197 213 45
17 476 77
136 256 72
144 243 72
198 246 15
253 256 95
173 311 73
403 494 48
150 444 77
217 439 53
191 305 24
35 485 79
96 100 71
205 240 17
31 213 36
58 385 17
44 243 38
343 458 12
122 146 15
283 324 21
172 262 91
161 199 4
115 384 48
141 395 81
259 424 43
182 230 25
134 413 88
279 324 40
58 224 91
39 488 4
296 323 71
314 419 87
496 497 67
158 476 67
116 219 17
45 408 76
403 435 11
92 186 16
162 244 33
93 304 2
185 435 85
124 454 86
1 483 38
264 423 92
80 158 75
98 132 48
285 326 52
212 336 34
102 463 24
44 122 27
336 411 34
218 254 2
436 447 84
90 415 53
89 363 37
150 171 8
357 459 75
87 442 79
24 191 92
38 473 39
298 313 55
164 243 48
64 398 18
141 215 59
241 323 62
126 333 53
67 219 97
327 363 29
184 476 55
125 435 26
329 392 88
86 109 64
179 229 22
14 153 20
143 295 63
204 326 66
0 134 40
4 460 49
100 393 96
19 386 60
28 493 100
190 360 57
212 436 93
26 486 46
179 324 54
184 257 3
238 378 85
105 247 40
188 351 87
20 465 36
397 456 9
160 271 13
49 474 44
30 35 21
59 499 92
2 202 32
97 471 22
325 363 44
304 311 55
272 344 14
204 328 48
162 416 44
232 237 74
12 380 67
116 266 12
383 460 31
197 333 19
451 471 96
79 414 70
399 410 53
11 426 4
79 176 3
134 300 96
346 430 51
26 483 82
145 225 79
291 486 76
231 446 13
69 231 49
338 498 10
26 395 85
199 427 11
56 342 32
103 139 3
243 375 60
19 406 51
189 456 26
358 497 11
6 378 75
84 346 22
184 190 35
83 341 64
158 462 80
117 200 27
348 408 34
254 266 31
169 186 1
276 436 48
5 243 96
153 489 50
437 492 18
153 331 78
374 488 75
342 455 16
239 497 73
195 400 28
186 418 5
412 442 92
248 360 89
158 209 32
316 445 63
204 341 72
394 479 51
38 385 65
264 364 31
9 317 56
353 443 96
137 297 36
14 395 91
313 366 78
35 277 77
59 399 75
5 202 41
66 346 6
167 499 3
281 413 57
36 334 33
384 485 61
292 345 90
10 66 40
193 317 62
311 442 45
15 438 5
46 55 29
175 345 88
455 466 22
166 323 56
3 335 5
76 191 97
84 449 27
398 404 97
205 230 72
229 407 18
57 351 44
187 312 18
77 106 93
51 382 41
30 287 1
301 436 52
367 438 39
120 222 3
54 99 34
16 104 80
78 329 85
83 322 65
367 488 39
172 384 87
121 444 52
61 488 95
316 321 94
31 81 95
162 466 89
105 297 60
260 368 68
251 388 32
213 418 6
351 420 99
44 485 66
219 254 57
126 358 73
20 463 48
61 258 19
90 209 12
96 191 14
180 440 28
9 38 60
28 286 43
269 342 62
19 100 73
82 177 35
134 353 64
169 270 49
198 243 54
93 288 1
259 448 28
48 477 52
56 484 38
173 481 76
59 302 79
291 402 93
24 464 54
105 415 26
325 407 78
438 467 81
57 269 55
259 438 86
69 480 20
211 481 13
277 376 6
178 330 34
16 177 19
31 68 70
389 499 27
219 478 11
271 286 38
120 417 57
90 405 70
394 495 87
130 304 44
319 324 95
462 466 27
265 376 43
297 431 35
5 122 27
350 498 99
322 390 98
31 463 72
323 325 81
176 209 74
170 278 87
405 470 79
209 403 15
21 328 19
272 409 92
120 409 43
243 413 28
293 395 21
141 298 10
78 281 92
177 383 71
232 407 97
239 368 46
49 217 87
65 201 51
133 263 15
101 133 22
292 316 74
271 283 18
111 216 25
72 189 29
125 393 12
170 244 51
356 451 95
150 240 23
160 494 1
224 432 40
23 89 66
407 426 21
167 475 25
219 364 3
78 303 59
13 123 90
58 417 56
34 306 88
384 458 61
146 245 3
76 293 80
404 442 57
3 358 57
413 452 53
116 243 17
2 252 56
56 411 67
305 359 59
2 142 88
61 182 73
6 281 94
22 344 64
159 232 76
174 195 53
371 466 19
183 263 33
5 216 64
34 463 60
326 402 84
344 426 12
73 296 98
170 274 32
336 408 70
334 419 80
425 445 23
241 354 38
20 401 24
64 248 45
222 254 35
65 103 13
280 499 6
90 312 11
290 364 87
258 259 5
49 150 17
148 194 62
217 280 87
200 296 42
260 427 4
28 191 26
388 417 10
125 253 12
304 487 34
61 63 36
308 496 99
211 290 20
185 261 6
274 344 18
171 207 81
164 416 61
261 348 36
47 402 99
144 437 29
205 459 36
237 373 30
105 439 80
85 291 69
1 276 15
103 238 97
19 253 82
80 498 8
463 470 32
76 396 45
41 409 33
129 251 34
40 115 53
16 44 24
125 387 61
42 467 14
409 482 74
60 136 22
153 193 15
102 167 42
17 432 47
268 371 74
75 327 67
46 407 87
63 365 5
46 201 11
109 331 56
136 404 69
336 494 89
154 424 21
29 430 9
41 358 42
10 280 34
350 460 1
255 378 2
141 156 29
290 413 54
317 388 98
52 287 67
159 252 100
89 336 74
17 377 39
154 370 54
342 378 47
115 312 100
13 495 83
44 487 70
305 388 8
90 400 61
66 235 21
349 378 20
236 491 86
51 314 24
130 288 22
274 435 8
206 281 12
49 372 39
247 271 19
285 399 23
184 452 83
163 388 30
430 464 21
101 162 39
277 344 48
216 297 29
6 399 48
91 346 66
163 474 12
212 262 48
260 316 25
329 471 33
25 82 19
167 469 14
29 124 83
101 150 100
435 484 61
181 331 73
361 480 73
271 470 98
112 276 94
173 407 47
85 121 64
144 170 47
219 335 93
251 393 27
61 316 10
219 477 84
420 441 1
386 466 24
9 487 17
108 140 22
147 391 48
5 346 45
435 487 80
225 321 55
246 458 66
68 85 2
152 345 56
27 155 23
5 459 75
93 190 45
26 317 55
245 315 61
33 92 46
57 123 24
127 157 62
203 333 9
302 417 51
2 464 54
45 113 23
207 380 99
214 225 69
112 267 44
61 456 72
147 480 39
202 387 16
163 186 24
142 407 58
374 430 9
84 490 89
88 323 79
158 442 12
60 411 16
130 322 90
331 393 22
96 324 19
87 264 3
114 397 97
49 379 80
186 243 5
10 60 66
300 322 40
205 455 94
166 306 85
92 420 73
277 386 14
200 322 66
6 203 15
96 395 13
45 186 45
10 200 75
104 179 93
6 39 16
14 206 38
131 400 55
249 290 19
188 252 56
174 449 41
52 271 93
161 177 47
36 58 83
2 320 36
277 405 92
225 401 66
17 170 10
225 337 42
100 398 78
302 336 100
18 356 85
97 146 28
35 351 95
367 468 37
333 495 45
317 429 78
90 142 48
113 283 23
64 384 84
311 343 72
113 177 30
248 351 68
213 257 4
114 470 70
121 449 26
5 322 78
22 213 51
118 266 3
426 494 26
212 492 28
208 339 9
80 472 22
81 415 10
189 491 37
177 393 81
45 448 9
199 325 5
145 343 12
22 68 75
374 446 46
331 419 14
74 443 79
279 344 90
60 194 57
352 368 51
70 276 36
90 263 27
218 357 6
78 278 89
284 387 83
346 454 6
427 483 54
167 438 18
43 426 90
88 204 85
186 256 5
97 413 86
21 287 17
229 403 19
95 325 41
304 324 48
166 179 80
357 414 55
164 371 6
69 234 98
73 294 20
171 307 19
312 324 96
31 473 94
240 462 20
127 153 10
214 241 18
196 323 42
66 374 80
239 240 76
188 376 64
69 378 27
97 366 12
119 279 49
116 301 36
32 134 43
32 49 19
172 325 78
252 484 79
33 274 38
276 362 23
91 209 21
94 212 31
243 272 57
473 491 36
39 480 97
141 345 45
357 490 79
273 304 4
98 432 58
4 240 52
118 121 58
243 285 21
322 354 27
59 147 66
92 414 53
204 342 53
356 448 26
170 298 62
105 377 8
321 472 100
319 364 74
249 338 79
116 337 80
266 360 19
203 376 64
306 410 61
277 486 47
157 310 73
219 360 99
142 195 82
4 196 14
8 65 68
246 268 46
171 199 10
97 434 84
123 346 14
373 495 8
220 428 76
23 225 66
255 365 27
14 379 86
3 120 46
193 371 45
51 481 25
429 463 53
5 199 53
467 471 9
36 320 19
410 432 25
131 190 25
197 316 25
210 488 61
92 258 65
329 440 80
17 221 18
175 211 97
113 260 60
216 285 64
277 311 68
3 90 95
242 437 57
2 268 55
29 479 28
189 470 38
48 115 38
267 414 73
58 342 20
288 379 3
21 114 35
73 335 65
70 164 9
194 435 96
239 351 48
255 383 63
84 85 53
73 307 3
147 459 50
111 375 90
106 272 41
7 114 59
35 346 56
206 437 74
189 480 70
147 455 30
74 236 52
327 428 100
133 418 32
116 354 54
186 190 76
1 332 79
250 420 19
100 234 58
216 485 92
43 251 62
257 330 14
187 372 100
114 251 4
134 356 83
173 474 44
70 289 97
13 65 78
287 296 20
313 369 3
37 471 20
65 480 42
26 293 16
133 140 12
219 399 52
300 450 63
129 392 50
132 253 26
60 315 48
58 110 58
418 441 73
213 480 83
47 187 24
232 455 21
290 382 25
89 217 12
102 155 89
280 371 52
267 372 88
287 410 39
106 456 89
25 282 21
140 442 26
66 69 53
175 308 45
111 117 81
241 375 85
168 425 37
128 293 18
230 361 3
315 447 51
178 333 7
82 328 94
47 153 53
192 461 3
63 79 16
368 482 63
215 315 97
240 243 7
75 281 14
2 16 10
408 464 40
417 450 38
89 99 47
1 164 13
123 315 92
201 471 80
384 412 61
166 352 76
351 488 69
86 104 63
63 76 27
380 414 56
214 373 14
97 446 17
97 105 79
58 212 8
78 373 41
160 423 40
336 455 45
95 105 2
142 390 66
136 239 94
335 450 79
18 95 22
273 436 68
68 256 88
307 363 1
304 361 70
52 475 11
138 414 18
8 241 12
238 440 15
127 142 29
6 381 9
293 347 97
421 472 70
157 492 69
13 362 61
300 486 49
95 216 25
223 368 73
133 469 33
12 345 51
20 325 84
10 12 21
75 226 28
60 428 77
290 434 30
321 354 75
377 398 92
75 96 42
136 382 29
137 291 70
90 391 56
227 354 69
283 366 78
4 357 2
8 235 92
92 140 86
143 217 22
419 499 75
180 182 61
56 264 79
163 203 63
75 140 72
87 443 94
17 114 2
328 462 15
284 392 37
166 470 98
14 296 26
198 402 59
172 291 55
6 86 50
339 408 7
18 150 17
40 395 87
74 103 30
48 157 73
141 375 59
52 387 62
303 456 43
8 135 47
70 412 43
383 392 34
287 326 48
40 331 53
157 471 3
387 397 12
275 388 54
120 142 13
56 172 53
297 376 3
80 173 65
304 423 1
188 325 94
116 139 21
173 312 34
374 489 100
289 295 37
71 229 50
66 429 12
91 378 27
260 311 89
188 219 39
330 393 33
157 288 34
206 461 56
351 371 98
10 185 96
134 475 8
157 378 55
30 318 88
27 59 100
54 460 78
122 200 30
265 490 87
66 113 79
320 452 72
101 326 23
390 499 5
54 325 38
195 397 47
133 485 65
87 245 43
337 481 59
273 407 55
93 238 32
109 162 100
114 173 11
303 432 83
163 490 11
79 221 71
212 241 21
453 484 3
422 494 20
467 472 72
184 213 64
20 390 84
27 332 22
106 406 43
51 332 96
48 443 62
214 446 23
151 329 30
378 388 52
190 305 56
265 405 12
238 402 22
146 292 54
233 497 96
260 455 78
81 392 76
289 343 54
270 339 74
62 432 13
332 388 11
305 491 56
85 346 46
288 343 6
100 233 28
256 387 95
182 465 84
426 445 65
361 495 24
67 249 67
366 463 85
10 137 86
309 459 52
297 366 88
17 403 40
58 60 66
27 67 43
22 185 20
50 188 31
279 312 99
94 176 51
79 383 28
147 234 66
42 376 19
89 409 15
68 114 17
223 302 97
87 203 13
158 388 92
84 256 1
62 176 75
4 280 100
59 287 66
289 476 60
30 444 16
91 421 13
61 292 14
12 176 90
15 49 90
156 492 27
203 482 95
158 159 58
55 205 94
131 288 19
40 234 15
128 383 20
396 414 14
85 227 50
113 141 11
116 447 22
244 369 10
389 482 18
12 82 28
128 152 66
207 399 91
193 297 23
31 311 75
198 225 33
337 424 26
1 27 47
240 407 84
389 495 58
58 242 48
101 279 61
186 262 10
149 416 25
11 306 82
451 480 100
291 362 41
40 442 79
52 394 97
145 294 77
53 431 52
86 264 60
123 234 15
61 195 54
14 430 47
119 459 12
139 173 68
34 38 57
134 248 87
333 381 86
54 247 42
200 407 71
39 367 2
196 489 64
154 231 50
309 438 51
211 410 29
131 396 46
33 355 99
34 380 17
200 257 83
11 193 57
261 345 56
258 339 75
255 411 90
188 269 93
10 122 48
48 273 21
139 266 45
135 446 29
184 432 58
176 372 17
301 304 55
116 271 18
277 385 53
354 474 7
171 280 8
91 116 66
38 219 4
232 264 29
132 361 10
101 461 30
54 215 83
48 106 62
325 489 91
441 476 76
164 452 4
75 438 63
75 453 19
16 134 77
346 362 8
107 249 10
49 358 66
87 316 54
225 473 80
18 239 74
47 462 24
48 220 10
27 331 9
103 291 39
280 406 70
304 328 2
18 222 1
8 291 35
80 241 49
162 412 53
139 162 89
194 203 17
390 425 75
327 392 89
176 239 58
150 425 84
232 408 4
175 209 57
72 129 58
51 286 100
13 93 88
49 261 19
15 304 55
277 314 68
31 381 100
148 252 45
305 355 79
108 269 73
241 353 77
183 224 43
109 248 27
272 289 99
53 207 62
52 292 53
268 487 79
103 243 88
248 313 12
241 401 28
151 441 22
114 311 52
246 274 69
243 351 72
179 358 67
11 166 100
24 282 2
35 443 25
460 495 22
18 399 27
69 206 55
68 340 83
85 198 80
207 228 43
292 477 62
98 329 18
43 85 2
102 262 27
343 429 47
267 350 13
372 497 71
230 270 56
246 272 99
105 200 48
1 372 57
22 473 57
364 423 49
105 242 69
33 106 8
204 229 87
204 466 90
199 481 60
41 332 43
165 402 68
307 426 84
192 262 9
374 398 34
272 387 84
18 307 99
276 334 2
121 382 44
38 222 23
95 455 11
28 476 85
252 463 74
183 245 35
121 160 56
176 425 38
38 475 49
177 276 51
67 313 25
365 376 37
44 284 7
100 106 8
319 345 47
145 330 6
292 310 24
79 317 53
243 373 55
223 376 34
17 27 38
329 429 56
80 118 2
294 325 93
23 383 39
99 460 33
315 328 63
63 457 16
357 412 39
64 413 40
393 489 6
140 373 79
31 422 84
168 426 7
86 358 15
351 472 50
277 495 72
318 434 61
297 370 97
6 254 87
112 142 36
185 402 68
134 198 30
146 349 99
467 480 27
10 110 14
453 465 16
27 75 54
396 432 73
287 445 99
178 435 39
117 291 2
160 316 17
211 291 9
84 126 75
288 368 62
413 470 95
104 157 5
168 251 82
110 371 65
74 135 74
248 330 60
48 485 24
77 249 77
113 429 62
205 452 9
19 158 52
371 478 94
13 259 85
2 10 65
146 419 94
215 223 57
37 228 34
93 437 37
8 270 7
451 459 48
306 333 29
161 455 5
56 102 52
202 353 52
193 471 69
281 396 65
250 297 56
181 282 41
291 468 47
304 424 64
57 364 62
165 415 13
215 249 51
138 236 44
12 354 33
370 399 77
251 303 28
64 316 21
258 342 84
80 334 88
49 124 76
204 322 5
143 199 33
18 57 49
204 297 73
51 295 16
25 263 35
309 443 3
32 80 38
57 176 56
339 347 45
206 330 23
294 333 59
97 313 17
276 489 39
157 314 5
356 482 78
81 338 36
68 228 92
44 182 14
32 311 4
73 389 13
270 390 92
308 342 79
471 483 10
288 463 19
214 375 21
162 195 72
273 477 20
206 361 12
455 457 1
29 406 34
290 463 3
181 192 39
136 397 66
89 304 57
131 308 98
26 354 64
27 475 67
23 36 44
269 496 99
137 138 21
110 449 69
56 483 5
187 375 20
104 200 7
125 425 86
226 477 13
400 458 13
244 293 89
163 391 59
15 478 36
128 281 32
277 299 91
8 359 96
93 490 55
490 493 50
295 472 16
204 459 84
299 355 65
199 472 65
50 51 40
192 446 15
194 334 94
55 309 65
237 346 66
53 86 3
90 278 73
170 191 1
224 238 57
101 259 83
201 289 51
407 408 91
200 293 17
314 371 79
154 255 14
230 343 13
265 320 85
202 369 47
28 211 1
383 465 7
149 297 13
3 121 17
386 419 2
359 467 17
13 302 64
188 373 80
250 463 35
148 267 76
98 207 61
178 458 98
73 434 92
449 451 40
21 444 58
8 189 71
159 443 24
77 269 73
42 371 88
267 433 40
299 478 69
86 181 27
87 266 30
143 360 4
51 335 58
314 348 95
2 437 66
459 489 21
31 112 1
233 316 21
154 284 57
179 454 80
161 469 38
109 469 75
97 163 86
5 219 90
60 236 4
262 381 98
64 364 16
205 418 50
182 237 13
15 484 10
234 412 3
173 468 25
181 250 63
67 455 4
232 409 96
299 465 69
242 304 29
238 374 91
231 490 53
209 347 48
60 89 44
37 416 19
70 268 73
405 447 19
252 333 13
319 478 97
104 125 59
264 306 65
203 246 10
101 380 94
107 127 22
56 290 31
41 395 80
177 420 71
229 358 2
177 460 53
69 252 12
81 195 48
163 397 98
9 325 43
123 322 53
1 253 50
63 71 51
17 36 90
109 385 69
92 372 99
57 395 81
361 423 28
411 478 29
178 222 84
256 401 80
87 126 67
299 437 94
119 250 98
374 477 98
271 341 32
266 364 11
245 464 81
343 409 23
22 55 99
108 437 34
105 383 23
153 159 67
114 194 18
420 483 93
30 422 68
76 421 55
362 398 37
46 315 2
53 278 35
168 269 34
193 376 56
335 357 64
138 185 72
2 346 76
55 233 52
128 311 31
84 93 12
137 407 1
27 392 22
205 467 6
127 150 61
40 117 67
14 289 25
8 26 49
300 465 89
18 443 85
217 404 8
49 490 32
5 292 69
50 80 48
326 423 63
207 264 13
236 266 17
330 486 33
8 455 86
211 408 82
192 323 18
234 301 38
250 470 22
197 473 81
110 301 67
88 159 73
223 341 60
245 276 77
453 479 34
45 243 9
292 479 44
309 352 86
106 495 63
45 192 22
225 489 76
176 420 62
23 414 58
19 193 92
92 210 3
376 395 91
346 422 91
359 456 1
172 419 91
36 60 92
227 271 47
82 192 7
23 361 67
306 496 72
7 254 46
62 207 42
36 402 56
290 443 27
282 379 68
259 266 10
10 300 16
203 356 94
3 323 42
75 107 25
407 471 50
141 361 80
422 455 35
23 428 80
286 496 80
239 466 43
353 455 35
68 330 46
99 275 71
459 483 13
40 474 92
81 324 65
60 421 42
227 450 7
131 186 32
134 166 77
49 280 38
398 453 82
110 196 87
81 357 37
25 355 21
34 315 38
241 327 17
192 483 96
329 399 62
88 435 87
6 426 27
330 419 97
24 165 67
284 464 27
467 484 27
238 358 19
382 498 74
86 183 19
30 465 23
295 415 14
59 462 90
138 250 1
17 106 69
57 119 62
62 425 54
264 334 70
392 408 91
210 275 91
112 202 61
73 349 98
213 225 19
63 400 79
338 464 67
6 99 78
171 297 37
247 301 100
53 358 82
166 186 24
430 474 69
162 175 16
231 395 72
3 145 18
11 456 30
237 494 45
27 91 23
243 449 63
72 352 59
370 421 100
248 352 33
361 397 10
371 387 97
245 326 73
380 498 10
52 389 56
144 354 33
28 78 21
209 445 2
133 344 86
218 413 59
30 124 88
27 421 20
395 468 7
171 253 21
134 354 56
346 447 56
208 259 43
302 383 34
248 442 25
60 202 88
41 256 65
93 216 57
133 340 48
150 305 76
107 330 55
104 381 55
22 467 71
33 124 85
147 225 98
178 324 80
284 351 7
429 467 79
58 157 15
269 322 64
48 413 25
205 445 17
399 439 55
8 13 92
108 319 46
154 171 55
44 437 5
56 276 29
29 154 28
75 239 20
243 345 46
135 202 12
247 445 88
290 414 93
108 248 68
93 330 37
68 432 56
242 478 64
426 466 56
177 263 79
6 461 78
331 424 9
175 190 73
69 77 45
383 467 97
173 368 9
44 340 50
22 232 93
462 471 78
79 247 78
149 251 26
349 362 91
296 487 3
278 455 6
185 226 64
369 385 82
235 372 76
94 397 60
416 443 40
233 375 49
114 443 4
102 179 92
115 308 52
442 481 76
342 430 29
216 230 90
285 487 22
85 184 10
175 205 58
112 264 38
236 319 75
32 100 38
9 370 21
98 117 6
361 454 61
136 410 92
98 324 44
148 461 33
77 290 67
394 420 32
14 423 66
370 481 36
193 415 19
40 51 22
56 61 26
23 276 74
109 454 24
66 263 52
226 435 58
443 466 35
141 279 62
257 343 4
90 97 58
89 498 21
208 391 18
338 421 11
282 314 12
336 387 22
20 404 8
27 436 80
192 394 19
214 408 83
5 153 80
91 189 11
214 302 17
151 433 39
279 488 51
211 312 75
157 478 57
61 72 58
114 428 72
248 298 3
27 333 30
228 328 55
376 444 22
353 481 71
129 345 99
417 452 85
126 415 75
447 477 68
332 438 19
26 77 38
264 294 65
264 495 10
381 443 86
349 494 70
229 326 48
337 461 56
171 328 98
10 158 92
59 384 91
50 76 78
284 347 77
264 271 1
356 372 46
184 258 21
216 294 77
4 499 33
197 269 39
268 364 60
369 391 5
334 426 64
233 263 66
189 497 100
305 402 71
76 181 56
343 358 99
243 266 29
320 440 42
91 375 57
133 152 89
213 436 71
287 437 97
242 270 48
134 320 2
35 345 57
2 181 38
40 59 26
94 424 88
85 104 66
163 306 94
385 425 57
477 489 38
149 331 58
37 190 29
196 486 82
237 325 56
22 428 86
72 464 25
46 106 64
156 179 36
53 195 41
371 491 34
128 217 29
72 487 59
365 384 88
9 482 62
49 232 52
240 357 48
207 223 40
59 120 39
246 333 20
227 272 91
168 319 14
247 414 10
122 353 83
20 454 47
271 359 63
104 280 45
93 272 32
199 458 5
180 206 9
290 339 28
155 231 46
4 407 95
339 484 50
0 180 44
17 312 93
246 257 65
173 353 60
37 189 45
139 189 85
139 362 72
284 465 98
36 420 3
10 225 64
77 329 84
375 464 10
312 418 46
142 317 99
192 218 57
149 301 23
242 309 62
147 433 49
270 452 67
67 78 3
25 408 31
89 281 19
89 487 98
158 452 59
203 272 53
63 346 23
259 373 71
7 466 94
121 188 3
294 370 34
54 389 6
166 457 55
434 466 56
74 347 41
291 318 90
75 346 17
23 274 67
70 107 69
221 358 22
290 377 30
41 95 46
246 459 46
88 420 33
105 494 15
64 185 39
86 125 12
275 418 18
133 282 81
272 332 86
291 456 2
114 312 20
77 474 41
49 66 27
134 407 32
62 358 100
48 185 8
100 147 56
168 365 29
110 130 47
148 372 12
311 419 88
142 219 14
335 341 84
60 225 53
9 124 36
32 179 65
45 214 64
59 162 34
179 402 100
360 467 89
191 468 95
95 109 86
121 252 70
241 360 39
244 495 78
93 341 90
23 87 20
293 461 39
77 475 24
250 396 33
168 214 93
29 225 48
259 323 1
183 332 69
449 459 78
19 487 67
95 126 94
228 454 10
146 413 40
49 371 10
111 421 31
96 292 59
6 308 36
251 391 24
434 449 19
215 308 55
1 244 29
80 470 72
3 490 48
156 287 65
255 473 87
153 282 44
127 165 75
332 354 90
149 313 91
112 340 47
270 322 40
127 256 94
280 310 34
177 300 10
104 281 58
318 363 100
123 268 21
127 457 18
51 459 72
145 328 37
62 88 30
72 154 13
91 265 54
74 102 43
97 497 4
142 363 56
32 453 44
12 255 80
68 447 53
391 491 41
291 477 2
295 499 94
0 463 74
265 484 75
101 405 32
172 263 35
108 330 16
18 250 13
232 457 40
124 441 57
322 339 86
165 310 76
103 267 6
20 158 47
41 82 26
69 425 85
242 406 89
349 416 42
187 196 82
116 422 42
203 462 18
223 377 8
247 449 63
73 383 14
35 476 74
183 418 81
270 295 96
152 275 100
300 407 97
200 281 94
252 319 79
48 58 52
177 367 37
26 189 46
191 294 5
7 22 64
251 322 50
145 146 4
172 463 12
45 441 99
186 295 18
82 83 58
89 195 41
202 388 22
64 456 7
72 183 56
498 499 97
166 255 55
42 287 29
0 90 64
402 456 9
65 280 24
60 235 68
384 467 68
110 412 25
353 446 20
10 150 1
271 310 1
314 444 58
283 342 94
186 272 66
36 207 20
347 449 14
240 276 31
265 464 89
89 185 81
111 391 59
13 201 62
246 380 40
76 102 51
119 277 19
87 463 70
206 320 75
269 443 8
183 301 100
188 192 60
7 183 98
116 195 71
269 318 18
104 272 37
346 403 35
229 299 1
72 235 17
114 339 71
88 307 54
223 408 22
52 281 93
279 429 24
109 121 83
218 334 76
139 294 5
284 406 92
154 264 31
43 261 95
190 349 55
136 248 69
78 117 64
415 457 40
150 170 14
8 68 66
202 431 24
43 158 81
133 286 9
148 383 75
39 314 59
128 276 36
356 385 5
75 204 4
20 430 78
50 322 13
255 272 35
134 257 40
52 310 11
103 480 13
80 149 60
161 248 61
111 146 32
56 232 63
30 442 85
290 405 5
449 492 53
325 438 89
35 457 52
69 460 91
25 178 25
84 326 75
142 455 27
213 276 93
296 422 53
271 482 88
284 332 11
79 256 70
136 353 90
238 468 69
338 420 83
156 361 37
272 290 79
132 327 95
72 98 42
93 269 13
202 482 47
415 478 45
300 319 46
213 259 25
93 159 37
334 467 49
79 102 2
117 316 58
280 347 33
101 437 68
440 458 49
143 253 42
156 333 86
174 476 49
216 499 4
19 249 45
44 394 9
16 488 92
44 215 93
95 98 15
71 423 20
479 480 24
173 251 50
48 442 82
161 297 87
399 493 7
139 478 19
214 229 89
21 472 72
184 249 59
52 161 28
53 347 96
95 270 50
333 497 15
126 446 86
47 81 36
139 348 43
111 445 97
278 382 98
102 261 92
194 326 34
371 408 97
384 433 68
207 242 1
30 159 100
103 165 61
399 468 30
105 406 63
112 213 91
137 296 12
209 333 11
338 424 55
136 207 74
335 493 95
328 336 71
22 270 98
117 368 29
362 382 73
195 484 52
323 380 18
94 446 9
88 151 25
378 453 46
211 475 54
216 491 59
12 341 27
264 395 22
67 364 16
209 343 67
37 457 17
126 222 54
155 428 1
46 150 33
252 267 39
382 408 48
43 86 76
286 342 71
267 475 38
373 412 92
186 222 92
23 79 38
296 399 74
18 123 98
94 306 49
4 455 1
27 453 60
1 263 77
429 490 62
104 278 54
18 130 45
139 311 5
344 401 63
300 339 86
424 439 98
321 391 55
25 211 92
41 288 6
171 289 7
47 91 58
149 302 41
17 159 35
245 442 65
288 412 56
24 150 1
16 404 73
247 418 73
227 406 67
252 455 52
16 479 96
11 90 92
198 395 66
133 180 64
142 250 90
24 57 86
12 252 85
391 459 84
151 291 84
189 432 49
17 320 25
261 399 39
45 244 29
217 257 22
62 387 62
60 205 71
114 375 60
176 367 66
216 448 56
47 327 64
136 319 62
178 499 53
121 183 31
129 349 2
118 433 67
235 324 89
93 194 13
162 400 3
79 132 39
404 411 30
203 227 35
63 180 88
98 227 27
133 296 91
142 429 84
12 161 85
27 222 19
150 487 54
277 372 9
88 499 12
101 312 79
112 280 40
55 394 39
97 108 58
208 338 15
339 419 59
86 435 94
201 379 42
181 206 70
149 300 20
256 472 35
0 252 36
453 481 39
158 458 51
78 341 48
135 368 31
180 398 92
71 77 62
232 359 78
284 401 29
344 478 65
150 161 81
244 281 55
72 291 76
100 310 19
27 319 20
34 464 16
56 245 7
355 480 83
361 489 89
281 393 87
140 329 36
190 395 96
76 128 26
135 275 64
130 184 75
73 483 80
94 396 74
190 408 3
322 368 93
458 467 68
170 407 69
61 200 4
86 349 68
239 389 76
32 158 93
87 331 61
122 257 8
74 268 12
230 449 50
136 183 42
111 184 93
113 153 84
196 216 66
147 295 29
89 276 12
84 337 70
449 467 49
54 446 71
135 406 51
36 62 48
18 112 12
237 381 82
39 487 63
15 362 42
284 292 82
342 363 14
34 409 37
176 464 13
233 266 19
140 249 19
126 283 94
253 265 61
260 476 62
421 473 100
222 356 85
0 210 28
320 486 98
30 246 34
138 459 66
44 216 56
147 473 74
21 217 63
123 341 22
407 454 80
14 470 87
19 202 65
359 463 69
30 161 90
130 460 36
29 141 81
188 327 66
307 393 95
7 249 89
232 462 26
61 475 11
153 397 79
192 315 22
200 437 2
280 349 63
164 195 66
322 360 29
150 333 23
247 450 76
383 485 88
199 254 13
9 321 35
322 366 66
249 317 68
187 415 52
88 431 81
1 403 64
24 166 87
377 395 66
103 356 17
252 315 16
188 209 62
168 206 3
342 437 50
200 264 32
8 36 1
418 432 48
230 404 14
83 102 71
33 49 29
120 366 45
204 248 75
335 401 72
303 424 26
11 308 92
234 270 60
155 176 55
83 241 37
203 397 69
180 316 43
473 490 61
86 164 42
136 171 77
57 309 44
250 252 70
5 274 31
91 207 16
265 300 4
45 56 76
227 233 58
163 351 26
292 336 54
217 344 20
51 303 41
373 409 44
440 460 95
385 406 83
58 248 54
144 444 23
30 32 35
388 421 27
25 36 40
191 208 29
344 360 37
51 290 52
24 68 17
394 437 85
210 423 4
214 378 4
85 217 62
303 427 84
99 261 36
86 285 23
464 483 68
39 361 44
225 415 93
131 185 1
198 462 49
136 313 13
348 468 72
62 201 35
110 224 53
293 482 34
480 483 67
16 199 34
153 388 20
53 479 36
247 471 6
149 367 71
32 61 93
13 492 84
25 274 29
85 92 10
44 53 77
77 181 4
80 440 46
9 390 19
160 179 14
343 479 31
11 411 90
68 302 93
305 330 43
69 199 97
199 343 70
123 237 19
143 436 62
38 116 74
0 458 3
261 265 85
265 404 63
70 404 71
305 393 73
234 364 65
235 297 98
159 332 25
307 392 8
132 254 14
142 311 6
172 413 46
448 482 27
59 416 36
41 86 13
165 329 95
77 113 94
239 262 49
196 375 51
78 273 85
249 449 70
331 468 52
111 259 38
111 264 2
48 418 33
239 429 97
68 336 26
193 276 60
372 453 21
31 49 86
78 203 48
123 384 21
20 55 93
136 275 61
60 430 56
154 230 81
102 252 71
142 485 78
86 463 98
193 364 1
171 491 41
21 476 87
171 205 66
39 67 78
292 375 22
138 496 93
342 425 18
178 492 69
94 161 68
75 360 90
147 227 100
177 200 93
22 460 64
368 470 64
75 312 98
57 474 24
27 37 11
332 499 61
345 420 79
15 338 67
34 181 4
54 315 88
298 449 16
