500 8500
0 1 18
1 11 60
11 14 92
14 19 43
19 20 94
20 21 72
21 22 24
22 23 65
23 24 37
24 30 94
30 32 9
32 35 86
35 44 84
44 52 100
52 61 46
61 65 72
65 67 71
67 76 85
76 78 53
78 88 72
88 89 80
89 101 46
101 102 98
102 121 12
121 122 20
122 131 94
131 135 68
135 138 96
138 150 7
150 153 69
153 154 51
154 161 39
161 162 83
162 168 8
168 170 50
170 173 95
173 174 37
174 181 93
181 183 22
183 186 13
186 198 92
198 210 12
210 213 35
213 215 30
215 216 14
216 222 40
222 223 40
223 224 56
224 238 9
238 241 9
241 247 97
247 250 69
250 254 87
254 255 86
255 260 49
260 262 68
262 268 41
268 270 27
270 273 76
273 277 61
277 279 48
279 283 93
283 288 36
288 291 17
291 293 38
293 296 89
296 300 60
300 305 98
305 313 80
313 320 11
320 325 6
325 328 14
328 332 62
332 337 63
337 339 80
339 342 63
342 347 4
347 365 39
365 366 59
366 386 11
386 391 69
391 398 21
398 399 51
399 404 85
404 408 59
408 412 40
412 422 23
422 427 7
427 430 65
430 433 75
433 437 98
437 440 45
440 444 41
444 446 35
446 454 91
454 459 83
459 473 23
473 484 32
484 498 37
498 499 30
422 424 42
46 457 88
136 261 49
369 401 17
375 378 18
36 62 36
230 421 12
10 319 72
322 414 26
91 316 42
363 465 72
26 143 58
128 223 62
330 449 91
142 388 70
133 456 92
161 238 36
167 286 76
103 394 4
356 474 60
123 141 3
1 287 42
399 403 13
255 278 7
229 287 59
379 476 92
367 468 62
108 272 33
51 140 7
228 368 6
112 267 13
47 126 58
156 356 44
411 412 87
238 256 92
113 441 49
28 144 97
161 419 48
312 335 61
262 489 10
54 362 23
295 455 81
280 310 69
26 271 61
61 311 81
290 370 66
159 408 43
202 242 97
105 414 26
63 494 13
71 203 76
337 363 24
161 322 50
117 431 19
188 217 89
130 296 89
81 413 35
3 52 13
271 312 97
289 318 75
42 205 86
116 245 95
275 472 19
209 291 18
207 391 62
138 152 25
254 437 92
197 487 67
167 291 46
262 310 32
343 474 56
132 467 97
400 486 44
23 460 45
255 294 69
175 278 90
193 271 41
40 465 33
100 378 76
284 463 13
162 282 74
93 290 5
119 429 13
203 439 31
68 259 32
271 415 26
171 250 92
200 276 62
100 347 37
192 409 66
250 440 8
90 381 71
268 397 67
157 272 20
182 362 61
98 330 84
243 353 52
174 390 17
84 280 72
103 242 58
60 348 18
151 287 30
19 320 52
155 299 48
329 465 20
130 182 24
29 342 16
140 242 99
12 24 13
118 384 80
394 401 22
121 184 94
9 144 45
274 438 58
135 143 77
162 321 8
262 418 75
48 439 91
67 363 20
36 294 68
110 443 15
421 440 3
227 289 85
329 478 98
218 469 75
26 72 9
167 234 42
372 417 31
152 271 58
17 156 37
123 196 64
36 103 47
157 384 95
53 313 56
134 428 93
183 307 77
158 245 9
440 469 7
210 439 94
188 472 64
2 305 17
40 286 39
372 377 70
52 141 62
106 209 41
131 396 6
429 440 29
61 157 56
12 147 96
149 281 95
104 225 78
336 440 92
90 110 85
192 352 63
270 278 83
224 402 61
259 392 62
93 393 44
176 335 88
179 188 53
26 179 88
205 346 43
279 326 20
71 317 24
193 348 14
106 299 87
375 433 49
231 290 94
279 484 20
79 209 18
44 126 67
129 182 7
47 399 74
230 495 81
156 301 34
69 173 19
174 198 17
12 125 14
216 219 9
130 441 93
40 151 15
68 213 31
407 422 59
296 393 4
57 106 28
365 406 16
92 339 74
200 477 27
78 79 77
430 443 86
234 399 54
10 291 40
380 440 43
91 306 12
310 463 53
172 427 73
296 427 98
278 285 81
55 138 89
152 173 93
40 323 95
15 114 10
146 153 63
342 344 70
181 304 88
7 292 91
215 241 36
100 178 38
31 491 14
138 286 44
27 410 6
159 461 91
118 235 85
245 373 63
377 389 88
132 489 90
318 372 44
18 154 24
275 433 1
72 243 1
21 201 46
345 346 70
145 249 13
20 361 49
338 342 43
77 352 32
0 331 58
2 170 21
31 142 26
399 412 79
195 389 35
84 357 84
129 246 20
242 281 46
3 491 24
242 462 80
163 366 19
290 464 68
166 289 87
37 437 89
11 245 85
45 108 56
132 406 13
81 148 80
16 312 13
118 254 14
180 238 72
278 372 12
107 116 15
199 305 20
8 428 3
184 260 96
52 229 52
458 496 93
221 465 8
252 274 79
141 208 2
168 396 90
266 488 61
136 273 41
481 490 45
335 451 81
72 239 18
242 372 57
222 258 58
81 269 30
113 438 12
13 186 98
293 455 5
73 237 71
163 384 83
163 215 48
202 277 73
174 245 82
21 290 29
128 491 11
394 472 35
103 133 47
213 487 12
260 275 96
195 271 49
169 248 5
168 245 42
75 296 5
347 395 3
135 323 28
340 456 29
52 332 70
114 302 23
90 365 55
50 84 8
131 165 9
124 374 42
290 498 66
385 420 66
155 315 17
122 135 64
229 363 43
50 190 27
269 431 5
77 245 26
290 399 83
177 278 3
73 110 73
124 167 66
200 233 54
471 497 89
78 199 89
44 158 73
31 349 49
133 386 4
88 122 12
302 448 3
218 291 67
165 395 99
233 282 63
150 282 63
144 497 61
411 485 37
104 479 77
66 438 31
81 86 77
112 131 66
58 118 86
9 111 23
229 310 35
34 465 64
164 483 72
253 476 65
273 457 88
67 173 81
241 318 93
346 391 80
240 294 1
196 335 99
368 377 74
393 435 90
72 329 38
1 458 44
224 455 13
150 205 86
218 443 30
32 236 11
11 373 10
333 489 86
96 473 23
75 155 28
43 358 47
224 375 79
270 284 15
63 227 61
194 238 70
136 395 17
164 463 87
101 363 35
95 370 58
10 348 93
198 479 50
215 416 60
205 259 9
308 390 28
6 386 91
16 397 26
114 272 73
2 413 62
64 182 39
6 176 24
385 462 94
53 131 87
136 264 61
21 246 62
215 240 64
174 322 71
174 310 83
310 367 42
287 347 53
171 201 16
147 200 8
20 296 70
39 60 75
83 252 18
82 209 64
381 455 35
15 427 100
169 287 94
180 303 55
257 320 15
144 363 69
55 142 3
227 308 42
369 470 15
200 461 48
153 391 97
112 231 11
38 494 48
189 197 6
89 229 72
141 300 95
36 387 51
17 367 57
47 122 10
74 133 77
74 223 60
140 337 90
20 141 17
22 463 97
115 340 75
57 475 62
149 212 86
158 298 37
334 491 18
330 401 90
65 433 12
54 159 58
277 484 76
158 250 6
174 241 4
266 291 24
393 441 40
376 494 38
138 355 71
150 316 24
5 486 18
221 346 26
154 335 8
143 387 46
15 359 26
481 493 90
203 369 1
19 456 35
214 291 43
45 421 4
271 290 97
234 418 91
15 279 68
88 167 88
219 426 65
51 123 87
37 124 46
177 406 9
264 299 69
66 227 95
209 300 65
430 470 63
10 240 9
8 49 66
110 182 23
28 420 81
33 46 22
288 359 75
271 470 53
276 315 16
369 424 39
221 396 24
86 277 74
119 455 35
198 452 45
243 382 55
21 164 77
59 442 81
94 388 7
133 424 24
128 487 49
224 482 85
59 226 39
46 400 70
19 472 30
182 386 31
365 461 8
22 312 7
184 262 100
238 364 65
199 306 32
91 303 62
168 228 39
279 477 55
70 234 86
361 422 62
129 423 47
68 369 10
299 496 76
175 485 46
144 298 19
240 457 49
34 377 78
287 461 2
17 67 35
79 298 45
9 25 64
154 174 59
397 498 6
237 320 45
281 437 8
33 360 84
63 324 49
229 319 65
79 214 4
243 328 10
129 172 35
89 299 98
314 377 74
124 130 88
67 382 85
77 466 48
395 469 56
363 397 4
148 398 43
416 419 25
7 357 45
161 298 47
155 190 51
439 491 45
147 283 17
191 215 83
4 228 42
136 227 11
333 399 78
53 362 68
194 424 90
21 158 100
74 105 55
236 248 2
145 306 12
140 287 89
31 135 69
70 498 18
5 310 58
22 144 83
113 446 84
267 287 97
18 245 81
122 278 94
77 471 82
250 326 27
97 173 87
28 270 73
41 395 93
275 436 5
150 473 98
465 499 3
191 367 56
197 202 51
69 80 2
21 339 66
106 457 85
87 240 94
185 383 3
294 452 32
5 192 27
128 262 95
93 279 92
240 441 52
37 329 5
179 308 73
37 429 32
26 180 17
325 408 69
206 449 60
102 420 18
222 305 38
304 459 79
65 486 13
116 412 25
36 343 65
478 499 65
108 391 71
424 473 4
83 91 78
107 222 6
37 432 13
88 357 59
176 287 28
197 276 42
111 369 54
65 234 58
16 108 41
318 423 56
137 463 2
162 495 75
67 338 32
230 376 6
97 480 14
75 119 7
43 295 38
377 440 7
300 459 49
343 492 59
143 337 100
173 475 68
316 442 87
20 108 66
282 438 54
126 417 87
211 284 93
10 40 47
39 208 97
122 232 49
108 142 47
129 322 52
133 461 100
34 382 61
201 261 64
23 29 20
136 453 28
398 443 49
124 126 4
207 339 56
288 427 97
153 448 75
324 462 75
362 378 56
186 336 31
63 149 2
425 482 69
59 183 46
121 195 48
149 462 25
248 372 98
288 458 46
40 486 66
167 492 50
410 421 17
52 236 10
24 263 82
134 262 10
195 495 2
260 379 46
231 417 95
264 385 35
198 220 54
190 279 22
384 422 34
359 459 70
428 429 55
183 188 80
299 493 85
34 139 39
17 165 49
5 48 55
335 410 9
265 350 18
402 488 18
17 144 36
36 46 82
26 79 61
152 316 91
362 440 100
69 394 76
178 210 49
16 281 8
188 234 69
399 457 97
152 190 98
124 398 85
273 381 97
280 413 46
47 436 69
336 457 10
291 495 70
179 442 90
129 369 23
241 422 44
118 244 83
270 445 61
86 228 47
241 326 80
19 337 13
459 466 59
13 102 12
204 210 26
161 317 81
367 441 48
41 93 91
29 47 84
439 476 72
56 195 78
473 479 34
83 247 16
280 454 18
405 433 92
36 257 52
129 170 78
268 419 96
285 496 100
169 301 50
70 138 48
162 204 22
112 344 59
99 190 8
280 427 69
94 305 58
250 269 18
350 401 83
394 411 3
27 378 83
101 104 13
172 489 31
164 255 36
62 277 72
410 414 83
275 485 13
20 242 77
4 342 64
235 419 42
30 386 53
2 238 98
452 486 69
307 475 21
31 69 62
170 472 13
330 331 73
387 394 69
414 439 30
103 149 32
11 12 95
274 408 74
383 452 69
5 317 15
25 203 92
112 456 88
410 483 26
97 395 72
38 338 75
164 270 46
5 488 70
361 377 20
17 357 16
382 445 78
90 171 91
196 266 18
9 323 99
16 61 43
275 354 90
122 193 7
1 189 15
148 420 37
8 466 36
330 450 29
78 386 96
438 499 32
225 460 4
77 178 15
104 414 12
53 402 35
66 160 95
9 324 99
32 110 81
197 436 19
33 457 61
17 48 77
371 435 39
350 393 4
71 113 59
368 438 94
29 466 25
191 378 28
37 81 25
274 393 70
176 478 73
261 324 35
26 233 89
158 446 6
209 343 82
19 140 90
131 290 91
257 362 94
160 453 26
212 244 64
356 464 53
235 371 54
179 307 75
111 115 47
128 355 91
5 478 37
315 398 29
24 426 99
113 221 43
0 263 4
16 53 22
21 352 50
93 177 26
86 289 75
336 488 10
58 476 51
273 468 50
86 434 58
226 464 20
178 211 23
146 167 45
48 75 76
29 477 60
21 493 3
160 432 17
43 331 56
19 275 9
140 299 6
334 388 70
1 341 21
91 151 8
94 217 90
314 381 51
61 180 69
185 192 93
183 320 81
154 493 56
174 440 1
151 325 90
204 224 93
246 273 74
86 167 43
237 458 48
157 495 94
114 293 55
63 368 79
241 258 81
19 272 28
110 293 34
20 450 32
258 314 96
184 455 26
10 113 70
243 464 72
107 476 96
23 439 91
69 399 71
192 253 5
72 429 7
36 493 81
291 481 72
337 402 36
387 427 58
443 469 70
0 172 19
48 272 17
47 420 19
25 227 50
145 448 85
85 256 37
72 335 12
162 310 94
116 314 82
41 381 3
413 488 45
266 498 94
1 119 85
187 306 67
97 356 73
29 209 27
40 426 24
11 191 86
171 359 30
192 315 63
292 436 57
75 410 76
16 216 11
3 291 15
66 165 96
122 297 28
117 382 64
446 455 86
158 297 24
93 158 74
84 365 21
48 210 58
102 295 41
178 328 48
56 155 79
33 190 90
209 404 56
86 402 94
255 291 39
287 416 5
242 376 47
26 346 95
267 417 43
10 325 65
233 371 32
75 76 57
62 186 45
173 310 56
75 344 44
243 445 7
191 459 91
146 470 71
213 454 32
0 196 79
22 180 29
368 490 81
61 375 98
132 152 85
258 448 31
14 34 49
51 383 95
53 235 29
109 415 44
7 85 22
131 382 21
76 486 69
270 450 17
31 369 6
264 392 67
371 442 90
16 72 82
40 117 22
22 389 86
96 321 59
342 491 77
140 428 27
155 212 26
386 472 86
413 494 72
280 302 48
256 377 18
220 399 72
184 495 3
202 445 74
78 376 36
186 228 80
300 345 82
461 485 30
245 265 98
66 315 78
223 382 45
211 353 3
76 318 85
302 328 4
144 439 54
180 215 49
96 494 20
176 286 99
85 492 59
18 459 94
414 459 97
222 360 42
227 351 59
5 96 41
155 239 3
31 41 57
9 117 61
250 299 80
50 410 23
37 129 95
5 378 60
29 305 57
84 161 97
43 337 99
169 184 68
111 466 49
23 172 8
48 370 57
132 223 31
217 300 32
83 144 22
110 456 62
130 289 61
161 172 41
102 484 51
216 252 77
123 320 77
343 475 89
13 310 56
359 450 27
137 345 3
125 187 34
67 233 23
331 411 98
215 346 57
332 440 29
1 217 37
397 408 53
21 218 4
289 429 32
63 350 79
131 134 58
475 492 81
181 265 82
469 480 85
40 195 85
77 140 3
325 353 68
25 228 62
116 151 55
6 184 80
187 303 13
88 392 98
170 422 14
197 250 68
212 463 83
60 314 33
178 408 48
115 499 24
41 126 3
44 221 30
306 371 91
150 436 20
51 412 85
103 135 15
172 187 94
4 268 43
323 391 75
354 431 67
84 234 14
74 306 26
142 267 88
337 463 66
247 342 45
161 439 85
335 395 88
11 283 44
282 415 100
169 484 24
27 265 73
296 373 22
424 450 70
327 476 52
52 113 67
107 301 35
85 408 53
338 393 76
110 147 86
121 454 82
45 315 57
331 485 30
269 399 36
47 107 79
262 469 5
138 307 18
93 164 9
61 164 35
140 266 70
196 300 16
53 366 46
288 406 56
444 487 97
133 403 7
182 403 98
192 412 47
250 362 63
195 328 18
144 496 28
223 487 92
87 169 37
160 271 45
249 464 100
39 440 98
254 475 20
234 297 65
41 456 90
28 328 27
98 433 98
332 488 53
170 352 7
311 453 69
137 162 45
2 293 55
81 443 93
32 179 49
315 365 73
161 319 92
369 480 82
407 430 17
64 75 73
12 472 47
233 348 92
46 167 36
152 431 2
24 98 36
264 305 5
0 366 4
64 194 14
224 301 90
112 461 87
92 285 35
147 447 41
355 493 3
111 434 6
106 180 13
55 325 51
71 159 5
76 303 100
472 499 3
120 483 85
105 247 88
233 432 92
26 300 81
92 176 27
1 203 29
318 392 78
4 277 100
18 345 100
19 84 52
122 130 61
239 247 84
352 369 29
203 211 57
355 481 68
221 363 71
11 124 76
15 478 69
211 393 65
308 483 56
111 335 12
325 431 31
30 232 91
260 496 100
44 120 56
116 477 86
275 416 81
241 275 37
82 280 35
213 241 66
107 146 75
134 425 69
248 271 20
92 186 8
231 485 43
245 296 35
320 408 52
232 322 25
107 120 32
119 286 52
395 490 86
249 311 53
194 425 15
433 485 87
175 213 43
64 365 40
286 401 89
35 258 90
261 263 8
326 361 75
327 455 79
127 403 46
15 49 29
125 396 54
16 231 37
229 391 14
261 281 64
275 377 7
117 301 71
93 216 44
82 469 18
39 164 8
78 95 84
102 196 83
276 395 79
136 386 74
256 351 70
178 330 37
100 428 45
406 475 47
407 434 62
189 239 14
92 116 96
165 285 18
19 183 32
119 151 48
115 350 52
20 255 56
68 155 22
95 454 34
384 428 40
89 293 67
220 375 13
141 207 64
340 396 54
19 299 83
196 336 61
327 419 96
209 337 4
82 403 30
57 257 21
113 460 34
179 303 27
410 458 61
236 260 21
257 478 32
53 490 37
206 271 6
52 343 45
447 451 55
56 70 6
153 206 77
246 488 19
158 329 48
107 388 37
46 371 29
266 430 18
24 262 42
37 261 87
9 112 97
70 350 10
147 377 67
369 389 55
153 381 66
105 393 18
191 296 79
146 213 97
397 432 30
42 301 4
215 295 31
349 493 23
412 433 9
180 426 50
3 7 29
78 126 49
155 447 8
174 388 77
279 288 13
56 253 24
162 272 6
167 196 2
365 457 16
68 393 4
375 391 56
193 400 83
377 491 38
39 215 37
433 474 72
10 296 78
33 331 60
141 422 6
71 108 15
78 257 90
111 236 78
144 326 19
62 271 17
165 185 54
185 472 98
96 493 63
384 412 73
367 461 33
414 451 35
288 398 5
18 102 19
209 325 54
79 243 80
247 310 35
90 305 80
19 169 65
138 259 50
44 427 83
6 181 40
267 449 24
393 456 18
227 490 34
96 385 5
445 457 2
253 263 58
145 288 20
25 475 70
110 302 71
77 387 51
259 330 75
222 476 58
291 359 52
35 275 67
378 426 3
37 317 82
46 168 57
233 334 47
168 201 70
235 476 78
66 254 73
293 448 64
304 344 55
23 294 62
428 441 80
151 479 16
67 228 56
373 419 36
241 365 91
145 256 53
32 331 95
195 330 62
257 260 80
143 318 73
216 268 77
55 246 91
264 357 7
275 371 34
174 273 19
288 376 48
64 342 20
65 238 72
19 453 25
235 462 96
319 480 11
54 72 29
390 491 88
327 426 57
213 418 63
116 167 11
89 242 69
46 79 79
476 490 84
405 436 99
277 297 60
33 158 2
311 336 88
130 495 99
57 66 69
223 386 68
108 275 5
70 174 64
401 433 34
4 424 84
130 378 31
128 436 81
102 467 4
348 368 63
29 137 37
92 93 38
174 233 59
432 477 97
38 435 83
33 130 35
95 264 39
129 249 95
219 237 62
271 288 42
133 425 78
15 97 31
185 275 15
256 409 65
127 322 84
252 272 53
80 339 64
35 385 28
266 267 38
18 243 86
102 202 4
181 336 43
275 421 9
112 349 13
23 177 86
318 369 51
335 362 13
13 358 22
49 220 52
33 473 7
206 414 17
74 279 33
193 302 80
46 430 21
37 123 53
324 355 10
86 133 6
389 406 81
234 404 22
383 429 77
62 476 68
137 365 100
336 438 52
12 332 61
75 172 35
413 473 97
49 239 26
309 422 53
185 482 72
72 489 13
295 488 36
80 215 4
275 477 44
256 419 54
343 497 70
186 333 46
45 188 78
88 103 6
6 82 49
169 446 36
57 121 88
98 234 76
255 358 73
136 337 44
121 307 73
92 277 76
200 235 96
385 439 78
407 481 46
81 160 39
180 413 7
133 245 98
144 191 91
349 404 86
66 135 3
136 372 50
363 476 62
147 342 59
51 468 49
244 393 29
43 416 59
115 322 7
57 144 81
94 155 93
32 353 85
155 221 1
132 372 21
91 249 31
178 493 43
30 393 65
12 446 32
20 338 7
14 283 95
24 113 81
134 355 83
273 392 58
169 266 53
174 248 91
77 302 60
334 340 28
136 377 98
296 390 66
181 445 99
157 174 46
258 401 14
77 386 85
77 344 34
191 466 52
364 396 17
74 159 94
227 416 69
340 387 76
72 102 99
80 497 17
74 409 75
33 39 86
115 446 19
187 493 24
59 125 22
171 335 81
186 222 86
7 245 45
189 232 89
372 376 53
144 232 100
7 57 45
80 250 47
191 229 99
161 321 9
189 257 73
59 141 44
112 477 23
48 299 86
165 481 11
35 110 78
242 303 6
338 372 85
31 225 25
328 407 61
90 142 34
59 119 89
127 469 95
86 304 54
428 480 49
182 441 74
70 396 92
201 352 44
12 327 100
402 444 61
293 437 43
150 474 52
315 457 98
17 216 49
372 397 99
65 248 40
394 447 3
234 432 31
182 254 12
267 338 68
98 148 5
285 473 94
90 436 94
95 466 68
72 453 18
157 274 98
282 339 44
155 391 92
94 416 15
12 57 42
72 278 49
0 123 9
439 472 97
235 407 26
358 454 46
159 451 15
182 199 56
270 439 64
257 433 1
370 383 92
8 414 45
410 496 56
257 374 62
190 248 78
308 404 79
274 480 8
32 173 56
197 417 5
71 90 72
171 299 85
319 463 87
339 350 79
354 358 15
398 477 57
115 323 17
145 314 59
52 132 2
306 311 35
244 408 88
129 345 76
230 327 36
38 78 51
104 422 12
270 351 7
242 331 44
84 171 83
380 478 97
174 463 17
25 145 87
373 407 75
24 385 70
196 325 11
23 390 61
37 304 52
179 223 76
136 262 75
44 325 22
57 259 58
99 278 16
170 462 35
80 499 95
286 371 53
56 322 59
163 441 38
79 453 60
116 438 17
228 415 63
268 457 100
2 183 20
334 408 51
15 249 1
115 342 98
197 304 91
127 220 1
74 242 42
38 200 48
82 174 98
45 248 62
265 318 18
262 416 22
355 457 50
429 438 42
106 194 64
223 335 67
328 438 75
78 165 13
54 414 77
39 344 3
212 237 47
28 62 42
70 283 89
55 273 42
23 212 86
237 327 67
312 466 34
58 276 95
154 157 27
197 401 93
174 317 77
389 442 92
282 343 93
28 436 16
81 290 50
26 89 35
249 499 28
252 400 9
194 491 54
2 14 84
76 248 36
378 418 77
126 171 86
29 485 37
74 260 95
250 252 60
29 267 72
182 260 52
110 459 33
217 230 47
170 176 54
58 277 1
298 368 33
35 127 66
68 154 71
79 448 14
35 240 62
97 482 99
50 285 65
362 465 28
281 397 4
146 467 61
244 276 78
231 386 39
402 490 45
84 146 78
168 319 32
159 477 100
322 334 51
162 437 22
284 486 35
125 397 36
0 112 69
158 191 16
196 248 86
187 232 90
261 407 39
29 172 56
406 436 18
338 431 2
36 145 73
25 209 29
248 249 21
412 436 91
371 438 31
50 119 24
292 348 47
126 240 87
129 244 82
72 103 55
10 39 52
121 225 7
95 383 60
37 473 61
173 309 50
178 362 97
25 333 29
40 236 14
12 390 56
232 257 2
216 424 69
1 179 77
84 151 74
364 366 3
14 66 20
95 278 48
181 202 85
110 121 35
313 314 43
18 39 23
165 346 27
141 278 94
146 350 69
100 170 54
206 323 17
30 120 50
374 378 38
52 127 38
308 414 10
420 473 12
119 146 7
107 444 37
209 436 54
184 350 63
25 199 73
175 446 61
149 217 86
2 145 12
241 259 2
201 458 14
247 294 83
37 199 62
37 60 15
247 456 91
240 482 56
112 387 36
57 60 88
184 365 39
190 446 37
329 334 81
60 122 23
231 275 83
334 480 93
187 320 14
84 321 83
147 193 74
143 356 81
231 281 58
42 479 24
96 465 64
144 297 94
416 495 60
108 190 30
239 355 85
440 464 62
118 479 73
394 482 9
276 473 24
119 155 75
277 412 16
265 282 82
90 177 83
51 249 5
48 183 2
98 236 53
13 336 83
148 362 17
33 272 5
28 319 75
66 421 19
107 365 8
356 473 21
99 474 60
280 328 3
74 489 61
1 157 22
297 497 28
115 477 63
224 354 36
298 462 29
247 252 52
183 434 20
148 251 30
50 209 8
333 418 36
105 318 44
114 171 21
492 495 51
353 413 65
132 270 88
176 190 28
17 204 71
295 474 42
55 336 26
318 448 41
175 394 34
115 375 20
125 445 97
65 119 10
11 486 79
372 445 58
67 312 19
159 428 16
97 460 91
244 284 56
85 364 35
340 394 17
5 79 30
353 461 56
120 384 35
56 188 35
74 294 51
297 471 20
19 271 76
135 140 88
125 344 64
21 381 69
349 428 88
300 441 60
92 238 29
45 494 49
204 376 4
144 367 58
145 171 81
203 299 45
75 337 1
203 328 81
102 382 13
60 368 11
22 345 28
120 181 65
108 309 82
139 369 23
107 371 56
71 339 60
467 499 63
4 102 89
29 68 40
67 391 26
210 428 44
214 317 27
89 175 27
361 459 91
169 312 90
214 248 5
239 477 84
184 234 64
0 316 9
233 271 31
111 437 83
233 284 50
217 476 95
462 463 49
263 343 20
108 285 53
373 404 2
134 409 56
323 443 56
24 78 5
158 398 48
252 469 31
3 462 12
136 219 73
435 495 29
22 335 62
93 364 89
240 427 9
87 326 21
300 486 28
134 474 28
130 325 30
181 358 54
20 412 54
45 109 66
9 444 2
47 98 73
58 104 17
323 371 60
78 420 75
186 286 33
174 425 85
321 458 26
52 126 15
5 387 17
90 98 37
332 419 76
111 420 92
344 438 28
227 447 31
426 431 54
231 313 89
77 270 74
33 314 90
173 489 63
17 122 93
43 421 100
70 480 17
63 293 48
8 493 63
457 473 25
92 198 9
59 294 13
121 325 56
314 376 9
207 397 29
217 289 29
225 245 20
219 241 54
116 212 42
318 342 20
59 454 45
85 195 51
40 314 20
69 310 81
120 238 19
400 496 5
139 432 16
257 259 38
235 493 30
20 129 50
94 323 30
26 185 28
73 197 56
30 121 97
81 251 28
8 292 33
17 108 71
80 264 85
6 44 96
182 319 4
263 392 52
127 362 92
340 365 90
189 359 22
25 382 21
227 499 36
34 315 60
345 368 26
107 159 44
30 375 28
116 164 61
299 480 9
78 149 30
211 465 11
17 208 47
419 451 9
224 321 5
436 484 13
381 402 81
170 314 32
90 92 73
27 455 8
33 114 80
176 353 27
242 398 77
386 468 31
166 411 19
292 331 54
149 455 1
65 252 74
23 415 80
25 44 80
172 315 13
87 178 46
109 443 60
186 215 80
77 207 25
36 397 28
69 459 5
155 381 81
5 289 37
205 455 100
420 453 72
328 491 73
244 275 48
158 321 56
78 353 7
104 400 47
314 447 91
45 160 89
77 441 77
180 286 41
101 357 38
247 405 2
103 362 38
72 330 61
160 350 15
10 178 41
466 482 62
229 341 84
52 310 14
59 450 84
102 441 88
170 317 72
169 302 24
4 352 13
298 480 72
182 371 26
52 449 50
136 339 60
39 339 68
289 315 42
192 245 26
101 197 52
76 121 48
7 77 69
212 310 78
410 457 33
259 373 37
291 456 53
102 260 80
224 290 88
91 456 76
18 167 22
243 340 94
181 415 69
436 446 41
114 170 33
38 74 24
246 317 48
189 484 38
381 452 10
183 339 19
200 290 39
127 327 14
224 429 16
216 261 14
115 315 62
145 426 13
296 459 54
171 181 54
93 482 79
10 466 47
263 456 91
33 356 83
249 279 30
257 277 37
129 373 29
44 199 70
50 243 58
295 398 23
84 246 47
190 430 96
267 317 52
310 327 77
100 157 12
391 495 79
392 404 75
20 23 100
77 396 58
32 148 60
260 288 51
28 231 78
7 277 95
286 299 58
100 439 54
22 125 37
87 133 76
215 387 10
134 378 68
374 425 86
411 424 96
88 275 6
219 359 58
358 371 80
153 472 70
239 453 67
446 478 76
156 492 16
159 222 54
262 401 23
20 111 17
104 190 63
134 318 91
67 488 82
128 166 7
16 136 46
86 449 38
123 466 74
2 203 37
244 270 58
120 451 7
37 80 9
65 432 87
160 211 15
335 448 93
19 190 11
75 272 65
85 153 88
390 489 2
99 337 89
168 345 80
17 220 9
50 315 55
237 491 11
272 308 22
379 491 83
206 436 64
159 223 77
254 470 86
106 236 27
89 294 65
108 178 32
87 269 57
38 243 15
153 293 46
1 246 18
102 263 26
105 345 26
165 207 83
26 248 100
305 476 17
207 466 86
96 117 32
454 458 62
155 170 41
45 328 13
324 466 72
353 392 28
5 211 29
463 497 84
292 449 24
65 223 11
424 440 31
302 430 14
169 499 15
132 319 70
66 442 55
289 491 13
8 288 85
139 174 54
179 434 46
308 425 15
11 202 30
176 183 15
139 361 20
205 478 40
223 356 99
289 419 44
148 339 67
131 283 98
427 481 30
169 349 25
162 203 70
252 337 4
132 210 68
199 432 14
190 220 15
287 320 18
13 136 45
269 475 52
179 270 71
137 280 71
58 87 77
29 401 57
340 381 11
316 367 63
278 356 6
194 418 75
252 324 28
6 152 30
170 369 63
177 277 60
266 294 93
13 87 70
26 162 14
82 161 70
208 281 30
188 305 80
27 237 9
130 429 88
60 165 51
340 431 99
356 468 55
11 262 68
173 497 59
100 465 15
144 437 54
75 327 87
263 475 38
325 436 59
301 351 72
47 421 97
215 426 45
168 366 31
283 307 5
67 209 40
257 297 30
207 281 61
255 387 1
195 424 22
71 451 73
177 354 59
147 244 43
64 330 78
92 103 60
144 387 15
359 374 86
97 228 47
90 399 77
200 268 73
301 422 76
179 460 77
13 220 66
149 484 11
361 405 29
284 330 61
25 308 21
351 452 31
13 74 27
132 422 100
202 463 42
317 373 39
99 170 23
62 113 77
128 464 60
80 180 45
351 447 43
28 181 10
237 247 16
318 451 93
232 497 17
243 416 67
27 200 91
238 423 7
123 185 34
96 446 72
21 301 3
266 320 54
280 303 3
289 309 7
60 480 72
235 466 72
176 424 14
262 390 3
313 430 60
410 476 79
67 351 24
384 436 49
198 344 30
55 384 85
85 337 56
295 341 50
71 362 66
390 449 83
77 151 28
132 220 7
252 289 85
309 494 1
122 353 95
80 317 78
317 436 21
91 173 96
15 329 29
118 476 43
236 403 47
25 468 66
132 355 75
191 434 12
23 65 5
46 414 88
248 280 94
152 313 11
113 362 41
83 155 93
286 418 74
129 162 4
25 104 81
315 336 58
364 461 48
260 484 19
118 398 55
431 439 44
186 293 79
96 194 91
278 481 66
149 204 98
387 389 76
411 434 65
393 409 38
362 400 59
390 466 69
368 495 54
467 488 70
144 161 18
150 244 75
76 279 100
130 240 10
44 414 19
306 496 3
23 471 83
188 363 2
190 302 94
18 100 90
362 484 10
81 223 40
308 481 52
183 243 18
1 103 83
138 499 9
238 372 73
154 219 43
208 318 22
353 493 6
201 309 77
20 483 72
17 170 63
95 153 19
454 477 76
77 241 98
91 113 95
110 133 89
139 308 88
137 348 81
97 317 50
368 408 25
115 238 73
144 167 57
246 387 52
64 411 99
114 245 10
42 137 69
139 152 75
320 347 64
58 80 54
355 426 31
146 466 2
251 372 5
129 202 76
89 223 98
128 135 63
238 274 86
132 170 61
6 345 86
162 427 37
258 465 51
86 381 65
167 267 8
114 251 70
140 170 62
76 420 89
25 358 31
257 316 19
173 395 1
14 263 31
331 371 17
115 233 78
163 207 93
435 449 15
379 489 89
144 406 25
45 228 25
91 444 20
66 68 76
92 182 98
306 430 67
134 386 47
29 109 13
105 336 6
151 152 78
142 236 31
134 346 96
63 388 67
147 265 50
113 265 13
160 485 87
57 270 38
196 408 28
189 346 34
2 24 53
55 287 87
280 481 21
283 407 88
374 496 15
71 291 71
176 192 46
68 191 61
122 395 31
209 383 61
128 251 98
199 409 71
28 486 82
55 291 61
278 459 8
54 467 15
326 364 73
441 485 25
321 395 74
173 265 97
400 461 17
297 325 54
272 422 23
105 125 94
79 477 46
244 482 74
157 176 26
149 271 1
122 221 42
285 314 2
329 464 5
164 355 39
334 387 85
6 215 90
135 256 34
44 128 36
5 176 76
68 297 88
300 418 21
237 252 19
98 125 84
115 133 76
139 216 51
67 279 36
176 201 52
394 399 74
58 116 77
8 382 6
109 201 82
71 487 35
321 405 47
205 468 17
11 87 72
175 200 4
175 212 91
293 351 22
230 474 3
4 358 76
25 287 45
72 137 32
177 438 33
186 373 31
252 360 91
77 162 8
106 337 24
199 251 5
77 409 70
233 328 44
25 52 17
175 309 78
14 446 93
337 453 64
56 301 17
327 380 91
34 153 22
229 317 71
124 204 10
26 429 39
373 461 61
147 438 18
268 303 94
279 493 58
22 205 70
25 201 22
5 263 28
134 470 34
266 337 42
170 227 32
249 449 11
76 493 57
436 451 68
221 258 2
240 302 79
290 362 58
132 327 54
160 296 81
138 281 40
106 262 58
49 85 42
227 457 21
36 45 99
74 240 75
141 360 44
76 154 26
365 390 64
25 134 72
37 332 99
78 276 93
208 455 96
367 387 41
273 282 33
11 91 37
389 432 28
110 339 75
191 193 72
315 435 45
304 483 31
70 341 56
281 353 15
16 399 18
158 383 55
57 264 35
121 480 5
199 423 58
204 461 91
16 130 29
143 299 35
13 230 92
14 220 90
66 456 71
74 146 8
277 325 12
59 260 14
148 369 48
200 399 87
46 374 65
358 448 89
258 341 61
82 131 20
288 337 55
27 352 79
109 152 50
38 414 99
13 105 9
159 371 82
174 421 26
52 379 25
317 475 3
14 357 43
400 457 50
222 278 28
119 303 31
207 351 84
39 96 61
219 301 66
283 357 97
36 364 76
216 373 39
186 370 8
234 306 44
70 388 95
101 453 77
231 339 77
21 305 68
162 478 94
136 284 21
442 497 81
228 278 62
283 315 64
21 296 26
260 273 58
180 337 82
51 215 30
90 244 34
64 415 77
288 330 14
230 461 2
238 366 60
200 497 32
266 491 9
24 274 46
25 113 16
93 111 5
0 209 35
172 251 70
82 84 32
35 413 11
4 464 77
205 359 12
159 296 7
329 370 63
76 238 55
279 479 2
121 241 22
67 364 87
38 402 44
268 427 100
31 299 14
25 479 55
154 190 61
50 242 96
142 361 91
21 480 44
259 468 79
337 400 42
6 258 16
63 152 21
182 323 98
271 330 43
364 365 76
185 399 22
235 414 47
23 69 47
213 388 84
43 404 49
234 397 32
154 237 96
366 380 91
129 465 60
149 220 6
154 312 37
375 434 85
12 191 70
111 145 60
66 312 35
257 346 34
279 332 1
170 370 89
173 181 54
11 25 55
316 391 93
413 443 8
18 94 44
18 496 98
226 476 49
467 478 80
41 379 51
80 105 15
307 319 72
108 455 40
22 343 27
143 232 31
56 189 20
181 478 46
13 221 46
428 495 97
263 273 93
466 484 30
296 357 2
276 376 54
55 158 91
47 201 15
168 302 12
87 322 60
244 491 61
338 382 43
49 208 94
143 377 81
240 350 36
103 267 34
73 422 16
161 180 59
287 451 23
265 480 97
49 240 42
45 145 87
76 381 61
255 356 16
131 268 94
429 487 61
103 485 74
107 333 45
69 358 39
229 279 43
392 481 56
246 404 84
358 360 20
148 394 13
334 441 5
221 364 7
55 416 41
32 162 15
39 401 93
123 207 78
171 172 12
125 359 85
231 448 27
78 426 29
170 188 100
145 210 64
167 328 26
50 73 55
54 499 74
298 337 86
379 404 54
21 58 6
107 158 13
339 476 27
58 496 30
20 378 42
33 399 97
177 323 40
12 159 36
378 443 33
135 272 52
124 459 69
136 207 65
191 403 22
153 295 10
437 492 92
118 240 90
183 350 67
260 463 95
145 146 79
350 358 1
23 373 5
36 328 28
229 278 16
46 368 87
123 492 63
413 446 69
403 455 27
254 347 35
48 146 56
166 201 100
193 220 10
64 113 57
221 461 55
8 144 63
78 450 49
207 239 83
122 432 82
156 212 50
259 467 17
109 481 70
194 308 33
239 372 66
60 204 52
208 245 13
18 95 66
456 470 100
412 469 92
53 376 64
387 488 83
33 148 17
316 326 76
437 485 45
140 312 68
349 440 92
11 448 54
218 462 1
49 244 34
155 304 48
311 315 7
214 232 83
280 402 84
413 489 66
192 392 58
279 363 86
79 95 33
106 322 56
1 373 72
185 355 32
78 432 19
316 423 92
286 397 30
123 439 51
285 389 53
39 82 96
203 463 66
15 326 68
109 308 54
455 467 23
46 176 92
196 402 12
99 140 2
210 382 75
418 486 46
22 90 26
1 67 21
439 461 72
147 163 30
69 81 82
262 374 47
47 329 75
83 366 100
15 87 95
124 403 54
252 256 8
120 126 22
188 465 8
148 484 10
26 358 30
337 450 25
39 305 68
194 458 32
58 76 20
144 257 45
164 185 37
224 415 48
105 173 37
80 261 59
38 452 51
101 162 39
91 390 22
65 473 7
318 382 41
352 390 66
246 476 1
332 458 19
303 372 6
163 245 43
128 458 31
379 496 32
129 421 50
237 449 100
149 488 68
150 402 92
46 338 12
352 485 20
78 415 6
200 313 70
116 371 61
381 499 12
264 416 4
30 302 5
201 455 53
203 409 35
316 354 23
419 442 83
181 276 38
151 238 95
454 476 79
60 233 52
32 286 59
303 413 37
310 441 12
221 349 82
218 264 15
136 314 33
132 334 20
202 293 28
59 427 9
258 284 45
124 429 58
286 300 76
348 481 29
39 319 23
60 386 94
128 456 41
447 459 43
78 443 41
133 143 71
66 71 88
12 62 54
93 406 85
145 182 14
55 266 28
44 279 65
89 466 74
58 126 21
168 469 12
397 405 62
204 391 84
8 438 51
136 205 67
94 139 36
332 437 11
17 63 60
150 319 69
172 396 49
250 369 30
183 367 54
48 379 4
255 430 73
128 459 47
23 491 47
155 338 1
271 453 15
298 335 64
405 447 44
397 450 2
13 461 44
12 101 56
334 394 63
83 150 1
132 207 1
271 436 4
85 393 67
16 178 62
58 215 87
204 434 20
22 222 63
169 207 28
210 368 75
5 213 71
33 211 3
168 487 30
175 277 43
53 186 32
157 232 92
93 453 22
48 353 56
200 413 12
83 106 59
102 177 76
262 330 94
95 122 48
51 265 13
170 254 89
279 400 4
195 457 3
53 389 52
170 358 18
48 249 90
37 314 5
30 151 61
137 425 38
50 279 78
54 106 99
413 459 55
323 402 60
320 321 4
146 463 9
444 445 80
115 494 86
156 190 35
347 472 46
260 442 50
415 482 8
64 253 65
102 387 13
37 155 49
35 344 23
49 418 53
167 289 16
198 251 16
23 322 2
24 63 25
172 232 89
199 256 73
337 444 50
91 111 93
24 383 69
222 224 56
256 268 24
273 325 13
116 397 61
342 348 8
110 438 54
327 366 41
232 437 3
82 241 72
11 431 17
403 477 21
203 260 5
78 355 54
112 198 92
109 489 94
93 367 22
310 314 74
260 353 11
336 432 54
70 414 90
112 392 78
377 394 13
163 486 53
117 173 54
147 429 89
345 449 78
71 416 37
9 262 45
37 243 72
27 493 45
230 465 57
187 462 75
265 434 64
135 203 41
166 297 77
189 395 17
31 32 46
64 412 78
104 258 8
56 168 61
8 413 27
281 440 84
486 490 20
193 359 43
294 347 98
431 484 41
222 332 58
98 284 87
177 374 66
84 240 16
45 325 74
150 362 21
32 159 89
273 429 53
114 248 99
232 494 39
77 138 95
392 462 52
6 199 32
190 475 42
313 428 15
218 318 62
118 249 55
307 472 55
132 196 77
331 380 30
203 298 32
35 433 72
156 162 98
7 109 61
245 314 74
93 251 6
294 344 59
95 115 48
158 478 24
139 437 94
289 356 84
164 393 64
181 296 37
168 498 35
92 452 49
201 385 30
163 240 26
188 394 93
260 486 61
388 483 78
54 70 60
202 215 54
84 108 79
28 294 92
97 123 17
87 106 73
126 298 10
413 430 80
222 350 14
263 397 15
205 442 17
183 212 91
286 354 18
14 497 79
5 407 20
21 32 81
84 288 40
325 476 33
170 277 18
353 442 66
122 205 18
46 163 34
243 408 2
105 374 84
49 156 61
117 469 31
188 438 91
10 11 87
389 462 96
316 478 67
344 390 21
11 346 36
7 136 4
292 494 25
55 163 46
413 485 29
193 211 2
441 462 72
65 141 41
141 373 40
268 327 79
203 394 52
11 320 82
254 321 89
271 497 91
118 206 5
148 274 44
168 459 98
157 463 98
38 348 45
158 332 39
145 458 20
68 451 85
152 314 6
375 427 25
367 412 43
73 401 71
327 391 1
453 480 40
44 95 57
141 434 7
265 335 3
173 337 70
88 463 11
94 203 74
8 266 8
218 226 14
334 479 22
234 456 21
1 245 1
204 308 5
96 327 41
7 373 91
211 315 71
206 362 72
8 142 77
296 460 5
222 338 42
156 482 81
97 404 98
92 132 76
201 407 35
192 474 55
253 336 15
63 208 58
166 392 4
19 467 85
126 166 78
302 312 95
153 407 99
16 465 64
348 495 74
116 302 47
96 141 32
88 216 35
168 193 77
91 109 71
62 344 46
280 400 34
328 338 31
293 303 51
306 429 40
102 171 32
247 280 26
197 392 2
70 368 91
186 401 74
124 428 71
167 390 80
138 146 96
216 454 98
217 356 19
69 333 38
70 291 62
132 375 54
156 213 36
53 130 71
32 315 87
355 382 21
21 159 12
322 472 2
230 482 2
354 360 57
106 438 72
141 159 65
152 283 35
294 498 10
2 181 75
25 406 19
194 372 32
146 328 44
97 134 86
108 234 36
174 350 73
444 484 15
279 443 21
7 281 34
436 485 59
274 342 17
176 323 83
68 261 3
12 299 76
43 396 24
147 213 15
73 403 32
416 452 90
99 261 6
88 312 1
376 385 3
62 67 11
306 475 30
150 420 23
354 375 92
193 286 32
162 189 16
89 93 76
286 336 46
224 334 80
243 349 65
142 358 5
136 496 82
376 488 89
207 488 91
311 351 53
277 375 14
71 332 51
8 467 32
29 215 28
185 400 26
66 356 5
343 416 8
308 334 50
10 492 16
103 180 10
185 338 18
422 485 59
212 326 29
21 477 84
38 356 60
20 165 73
318 394 6
320 322 27
372 468 22
354 385 36
309 433 65
286 345 47
361 491 19
71 337 52
109 180 84
296 372 38
2 468 20
158 294 85
67 302 70
208 322 76
12 423 73
31 113 7
153 442 32
59 410 24
239 373 8
316 402 80
200 397 88
82 471 12
20 178 16
135 383 70
31 234 51
18 206 81
12 91 59
456 498 33
113 162 22
60 358 19
106 207 34
71 193 28
303 382 99
120 381 42
427 489 12
240 470 22
62 375 21
92 397 28
255 392 50
30 470 96
198 314 77
106 410 66
108 418 1
163 316 79
119 319 85
186 420 67
22 446 44
57 491 59
280 340 1
321 393 6
205 231 85
33 267 80
165 454 59
167 332 72
127 136 69
31 155 15
49 231 37
264 279 53
35 237 32
117 280 2
16 66 7
22 69 91
24 191 25
75 242 3
141 350 32
83 475 35
87 295 76
120 340 86
120 196 5
412 456 90
119 459 45
242 251 65
332 411 57
283 312 78
138 313 49
207 237 48
5 470 15
169 314 76
342 389 33
44 53 5
42 98 30
152 186 95
261 467 85
414 493 10
282 356 67
5 329 4
0 406 8
52 487 61
69 73 11
251 281 39
168 267 78
274 285 74
17 28 12
166 307 24
248 476 79
184 485 98
42 191 93
297 345 11
25 410 27
213 242 88
86 464 32
236 461 69
321 350 34
200 383 58
320 466 23
101 231 82
209 472 71
134 234 99
2 202 68
42 338 80
60 247 61
157 488 97
98 132 63
42 310 41
107 402 97
296 355 88
157 461 89
268 324 32
135 488 69
22 73 28
95 216 28
377 421 18
34 397 24
24 151 2
185 221 7
39 236 77
118 435 32
81 450 15
176 451 77
34 417 54
167 490 41
311 410 97
34 43 65
325 478 23
208 350 61
42 203 8
257 389 25
108 274 52
180 346 69
299 415 59
374 380 31
257 323 70
98 192 36
75 226 75
244 471 65
124 143 37
240 443 35
17 448 81
74 163 13
174 431 26
13 430 26
219 347 16
189 382 32
11 197 54
90 140 53
156 405 47
158 314 51
28 408 82
95 400 21
75 303 3
105 379 24
172 294 64
407 433 89
13 71 57
172 327 30
184 264 58
93 289 49
149 276 56
111 232 46
313 486 87
397 499 41
123 160 92
81 126 76
152 249 96
139 198 50
326 459 92
16 163 40
35 449 12
218 370 6
176 381 99
238 449 78
359 397 11
51 364 73
102 367 46
14 128 84
327 376 5
204 469 79
231 407 21
228 246 87
212 287 17
42 416 12
357 469 6
188 359 95
41 300 100
31 418 55
9 259 49
364 402 1
399 495 65
67 392 97
293 357 78
68 232 51
141 175 36
430 432 16
145 447 72
100 450 74
38 205 76
66 172 50
36 457 90
353 380 78
142 409 15
80 154 39
147 194 99
170 280 58
79 282 100
307 344 60
127 250 19
324 374 82
182 426 93
350 483 96
21 442 29
387 458 77
327 467 11
80 257 7
247 276 70
68 447 67
98 481 15
261 326 63
12 247 84
15 226 6
84 230 96
268 334 35
63 314 90
260 424 22
185 195 65
76 136 57
138 156 56
21 202 28
365 388 23
151 337 83
73 370 43
202 263 72
150 470 17
322 428 2
74 329 15
156 302 10
56 130 22
75 285 27
98 266 50
297 395 29
123 145 30
82 448 98
90 156 24
70 401 64
248 421 28
63 67 87
85 124 97
93 150 88
230 351 6
339 452 26
105 338 4
181 273 57
146 355 11
55 262 43
29 417 87
214 387 15
30 335 9
132 357 81
227 468 85
123 438 38
39 374 74
357 398 14
139 452 27
330 337 14
40 487 38
111 342 3
439 446 86
235 255 88
433 459 38
108 331 60
215 250 53
52 372 11
7 165 3
46 317 92
38 406 92
26 445 95
90 262 50
70 372 56
72 266 39
146 252 57
12 270 62
47 216 34
4 236 12
264 453 22
181 406 26
136 450 85
201 383 31
205 355 78
185 360 54
97 359 88
124 184 24
64 420 64
165 402 96
189 499 21
161 385 28
266 442 28
93 124 21
130 439 90
376 480 27
31 106 39
119 271 39
134 163 100
166 361 37
319 427 92
391 453 61
161 273 2
66 141 46
55 206 86
233 431 99
0 118 13
282 404 26
104 170 32
91 216 96
234 393 60
154 443 16
132 262 20
400 432 73
345 348 5
4 20 22
64 245 73
138 436 11
232 285 27
100 156 66
335 389 64
175 343 27
381 487 19
314 415 56
116 327 26
176 378 61
145 469 45
5 64 55
84 356 77
234 455 97
49 476 50
132 464 3
319 334 44
107 472 46
36 365 66
395 437 61
80 148 24
246 312 97
8 172 69
126 491 69
38 40 18
159 476 51
100 490 78
106 172 60
21 177 76
154 415 79
57 132 55
376 387 96
460 484 20
351 497 77
239 339 97
219 438 99
191 275 39
303 453 28
210 332 85
132 439 14
60 430 7
271 361 1
184 487 57
204 412 97
382 428 86
81 282 75
65 345 92
17 368 17
1 299 33
117 446 27
140 488 66
32 133 35
214 266 46
181 210 82
290 393 85
37 90 40
134 203 2
30 489 32
175 364 71
25 213 71
47 383 38
40 368 66
36 82 100
126 167 91
143 334 35
337 449 6
50 440 27
221 239 16
130 415 80
377 447 47
346 450 32
146 431 16
19 461 53
63 467 54
129 214 89
425 460 19
307 378 13
324 396 16
190 356 27
274 306 12
437 462 42
208 458 38
107 480 4
154 353 86
91 282 64
10 209 43
54 292 81
143 438 25
240 359 99
390 430 25
48 451 81
72 393 33
70 442 84
37 413 87
252 426 50
416 435 15
46 146 96
367 470 13
3 25 18
132 339 78
378 472 89
12 296 55
362 375 92
298 493 31
47 434 13
268 499 51
61 228 48
294 312 59
173 341 38
136 432 48
204 291 21
270 454 18
51 430 67
132 351 57
209 451 42
179 309 57
36 443 13
31 77 26
94 409 40
9 261 51
88 130 85
193 492 75
65 138 16
335 406 47
85 355 75
128 455 42
19 457 67
41 348 73
372 494 24
184 381 62
327 406 75
135 262 85
177 246 33
166 196 30
24 187 92
304 445 36
318 367 81
256 426 77
75 343 97
24 300 52
12 302 93
159 369 37
21 222 36
33 94 56
246 300 77
97 128 12
120 376 63
200 485 27
133 170 74
305 429 4
138 256 85
193 244 34
145 485 59
300 497 86
144 399 15
436 463 83
48 162 76
147 484 43
163 169 69
116 187 58
5 196 36
95 309 92
147 338 99
156 230 76
2 216 44
38 495 57
180 247 18
85 424 72
35 197 37
129 235 65
412 442 6
165 348 44
41 425 91
200 479 78
35 371 87
281 427 75
327 405 5
90 394 25
3 28 34
298 463 78
288 468 4
45 468 19
197 473 45
116 429 59
66 190 7
283 457 56
129 427 75
284 466 86
151 307 35
30 51 95
483 495 61
386 424 100
30 317 55
114 367 66
55 432 56
166 380 66
287 358 88
55 258 38
26 342 39
107 435 5
35 398 93
147 419 87
137 148 27
76 226 28
149 310 19
103 322 84
129 368 33
91 104 95
25 223 20
92 418 44
47 225 39
252 356 98
159 207 22
223 455 24
216 310 56
97 154 74
53 430 20
25 116 62
349 412 58
53 428 58
218 393 16
15 472 71
363 470 58
132 343 19
28 490 94
159 368 36
238 402 48
160 381 82
267 415 48
157 292 74
395 492 95
279 305 78
55 271 16
87 239 32
113 340 5
291 349 97
263 452 63
396 425 23
201 279 99
304 305 50
118 188 16
7 87 7
115 415 97
78 194 42
259 492 33
67 78 29
19 235 71
44 138 75
21 489 81
255 435 1
3 134 16
26 252 67
112 448 16
278 466 95
191 230 92
161 291 98
156 346 25
32 486 16
65 74 75
87 162 36
438 458 38
78 300 31
382 412 28
118 426 12
437 442 58
297 443 43
130 267 39
383 418 21
219 349 41
193 195 8
193 246 16
66 189 76
66 245 28
193 377 65
87 416 81
248 324 88
31 166 70
52 255 4
225 434 7
268 294 65
282 436 82
444 469 6
120 187 72
147 364 80
331 351 79
173 204 33
32 349 91
360 416 55
214 283 11
336 480 10
97 164 51
51 194 26
29 482 92
351 464 66
134 156 31
208 221 57
325 456 9
5 76 30
181 206 96
67 112 22
250 473 95
51 481 30
172 310 96
102 388 64
28 280 61
56 250 32
169 344 75
126 464 65
214 269 58
341 402 64
340 356 62
117 407 88
127 349 18
328 402 46
82 421 100
62 316 91
177 442 70
321 348 9
87 452 99
120 133 84
166 333 7
214 218 31
11 162 84
1 232 98
55 134 58
89 422 22
138 229 99
412 444 59
88 352 40
80 406 58
237 372 26
95 185 75
0 248 34
360 417 19
33 312 65
179 449 48
39 297 18
346 386 82
115 140 90
431 462 7
96 169 1
303 346 53
161 202 98
233 447 43
109 269 30
62 438 93
325 496 23
10 94 24
103 309 1
42 390 29
60 381 76
134 238 21
39 188 67
163 274 11
333 415 71
19 488 3
108 152 87
89 291 61
203 278 60
63 372 87
54 247 74
8 370 79
108 398 100
159 174 84
85 86 72
54 88 58
94 96 95
281 395 2
113 376 93
159 356 58
105 317 65
151 400 50
110 429 24
197 437 53
103 337 76
9 110 58
327 410 83
315 390 45
62 211 62
98 188 49
0 7 80
112 240 58
271 309 6
242 380 23
8 46 1
204 462 77
437 469 45
125 377 33
256 475 73
32 207 89
135 436 13
33 51 70
143 259 81
81 351 18
281 468 43
217 390 39
10 181 68
180 287 86
42 427 73
268 464 99
257 294 83
104 330 89
354 476 47
184 244 97
17 431 53
197 338 32
122 316 46
113 191 75
294 487 30
69 87 67
285 293 57
220 228 91
194 216 23
43 101 22
187 214 46
209 277 87
32 190 19
46 492 2
69 351 14
421 457 30
208 400 26
104 325 6
485 487 74
138 288 5
156 315 100
291 342 6
220 344 20
153 413 5
26 329 93
251 345 89
21 232 40
297 377 83
168 386 45
224 398 18
143 326 51
91 472 18
58 319 72
49 345 68
62 492 95
352 460 7
103 466 87
367 374 65
171 231 26
106 130 27
149 155 11
54 203 35
60 370 48
230 256 69
97 448 76
215 466 84
133 252 55
230 233 36
115 352 98
88 425 61
100 484 9
44 300 100
405 476 63
237 490 54
48 349 15
69 314 64
299 489 44
413 460 29
178 261 37
50 355 13
448 499 6
154 452 52
395 498 90
453 467 90
184 442 45
161 235 76
242 312 22
164 210 95
210 457 12
20 487 39
76 199 77
353 441 27
180 187 57
4 410 75
7 325 44
252 384 7
435 489 45
18 351 72
5 321 68
313 410 86
310 435 18
148 442 40
168 349 27
33 170 76
223 446 32
413 462 72
181 268 70
343 444 35
54 452 31
81 291 85
5 39 36
5 114 94
17 433 7
134 381 56
217 378 14
119 451 18
155 398 31
11 335 86
108 412 57
12 214 53
397 492 83
69 130 59
431 468 3
96 226 26
179 351 25
150 156 22
219 340 78
187 480 62
156 495 51
326 434 57
52 421 10
279 408 70
48 395 27
259 399 70
11 358 91
347 400 19
142 198 90
157 457 78
180 317 61
315 482 8
213 233 90
354 466 72
443 467 44
350 421 42
68 81 49
83 222 65
56 141 35
173 396 81
232 302 56
94 186 72
268 335 36
163 469 82
142 173 60
404 460 72
193 264 62
390 431 8
138 200 42
65 410 10
47 374 65
160 480 26
229 442 68
252 300 69
173 452 41
79 219 15
0 109 72
141 289 56
1 487 47
183 476 49
254 332 40
273 358 59
249 372 20
179 365 54
86 116 23
143 184 44
394 437 63
93 376 88
179 350 33
215 360 12
9 410 52
31 316 6
326 426 6
51 91 61
97 392 27
470 492 30
98 494 6
235 249 3
18 267 66
335 421 76
193 387 68
10 413 22
69 395 100
143 172 42
217 494 37
332 468 49
262 470 57
358 406 26
164 199 95
309 399 42
178 254 2
21 409 53
130 212 49
327 453 26
141 164 27
225 410 29
60 346 6
206 244 73
228 272 100
161 433 29
266 439 13
459 497 88
12 225 19
260 311 51
74 288 86
424 478 25
96 326 12
115 258 19
136 202 15
380 487 84
147 420 42
101 257 71
200 321 80
124 261 19
243 393 18
58 210 97
265 424 81
60 72 97
64 446 2
241 281 79
223 330 62
200 267 82
199 427 28
283 379 44
249 388 89
445 498 11
16 305 41
38 440 74
42 424 49
78 430 52
138 444 27
93 180 71
63 323 86
135 376 85
21 155 77
88 432 63
148 421 35
199 301 43
131 366 81
142 250 83
409 427 41
164 354 35
76 258 34
2 184 3
215 395 34
287 313 35
339 450 48
14 474 37
152 193 11
314 490 79
71 218 8
61 132 90
213 285 94
122 228 9
181 182 91
38 350 63
127 478 3
336 475 37
14 411 95
130 172 72
250 399 87
112 204 92
80 364 2
90 138 7
188 374 27
100 213 54
295 385 100
208 471 61
83 207 77
315 322 73
412 487 4
16 200 80
108 304 54
369 446 51
122 443 2
166 278 53
113 178 82
108 483 48
294 470 73
240 275 50
173 329 54
207 437 59
158 403 70
6 401 36
93 397 95
384 399 60
116 233 58
183 498 6
179 193 26
115 412 9
354 380 87
70 492 37
174 235 46
196 215 2
40 93 14
270 496 32
90 368 51
117 416 1
399 419 77
41 442 88
2 274 66
72 79 45
54 262 100
250 454 47
184 222 6
276 339 27
343 472 98
140 349 2
148 242 97
465 468 24
88 321 29
44 135 5
145 338 100
201 264 40
291 484 74
138 407 86
268 472 2
129 247 52
157 219 25
102 297 6
121 267 50
394 440 28
285 495 52
35 497 62
173 294 72
88 287 72
0 197 33
120 354 78
99 252 39
147 176 7
161 221 23
226 274 13
246 278 3
306 485 56
2 136 27
337 376 26
6 25 25
29 57 43
114 429 29
66 124 93
314 434 56
6 159 10
24 190 20
17 224 46
13 481 24
19 134 2
312 336 99
142 362 61
88 409 27
383 396 93
111 266 84
116 446 45
306 360 81
153 422 77
50 483 2
262 449 30
192 286 31
175 226 36
29 115 10
188 253 10
253 471 30
84 176 47
179 415 1
78 441 56
86 118 6
262 475 60
19 393 50
348 497 73
76 105 70
254 394 66
35 153 87
464 480 12
223 422 77
184 259 35
291 478 57
306 332 43
262 358 84
93 305 66
107 255 10
199 269 21
342 426 91
384 387 37
22 364 88
9 432 73
2 436 15
68 247 65
162 177 32
9 277 46
113 493 66
225 306 17
50 260 25
297 461 71
12 41 22
62 318 90
237 446 74
340 498 49
276 468 9
72 267 80
285 401 65
99 336 53
56 399 9
27 442 70
30 188 84
447 492 53
106 450 94
115 410 29
43 235 67
95 423 48
35 453 78
114 358 14
102 313 29
40 469 82
84 233 68
234 375 48
315 430 74
194 283 4
64 94 55
35 141 14
316 365 16
45 332 61
201 347 93
432 445 45
396 482 52
127 407 1
50 79 76
431 457 27
377 413 40
163 463 77
189 253 100
8 300 70
42 84 58
202 354 45
145 162 52
259 438 19
61 94 64
0 137 68
314 337 49
203 325 85
131 480 52
133 286 66
396 444 80
325 326 83
16 440 76
335 368 80
147 351 31
97 401 49
74 417 97
200 346 50
2 244 95
27 329 44
316 491 22
140 351 75
277 283 40
170 274 81
35 166 42
443 474 1
98 270 9
105 376 2
162 370 14
118 391 81
349 481 79
109 193 17
458 469 68
201 302 82
104 261 16
10 452 51
318 341 98
430 431 97
284 401 77
27 339 12
171 289 77
262 289 16
211 257 90
187 329 53
124 489 64
314 351 37
329 450 47
73 218 19
26 241 20
91 454 51
217 282 12
149 351 18
95 465 67
346 449 81
35 325 88
53 486 82
51 477 95
43 48 56
192 327 47
100 150 24
286 438 62
89 257 17
187 247 84
208 229 24
466 469 97
220 362 58
378 392 16
124 157 93
110 138 39
266 365 75
58 197 88
259 429 100
228 362 3
133 363 16
137 301 15
39 432 99
260 498 36
359 470 67
190 482 80
184 239 2
193 221 37
313 375 27
158 303 51
22 191 26
75 176 85
48 240 51
213 442 90
152 208 30
18 283 24
214 287 97
100 358 21
37 414 50
25 31 78
76 81 49
2 157 4
71 74 64
37 289 1
299 300 69
88 201 12
333 465 17
114 206 96
30 453 14
295 389 46
235 271 1
81 364 6
384 385 27
5 8 67
0 131 22
143 175 23
27 93 34
95 137 31
348 473 76
155 172 14
417 423 79
256 350 55
294 425 16
122 434 35
240 412 37
111 440 13
121 222 66
452 499 42
422 484 97
260 281 36
188 477 98
176 303 1
247 301 50
34 78 100
166 414 41
221 228 94
110 159 54
121 312 93
153 249 71
97 308 50
51 470 48
325 403 90
413 452 16
306 444 11
69 262 26
73 230 81
105 347 100
211 355 6
238 294 27
24 186 59
238 457 38
310 372 97
247 254 8
222 425 57
248 435 21
153 348 48
21 338 71
11 100 13
134 382 15
241 392 67
289 341 16
199 477 50
166 405 65
322 423 89
109 372 94
76 294 69
251 457 72
186 440 72
68 237 54
318 425 37
391 416 100
185 309 12
82 192 82
39 182 42
286 342 54
332 363 87
112 262 33
95 128 77
119 435 14
15 407 48
34 348 37
394 496 21
92 369 91
120 388 49
121 259 40
145 284 58
193 233 23
272 365 23
10 45 73
194 230 36
278 411 27
403 436 36
24 34 8
8 265 95
28 152 89
130 361 43
476 480 31
157 277 11
226 427 66
156 300 97
229 465 65
130 328 67
241 341 94
69 434 11
33 127 79
195 396 96
85 463 85
17 257 69
56 394 71
32 191 9
225 348 44
273 366 82
347 432 63
96 272 64
54 255 81
56 172 49
126 205 29
124 451 98
261 311 61
314 326 14
1 332 53
202 336 81
147 215 78
103 342 92
199 263 57
196 308 89
313 336 20
133 446 21
334 344 48
126 139 58
77 437 23
172 261 55
145 223 95
158 420 84
325 432 20
50 333 51
58 186 43
289 400 48
342 429 45
20 164 61
129 230 28
32 463 98
394 467 54
373 473 84
56 273 14
167 349 95
190 271 41
64 383 81
298 344 35
53 492 27
204 453 3
91 359 83
116 383 5
274 337 98
89 460 25
114 307 96
26 236 43
8 147 87
70 333 34
125 330 26
66 117 71
330 479 94
152 392 53
166 384 25
264 470 59
130 396 21
255 382 92
56 269 13
156 436 20
336 391 66
220 397 34
104 430 62
132 137 50
322 411 50
233 477 38
318 343 54
92 437 78
282 381 41
117 137 12
78 363 88
95 100 26
204 474 78
232 401 77
69 292 29
171 294 67
162 307 43
250 279 89
82 132 78
266 370 83
260 264 11
59 267 13
152 470 18
33 212 97
161 417 1
87 407 89
301 313 33
222 366 100
304 372 66
106 303 52
223 318 56
183 229 43
25 424 93
36 258 29
72 352 13
163 363 10
356 366 83
143 397 23
202 432 47
38 213 24
19 219 31
253 358 7
462 482 16
78 197 31
14 96 54
70 475 70
114 422 67
365 431 26
327 372 54
354 486 100
237 315 31
57 460 63
13 49 61
405 431 60
230 322 27
151 351 44
313 344 10
183 370 1
45 90 81
121 128 61
144 389 34
56 331 89
296 394 46
88 193 35
246 491 70
296 466 82
207 424 29
277 342 55
391 431 19
202 440 9
387 469 30
270 381 5
112 447 91
233 296 9
21 85 14
366 473 21
182 473 99
40 206 53
271 351 35
375 463 85
207 480 99
349 382 5
107 451 11
129 312 21
79 212 8
336 498 15
38 123 52
148 159 62
73 162 67
272 468 66
5 244 98
172 344 1
213 392 19
83 319 62
354 408 45
135 243 60
193 465 15
221 238 31
22 430 71
171 301 36
318 454 96
31 294 92
227 421 64
131 490 28
11 204 33
175 388 82
101 301 78
55 191 33
314 448 44
259 370 20
391 466 40
127 234 16
143 351 73
94 306 100
54 408 33
45 361 52
30 377 3
408 493 72
405 414 54
47 238 6
32 281 33
301 429 54
59 76 6
101 448 70
137 178 5
30 448 73
22 206 62
98 355 75
155 394 41
263 470 28
280 409 73
443 489 35
69 466 80
26 156 66
79 253 59
261 333 74
412 432 44
196 284 60
131 455 85
89 117 10
215 446 24
19 489 2
224 376 96
206 212 95
87 193 56
265 410 59
88 449 8
159 169 57
12 468 3
165 307 33
168 445 95
148 317 86
293 294 17
266 318 17
345 381 11
250 466 34
228 260 8
40 172 39
82 197 34
78 394 34
77 470 69
2 204 95
9 143 83
407 455 49
206 437 57
270 458 95
360 391 69
95 396 95
112 412 60
217 281 63
265 396 22
197 498 64
321 486 48
294 406 34
33 461 43
192 354 60
81 474 43
39 331 42
131 207 59
28 119 19
322 449 89
71 268 85
315 458 60
250 290 78
107 172 89
267 391 6
171 470 64
141 145 61
118 198 85
32 313 40
306 471 48
406 440 1
52 71 45
172 267 44
293 340 13
174 301 74
7 149 26
348 382 22
39 378 29
85 164 54
49 328 16
144 333 3
406 408 28
313 413 40
66 122 76
322 430 100
16 145 28
99 325 11
187 221 17
457 497 34
51 485 73
159 266 15
53 177 27
128 433 42
192 193 74
237 292 86
380 450 80
206 295 68
46 93 61
20 22 91
15 183 29
171 372 88
303 357 10
126 267 83
19 58 33
69 398 7
297 370 53
290 339 50
54 258 28
212 280 98
219 271 77
224 368 84
83 123 29
207 222 81
171 185 99
43 496 93
62 278 42
308 479 94
245 313 76
23 155 34
83 139 76
0 415 89
195 346 34
434 450 86
213 427 72
227 275 51
76 408 85
134 177 32
91 458 4
61 73 33
59 363 32
50 372 54
107 130 86
97 130 55
467 484 24
3 450 44
314 348 17
276 361 22
406 442 36
221 295 68
75 417 59
307 465 78
238 267 63
9 164 84
34 253 100
102 251 54
197 218 91
145 242 4
237 347 33
328 422 8
384 431 32
286 320 39
123 261 72
89 137 78
34 156 100
156 160 73
409 481 51
64 288 18
205 352 44
191 204 14
174 282 47
257 373 65
266 381 73
7 463 37
139 491 25
371 449 15
156 318 53
169 407 15
415 466 65
143 165 39
40 54 81
49 445 48
342 420 100
358 450 72
414 417 41
261 366 29
0 346 50
2 7 25
318 438 7
210 289 53
399 433 91
153 458 15
149 296 94
132 470 93
54 105 55
205 479 35
309 432 43
14 288 62
218 428 16
152 240 58
400 431 79
163 427 76
3 320 84
133 258 29
40 92 93
12 471 23
260 295 22
75 460 27
165 169 96
264 437 45
92 341 42
162 261 71
203 289 45
193 429 55
153 401 57
79 397 61
195 260 97
131 184 4
101 325 34
168 266 95
413 483 80
127 382 80
247 407 77
28 124 70
153 462 85
150 440 73
408 484 41
88 344 12
258 449 26
415 418 51
35 56 68
291 305 74
178 296 80
284 398 55
23 281 38
48 131 21
401 483 16
432 436 4
30 241 78
120 433 27
48 294 53
113 283 40
385 425 73
205 486 37
299 335 61
67 118 54
242 351 53
262 439 68
385 446 17
331 493 40
106 108 62
76 169 72
408 457 19
334 467 57
209 392 44
186 471 53
180 390 17
190 303 91
102 136 7
306 473 47
19 172 44
105 187 57
76 325 51
362 380 52
290 462 58
209 431 78
453 471 79
47 384 34
88 411 100
371 465 53
235 281 56
64 408 70
65 215 67
214 400 11
296 311 90
66 154 71
91 427 57
48 255 77
194 484 33
28 338 48
44 448 93
119 281 59
209 475 91
322 382 95
216 482 73
84 488 100
100 201 25
31 163 60
100 109 71
80 150 61
261 408 15
209 403 61
139 189 91
87 179 17
109 484 3
351 471 81
69 480 39
223 229 38
131 214 54
16 410 74
29 299 100
348 416 66
180 201 81
54 68 23
23 458 41
24 50 61
51 354 16
242 280 3
208 427 100
82 426 88
435 462 78
41 274 99
94 239 14
165 364 73
226 460 99
142 398 3
242 298 60
283 416 80
236 397 10
71 441 62
147 478 93
462 479 92
117 229 54
17 190 83
4 394 45
238 426 92
106 418 89
235 292 83
340 406 75
1 355 62
1 121 83
191 393 73
190 460 86
1 300 40
98 454 9
0 428 65
97 175 88
63 198 12
17 375 70
55 247 33
191 248 6
245 286 32
199 361 82
148 443 28
34 440 91
272 423 67
270 312 1
4 17 92
294 354 99
204 378 44
99 223 86
365 454 62
14 293 51
111 274 21
325 333 2
223 346 34
117 132 73
262 387 15
222 397 4
484 492 1
149 221 28
50 162 80
167 200 61
395 432 47
38 109 48
99 376 21
96 110 88
59 68 90
336 420 35
4 191 6
293 304 43
86 320 15
152 376 5
77 455 16
397 442 99
354 449 1
287 378 14
239 342 3
170 360 76
281 338 70
111 376 81
34 35 57
54 277 40
396 451 79
77 276 100
284 420 66
183 423 45
9 401 90
246 439 95
5 365 52
57 428 69
359 386 71
335 396 93
127 474 14
287 372 60
231 428 88
209 471 70
117 478 6
53 111 91
93 181 8
26 315 21
352 382 56
217 263 47
29 127 76
304 379 38
79 308 61
107 287 53
289 455 3
7 162 55
30 333 74
16 365 85
250 384 88
71 405 80
19 471 94
169 412 85
383 399 58
165 404 84
3 267 25
114 216 87
109 229 40
329 420 28
237 474 59
12 83 24
190 365 89
68 468 66
189 483 27
385 476 40
11 301 42
295 382 28
357 395 42
42 366 5
244 300 61
150 311 15
375 414 70
309 448 15
83 472 7
33 280 32
0 371 2
266 398 83
213 296 11
111 414 94
94 216 25
399 496 88
196 366 85
199 304 67
171 265 40
1 290 68
179 201 26
23 455 74
187 263 90
43 259 32
234 499 55
115 438 77
217 383 86
272 455 55
94 106 89
139 203 23
51 142 67
341 469 81
116 362 85
62 179 23
448 465 36
66 495 62
84 351 1
49 189 81
128 258 8
33 294 83
61 238 31
50 316 51
102 148 72
0 146 54
17 120 48
115 314 37
106 466 94
79 228 35
1 276 59
361 411 92
59 414 16
73 490 15
111 132 4
156 460 51
364 395 95
92 148 77
8 330 33
49 257 52
408 496 4
81 425 45
137 202 44
319 357 63
361 396 89
213 386 54
364 482 76
273 341 34
305 351 79
204 493 31
103 454 31
398 490 49
174 202 63
338 343 82
209 425 55
126 132 3
298 485 44
39 473 24
81 402 68
142 243 43
121 245 71
215 411 92
131 144 95
86 93 45
174 210 42
18 390 53
73 332 99
105 493 66
160 466 35
16 224 96
190 231 13
27 356 38
17 466 23
143 329 88
93 461 13
37 197 94
334 455 96
312 333 29
262 295 6
416 430 1
158 323 35
56 411 70
200 460 48
245 319 43
151 196 6
88 486 36
143 186 50
184 424 59
433 438 85
182 325 75
22 79 58
465 477 100
82 488 5
391 430 64
11 452 4
195 243 86
175 458 40
273 467 76
48 312 63
245 261 28
260 462 15
167 472 80
233 273 82
273 312 72
287 379 85
311 342 63
291 365 21
126 265 10
61 382 1
2 132 11
5 422 27
83 299 61
138 204 4
423 473 59
320 479 45
111 158 41
290 300 14
397 425 75
65 380 99
258 380 22
70 344 4
38 362 43
77 111 90
56 270 74
104 384 39
210 453 85
423 489 13
93 243 22
35 104 100
132 371 52
454 457 28
8 488 39
198 212 51
72 123 97
47 63 94
8 119 34
284 425 36
413 431 2
10 443 50
348 362 28
220 405 22
150 373 66
232 233 18
62 495 95
109 296 40
184 225 45
115 245 16
307 332 13
144 306 61
383 447 99
25 404 22
321 357 54
51 382 11
203 469 46
44 492 99
103 477 96
92 96 57
196 472 87
56 176 10
247 457 38
265 420 98
270 415 15
95 312 99
135 409 84
126 443 33
138 406 84
288 314 56
248 459 94
336 387 16
72 374 77
84 380 6
203 210 71
458 475 72
473 495 4
17 86 69
397 434 95
297 360 36
210 395 19
203 254 73
300 403 9
166 379 62
318 466 21
79 287 15
41 479 49
393 499 4
262 440 20
309 474 95
213 444 27
68 342 39
197 451 76
47 295 36
21 388 13
343 494 32
246 458 85
300 440 10
396 407 17
245 454 31
71 176 74
173 364 18
126 401 55
259 282 14
222 328 31
3 218 23
181 481 24
81 401 26
224 361 47
111 294 75
274 315 88
150 454 27
214 274 91
206 332 53
51 409 54
303 404 50
332 382 78
55 159 52
47 325 31
360 439 87
236 334 52
14 116 30
359 434 29
10 498 65
163 448 80
82 188 83
63 396 15
365 387 59
90 175 15
227 423 32
50 489 21
143 369 60
156 187 72
125 181 64
93 222 66
94 176 85
72 452 39
213 249 27
151 243 59
282 424 76
18 381 28
178 252 10
244 499 81
360 415 17
367 494 97
61 483 60
158 209 80
103 276 12
26 125 14
55 173 100
269 288 7
84 144 97
8 287 78
147 198 75
35 207 77
7 416 37
271 311 17
76 193 34
251 405 4
216 289 70
177 281 30
74 125 94
118 131 39
59 382 14
98 204 60
107 277 76
280 387 6
136 274 80
313 452 14
113 382 55
40 267 94
36 332 70
122 271 19
59 144 61
204 404 31
191 298 57
240 429 22
174 298 75
91 491 19
33 308 24
46 52 82
103 364 71
107 361 53
200 410 75
9 78 62
78 198 44
43 319 1
319 344 38
71 453 12
100 144 69
29 448 58
224 405 74
210 261 62
175 499 68
50 354 81
93 421 76
484 486 7
35 136 5
150 172 73
125 357 32
280 291 13
270 419 51
82 473 55
494 498 23
119 478 24
151 303 54
167 314 17
266 473 61
24 346 62
196 404 81
27 133 98
87 156 34
157 211 66
2 432 93
10 13 26
181 485 12
319 377 71
147 183 22
12 130 35
272 352 13
127 304 85
362 458 12
68 419 97
163 413 61
102 144 47
177 268 41
372 446 12
70 273 94
9 359 11
73 424 53
247 365 77
82 87 66
268 360 15
192 294 13
211 261 97
119 247 9
47 457 40
112 326 32
62 474 82
444 456 54
67 355 58
29 116 16
1 145 23
31 402 52
282 499 98
233 398 93
7 94 51
322 360 23
292 372 39
3 68 37
139 444 99
311 423 12
271 431 90
194 369 57
49 406 10
319 449 23
79 268 50
69 449 7
35 390 37
87 493 78
259 352 42
146 330 23
273 303 8
29 357 66
147 382 20
328 478 91
113 349 67
85 128 54
14 185 13
229 377 85
144 408 25
146 356 84
192 265 16
70 111 57
479 489 35
80 199 84
49 388 41
252 254 31
107 449 52
97 498 61
4 251 99
3 215 39
334 400 83
379 408 92
26 288 50
260 418 69
239 335 52
180 277 45
428 444 53
50 290 89
210 495 70
61 62 91
48 82 45
364 460 35
122 446 66
432 457 14
28 374 100
181 283 15
327 378 79
343 458 88
168 435 40
404 455 5
156 327 29
122 332 71
219 315 36
121 194 29
34 65 86
106 263 43
126 216 97
15 350 1
26 27 67
328 384 28
129 483 64
2 338 81
386 427 43
171 353 86
384 390 72
290 422 22
226 251 67
88 428 17
141 392 80
100 369 55
267 320 19
92 351 23
5 193 2
377 442 89
328 348 48
42 114 66
335 463 9
181 453 97
25 394 53
26 214 53
232 258 46
116 277 23
83 255 50
22 402 64
166 221 91
160 465 8
450 496 11
41 59 45
280 311 29
236 266 93
376 437 71
272 429 85
53 250 43
73 342 53
27 41 11
140 461 85
219 372 45
279 311 98
27 111 18
339 424 86
93 320 82
224 328 94
23 75 89
120 444 56
328 366 43
12 200 83
79 107 47
239 414 68
226 468 54
124 252 69
361 436 64
12 383 87
134 182 91
256 372 62
334 475 18
206 492 77
34 151 44
114 374 87
63 219 49
102 453 31
178 331 55
274 296 9
131 392 39
98 362 99
30 383 45
97 428 3
208 477 65
233 318 68
41 297 50
279 465 63
78 168 45
277 493 88
82 315 92
11 151 91
77 252 41
217 254 75
256 434 56
98 353 63
270 483 53
373 456 94
50 205 56
225 412 92
415 435 26
80 256 75
80 269 14
100 268 93
42 232 43
9 116 88
239 272 64
266 469 79
203 448 73
163 331 94
13 446 32
429 466 79
149 403 92
423 485 25
357 376 47
84 299 7
61 273 33
374 400 66
36 221 73
102 216 1
214 383 41
94 259 35
361 472 96
120 176 61
113 316 53
13 120 46
17 265 19
279 473 48
257 417 76
145 280 51
196 230 72
76 163 6
223 317 87
45 110 57
305 463 26
281 378 8
11 483 55
19 315 64
268 346 88
91 350 64
202 482 20
323 346 95
7 173 15
46 71 95
394 438 76
150 375 7
168 456 27
212 416 91
60 125 30
344 433 47
114 415 73
223 407 96
149 305 63
307 480 83
61 221 39
318 338 40
58 408 5
49 457 63
104 327 77
9 447 95
287 323 84
198 441 33
119 167 18
286 370 71
312 375 32
88 473 98
41 131 33
160 337 50
357 481 35
299 302 66
235 444 53
106 400 7
185 291 63
119 395 12
49 311 37
86 264 76
207 408 14
52 413 32
393 473 52
303 441 80
205 244 31
120 155 45
267 305 20
90 105 5
249 438 100
136 168 23
328 474 4
32 410 78
80 153 81
321 341 87
7 499 56
371 396 86
251 336 92
368 470 88
77 269 79
50 463 68
54 122 65
11 230 17
198 233 61
25 60 59
22 247 40
130 245 77
426 460 15
219 383 40
30 275 99
364 377 20
158 369 49
67 465 6
158 251 40
389 476 92
101 444 49
287 486 14
82 163 61
202 488 10
24 422 55
8 468 54
73 341 59
302 486 49
209 342 66
373 459 51
361 381 64
151 292 50
479 486 59
195 377 55
77 295 3
176 348 20
63 220 61
324 339 91
177 482 22
28 164 19
132 320 46
89 473 90
311 331 11
40 415 19
13 377 61
247 302 19
1 298 36
217 443 9
320 471 62
29 413 5
1 406 41
374 451 29
33 305 88
59 140 75
433 436 52
27 153 55
310 428 94
145 347 41
257 491 5
274 496 26
274 358 85
349 361 68
213 474 27
119 423 3
212 337 31
133 281 34
108 147 13
192 281 46
153 474 86
121 123 34
90 236 80
409 468 82
29 94 79
27 72 28
223 293 81
95 174 21
94 292 37
115 425 44
242 415 50
350 354 28
342 403 13
150 330 91
305 430 43
408 432 18
6 164 40
157 428 60
62 164 56
313 437 68
60 471 17
41 455 42
322 473 66
217 286 96
125 345 70
181 351 52
242 478 20
317 364 75
389 416 91
105 389 36
362 483 13
106 120 57
358 470 52
122 140 22
124 341 30
162 305 37
93 197 78
291 450 26
341 452 10
420 478 49
299 307 17
430 483 62
7 323 6
59 149 67
63 83 44
357 424 91
84 220 72
115 166 56
208 236 12
194 263 3
155 452 46
217 342 97
432 486 17
41 498 68
130 217 94
54 489 28
33 168 13
358 412 47
180 374 94
283 412 37
224 306 39
212 485 48
187 330 26
91 462 10
332 364 47
58 245 54
22 43 94
17 326 35
198 348 75
71 190 78
162 485 55
287 431 31
204 307 63
87 89 59
265 369 12
180 360 87
14 176 88
116 286 70
147 327 7
359 490 11
292 481 42
296 487 67
342 449 8
243 466 63
23 257 34
160 258 22
304 409 73
184 219 86
222 472 2
78 438 56
308 441 46
320 417 8
8 152 59
68 268 75
14 260 87
5 158 25
487 498 69
251 404 54
251 398 96
5 52 96
378 451 83
274 319 18
372 465 38
100 179 48
120 306 51
195 283 64
2 162 89
339 489 18
314 431 5
42 336 88
15 463 45
203 281 48
268 418 8
291 393 5
126 180 45
2 74 90
228 270 6
82 449 82
35 467 44
4 200 57
170 321 14
215 294 57
288 325 35
179 182 77
374 497 44
368 486 71
203 485 21
196 473 81
392 415 76
261 362 99
56 102 97
316 482 14
103 444 79
395 442 94
1 367 41
353 394 89
182 394 74
91 436 99
37 250 74
152 218 21
156 214 24
100 278 79
89 320 61
120 491 4
327 337 36
410 431 94
72 143 15
72 368 31
193 473 99
135 336 4
40 372 95
93 498 28
25 337 6
32 134 13
105 219 85
282 435 39
222 263 4
194 393 88
140 236 44
49 462 87
133 224 21
11 60 71
227 445 46
146 373 96
103 334 15
53 318 49
180 393 42
206 418 53
276 319 86
214 471 18
250 333 48
55 73 77
239 250 23
445 450 84
160 436 48
114 287 42
82 446 85
95 448 78
6 94 40
3 72 31
264 310 41
328 463 42
39 399 93
342 448 8
169 172 99
45 62 99
292 443 7
38 467 25
127 292 28
416 481 21
86 431 16
183 261 25
388 467 11
165 244 64
52 303 92
90 424 35
427 457 63
25 89 48
209 373 81
164 310 96
48 238 19
73 473 5
14 154 95
150 421 99
176 324 61
421 474 100
47 322 61
128 392 87
264 492 32
135 159 61
168 205 32
364 436 55
41 139 39
13 92 73
98 436 45
230 426 38
63 140 6
122 416 56
156 371 2
348 446 3
55 116 17
404 488 6
279 385 100
1 38 26
65 344 36
73 244 47
59 127 46
2 437 56
342 496 28
280 397 56
234 292 17
203 480 19
2 207 87
257 354 17
181 408 72
411 431 39
428 469 45
421 481 23
140 338 66
102 258 68
407 468 8
394 406 6
71 324 41
222 276 49
239 365 18
76 138 54
90 404 53
274 297 34
30 85 44
147 380 45
316 432 71
118 167 85
121 409 95
307 450 88
105 115 94
57 240 76
68 141 29
269 454 41
183 378 48
228 478 55
293 491 67
77 322 48
227 431 42
179 498 4
198 437 56
142 326 14
135 257 35
22 455 85
273 372 25
178 379 16
9 225 32
64 214 6
145 368 21
156 498 27
80 461 12
126 366 60
215 392 17
7 81 67
373 398 46
250 349 89
130 199 60
38 226 64
175 318 75
18 28 97
401 432 83
231 465 8
34 419 51
230 359 71
49 87 48
83 373 58
237 248 62
56 132 28
149 339 55
17 403 59
178 446 69
38 461 34
384 447 19
67 368 76
184 301 68
284 399 29
71 236 15
66 373 36
475 488 28
92 105 35
243 288 8
67 69 97
70 254 25
241 363 39
109 161 66
302 367 44
247 422 15
213 328 85
152 369 67
55 335 41
294 382 75
49 322 89
296 498 94
131 179 92
190 308 17
87 233 47
55 180 45
110 304 15
76 352 80
72 231 24
45 157 5
159 286 96
191 420 10
34 103 39
82 160 47
87 282 79
157 363 73
18 367 93
443 475 28
157 175 98
412 489 24
46 465 18
44 353 17
76 215 92
82 125 34
127 128 93
328 465 93
79 422 11
429 475 54
275 375 91
232 317 84
193 365 100
343 390 73
175 185 51
17 411 48
44 489 99
456 496 81
21 233 34
198 278 20
275 285 30
5 385 61
19 263 76
131 460 4
251 352 61
123 389 33
237 415 42
331 445 99
71 429 56
184 256 89
374 491 53
56 421 71
46 433 44
222 427 28
333 400 56
50 474 70
276 280 58
465 490 24
142 231 69
341 491 88
401 488 22
269 362 24
392 439 95
129 335 93
338 416 75
22 220 38
316 477 2
308 344 29
431 450 87
203 479 20
303 498 40
18 144 85
148 156 58
19 442 80
173 175 93
100 114 96
249 429 4
17 248 20
109 486 76
257 310 37
72 323 90
204 249 58
212 423 56
281 474 27
263 281 90
119 472 59
1 204 67
73 136 82
16 252 3
87 220 39
21 43 47
232 397 58
39 304 74
175 325 27
159 342 69
318 443 70
81 469 38
256 325 41
45 223 97
106 485 48
110 396 98
253 362 72
227 328 60
37 474 23
186 264 3
307 308 99
80 396 38
103 151 32
41 303 30
69 379 5
119 353 72
185 276 44
342 392 2
421 427 54
60 118 29
13 43 99
142 459 52
4 176 83
14 33 81
97 136 3
36 264 2
117 165 42
257 289 34
138 290 81
119 497 58
81 331 96
75 130 24
136 278 42
358 402 2
226 237 20
254 413 30
299 389 10
112 284 19
15 216 82
53 248 73
322 494 61
307 413 41
112 496 79
205 474 12
403 494 31
304 492 11
191 468 95
13 229 38
61 433 90
267 361 88
31 277 45
172 495 100
6 272 6
147 456 35
398 423 78
50 114 95
368 417 2
74 464 82
119 390 88
128 233 35
105 453 5
65 464 40
23 325 37
23 32 41
199 499 32
11 454 32
294 342 50
201 207 89
73 361 84
91 335 70
213 270 69
49 399 31
58 370 5
76 150 69
299 332 87
60 452 51
365 424 14
321 340 95
148 239 58
149 193 23
336 465 28
175 254 47
22 487 82
57 447 67
128 279 94
12 216 34
183 221 69
95 99 76
78 166 25
39 369 27
130 266 97
9 356 45
276 478 100
276 420 63
116 345 14
435 458 94
234 459 75
165 167 9
282 474 62
200 307 93
203 263 93
442 451 53
117 406 90
249 409 77
0 156 52
203 426 25
73 374 76
316 420 58
21 252 40
377 387 99
17 222 77
136 249 62
459 481 72
62 498 88
55 445 83
256 420 18
13 255 91
368 468 55
291 409 53
129 438 41
166 207 97
323 451 61
196 341 99
358 430 13
51 288 2
177 287 13
185 224 42
268 410 23
44 168 39
34 220 70
130 241 29
83 179 67
161 346 30
43 465 12
354 406 97
135 462 44
81 480 45
182 407 97
291 415 63
19 336 11
121 285 100
59 170 92
183 289 65
175 471 59
179 497 33
328 375 45
85 152 8
325 386 57
247 282 69
145 237 47
298 472 78
160 463 48
463 474 65
122 145 87
140 411 99
76 234 100
156 307 35
113 373 8
181 315 87
201 348 53
268 307 52
308 440 77
369 444 56
255 446 99
92 312 86
437 464 50
93 404 9
19 225 60
47 174 83
325 407 38
377 486 26
50 64 16
225 284 48
33 420 99
66 338 44
183 202 40
139 402 4
325 415 86
99 262 53
4 246 59
185 317 25
79 469 27
416 470 6
309 313 60
264 318 83
333 394 53
39 217 1
270 488 51
150 393 16
232 405 4
13 393 82
64 227 32
68 92 84
125 410 77
132 309 89
125 226 13
182 310 91
377 404 79
406 439 92
78 356 58
17 235 65
124 382 5
257 425 23
109 240 3
238 339 55
456 487 5
4 474 41
250 429 14
41 352 43
187 432 88
17 185 78
4 89 7
194 410 10
39 117 57
277 373 26
235 396 57
20 52 53
173 226 20
114 324 3
263 315 78
231 439 25
322 426 45
64 90 49
100 281 10
473 475 49
157 408 15
76 209 40
74 277 55
25 51 65
258 399 65
151 372 22
203 398 30
312 485 42
162 460 84
62 87 3
50 415 88
109 459 91
346 441 74
107 415 77
38 290 8
203 301 36
268 422 27
110 192 76
20 374 63
1 2 89
104 497 7
14 285 3
103 482 79
278 366 98
99 179 89
235 286 76
296 428 97
106 132 82
332 417 10
270 490 33
242 495 83
86 342 26
172 408 82
4 294 58
348 363 90
65 96 23
9 231 95
205 223 72
287 356 86
233 355 31
428 465 40
287 344 85
146 217 28
152 215 8
292 305 92
191 266 3
266 407 41
432 467 52
360 496 4
53 228 64
215 259 30
97 315 68
89 161 33
50 216 36
349 486 8
187 409 35
158 361 89
382 491 51
64 335 85
235 355 68
271 403 62
357 386 62
134 351 15
20 272 59
319 487 36
174 430 65
120 257 87
92 226 5
207 297 55
310 384 1
13 247 48
90 330 14
22 327 21
98 218 95
83 240 85
49 180 47
80 297 70
334 405 45
4 190 18
297 477 8
86 143 45
111 314 25
122 199 31
211 313 20
68 357 22
239 409 51
4 385 3
11 460 75
13 388 51
192 257 82
371 383 46
223 479 15
324 478 31
252 475 36
4 338 67
202 350 24
66 290 27
13 470 63
366 495 26
80 437 94
119 180 14
201 353 37
375 448 94
21 40 78
72 381 94
229 471 97
61 425 63
101 155 5
73 351 96
101 160 91
136 389 51
279 399 28
4 45 57
170 429 77
109 124 17
195 212 90
427 492 36
36 437 38
159 315 10
62 473 15
88 245 69
45 475 84
13 422 80
19 220 61
319 360 58
61 475 2
156 248 8
345 454 44
6 469 12
226 264 61
127 237 41
260 377 50
0 86 8
183 481 78
280 289 50
190 339 21
269 494 35
264 289 15
194 295 49
22 382 2
280 456 70
165 222 77
378 439 98
143 386 46
310 335 67
292 479 68
151 417 63
83 495 63
293 395 6
336 454 30
282 350 24
188 215 84
249 394 59
161 421 78
7 342 66
39 376 64
133 499 78
371 376 61
308 309 67
185 365 42
25 222 73
290 455 37
116 401 26
141 469 83
88 97 13
183 225 27
31 150 30
329 333 30
99 472 24
455 464 49
105 332 55
349 362 28
147 309 8
145 192 19
69 319 57
118 299 22
453 477 82
26 348 8
98 110 61
64 331 16
10 229 13
54 161 98
61 411 10
52 110 12
88 164 1
84 227 44
272 420 6
229 420 79
69 470 50
152 297 85
87 203 38
22 153 58
41 110 11
198 481 63
302 407 53
26 238 99
458 480 20
137 173 53
381 480 8
160 352 74
62 100 98
178 208 5
29 210 24
120 191 56
24 203 37
123 234 45
111 340 29
46 450 71
43 427 84
156 391 89
204 426 59
51 436 18
28 478 42
81 276 25
193 351 17
175 322 91
16 45 45
247 334 100
391 410 41
15 207 6
371 494 15
32 42 91
105 484 6
410 481 50
203 209 90
366 431 69
250 272 33
3 378 98
318 420 46
404 434 3
126 421 32
204 470 95
68 91 61
139 462 99
224 395 97
158 331 43
237 425 84
102 364 83
189 203 4
77 382 14
88 236 37
92 157 76
398 438 59
188 242 84
31 209 98
114 207 25
267 424 37
208 272 13
150 435 78
87 453 20
227 356 86
10 157 93
246 455 99
185 382 4
179 315 21
55 84 22
29 240 100
190 366 41
194 388 87
345 376 90
335 483 97
149 349 71
288 334 14
275 446 13
148 162 46
172 487 11
85 123 6
90 214 59
208 370 52
381 393 39
9 93 69
111 201 81
404 497 39
121 465 60
261 469 22
240 485 93
146 497 65
335 374 48
41 130 89
19 492 57
96 274 61
168 240 87
332 358 8
73 97 70
353 444 82
153 188 100
465 474 18
104 230 58
324 356 8
70 441 14
365 459 52
422 437 62
176 448 22
23 361 7
43 435 75
50 387 2
26 44 41
283 395 100
114 292 62
189 373 100
128 261 85
120 280 58
251 353 67
16 115 77
91 220 7
257 499 92
169 384 18
26 368 39
71 225 39
149 181 71
45 413 19
59 169 1
50 311 67
43 221 93
50 361 17
137 387 15
113 234 57
174 482 37
263 287 29
96 134 72
34 385 8
72 159 94
324 423 33
313 348 61
42 139 84
94 271 67
77 288 83
70 327 93
298 334 5
206 258 74
205 395 51
140 339 6
30 156 90
210 259 18
202 360 67
302 372 49
107 373 74
230 338 42
306 398 88
200 314 5
6 179 94
58 101 68
55 182 27
430 450 47
129 370 30
102 466 63
14 17 82
36 420 92
10 58 72
44 108 2
78 139 49
24 480 31
79 187 57
211 389 79
444 483 79
77 457 40
409 490 68
114 179 82
410 490 3
139 234 72
167 484 58
333 386 42
426 452 96
107 150 71
49 479 5
419 422 19
119 357 52
415 493 62
341 388 24
181 398 58
30 218 42
130 215 82
267 278 42
398 410 27
51 407 33
36 80 25
183 302 2
212 295 30
187 267 36
142 466 13
185 235 79
34 55 9
57 141 63
320 404 18
360 380 27
57 375 75
316 430 72
264 445 90
131 381 84
9 466 29
18 247 11
18 458 47
338 421 53
219 319 40
289 441 57
233 407 60
85 455 54
251 260 29
88 349 42
125 180 9
266 384 15
284 402 94
71 437 58
36 262 33
28 324 38
7 82 100
52 328 79
222 436 61
0 429 80
366 391 48
416 460 16
85 237 95
47 485 58
55 379 24
151 440 20
370 408 25
197 327 57
201 204 9
85 271 49
25 142 61
76 184 31
430 473 64
486 491 78
4 134 7
459 468 42
116 196 29
274 414 25
5 271 64
395 494 95
126 269 3
402 476 66
419 459 17
3 326 76
124 313 41
184 361 58
222 404 94
110 375 87
288 459 59
123 199 100
174 283 8
32 56 21
270 343 22
170 269 72
191 366 88
12 88 36
53 421 24
56 57 53
63 287 53
63 196 53
187 201 66
95 395 75
308 342 17
34 395 26
134 420 53
126 279 1
97 449 55
481 487 64
139 278 33
237 488 95
77 348 10
107 430 33
128 178 6
14 306 22
163 335 63
43 223 76
65 123 63
87 101 35
411 433 14
415 484 49
290 489 31
71 300 9
129 149 44
140 369 55
273 320 86
262 438 83
18 299 77
174 184 2
109 485 96
217 428 29
314 477 54
30 483 98
91 234 7
39 288 63
380 448 74
179 444 100
151 218 86
360 421 80
168 291 13
443 446 21
207 317 35
145 438 70
67 423 57
50 320 58
34 427 74
160 227 75
104 212 92
213 276 77
257 382 79
311 399 9
382 405 53
261 295 17
64 257 42
246 444 72
50 163 85
186 366 68
209 484 78
98 191 7
119 427 84
231 332 83
245 458 19
173 191 46
320 458 40
58 426 50
22 187 90
97 193 79
255 462 91
146 452 62
121 361 41
137 247 18
331 333 43
120 457 100
229 258 10
62 285 87
7 55 27
344 347 99
201 288 89
125 466 52
424 480 29
90 260 61
13 460 21
411 445 47
199 352 49
32 484 70
126 297 19
74 368 72
234 381 25
44 252 87
58 345 98
231 338 68
143 306 24
62 222 31
158 441 8
428 443 22
165 455 91
240 310 18
30 303 36
88 184 99
129 463 91
257 467 81
307 428 96
60 405 52
26 260 94
422 458 36
365 437 14
75 414 4
235 381 31
433 476 79
20 143 29
218 455 29
305 397 24
165 473 28
172 411 60
264 328 65
160 243 22
5 358 46
273 430 47
322 367 93
153 375 16
330 486 2
169 450 21
32 449 50
148 359 54
39 458 55
167 407 78
72 208 79
171 439 97
57 80 88
78 267 49
191 457 34
309 472 59
195 394 24
46 101 89
203 280 1
142 357 29
2 306 34
182 398 22
399 402 42
117 214 81
184 269 75
90 352 17
350 467 81
150 370 31
384 427 31
134 140 71
49 412 7
97 335 42
7 334 2
115 482 84
7 64 74
43 118 23
264 278 35
9 148 55
384 483 30
186 308 29
410 488 6
204 428 29
89 486 61
106 141 78
373 445 65
88 489 64
351 463 59
310 382 92
210 316 62
167 297 71
9 357 73
61 194 57
111 334 21
199 492 71
283 482 79
281 460 74
280 342 66
86 352 24
312 469 36
319 349 52
319 456 69
145 333 75
363 451 89
161 187 67
115 458 7
195 343 12
248 472 67
139 458 72
243 461 9
124 206 37
25 414 48
121 129 66
354 397 31
35 248 16
20 381 20
122 388 81
157 320 23
117 329 20
205 310 95
138 212 82
56 230 93
131 291 68
163 350 31
127 341 77
160 495 2
48 117 75
311 412 64
117 444 61
390 429 49
15 136 35
39 168 83
197 428 24
149 203 83
20 239 13
135 265 64
1 124 33
37 146 62
326 356 86
155 401 52
31 63 77
60 312 75
163 234 57
22 53 38
127 424 81
290 314 1
140 232 96
130 268 75
175 241 42
211 219 64
0 317 53
68 90 18
302 373 39
109 337 20
227 313 38
199 220 88
86 350 12
17 27 56
11 266 55
23 168 14
44 466 100
147 257 55
45 273 82
169 401 38
279 285 64
19 479 67
180 375 54
365 369 97
323 420 9
180 273 26
128 214 5
181 480 32
371 492 15
254 368 27
196 453 92
98 252 87
358 377 85
118 438 46
175 307 41
97 290 28
185 375 65
90 281 48
21 395 77
157 210 43
220 302 31
121 464 34
243 319 72
237 260 66
64 312 37
339 463 38
428 455 85
201 463 38
311 395 83
310 407 4
224 446 81
197 230 66
187 389 17
18 275 19
156 354 10
52 193 7
168 385 18
370 462 22
22 468 61
19 236 79
105 346 21
300 447 40
307 495 43
30 253 4
312 392 85
53 314 70
134 426 78
172 448 98
67 370 36
222 467 49
30 100 52
64 97 47
30 128 51
293 446 26
427 439 71
352 402 34
316 433 74
282 447 8
145 484 12
194 447 60
135 331 37
364 434 84
196 322 51
26 101 15
183 461 15
177 190 41
55 412 10
61 408 24
129 187 20
78 241 97
311 436 32
352 478 92
1 274 54
188 289 46
152 185 5
148 471 32
62 309 79
331 480 73
98 103 26
90 280 27
65 213 79
50 99 8
280 307 30
11 190 42
467 483 64
93 321 99
14 395 30
300 373 39
249 433 54
390 399 65
366 499 70
225 327 62
364 432 66
291 385 92
63 155 8
5 54 50
155 297 31
325 488 96
23 253 59
102 447 45
84 495 17
30 112 89
140 196 49
50 423 10
246 428 67
323 364 82
356 421 77
235 244 47
381 422 88
348 471 80
94 252 49
320 350 46
193 232 38
27 114 82
231 368 23
319 440 34
263 329 90
360 432 21
190 320 26
300 438 99
138 220 35
49 93 63
181 281 65
8 325 66
17 237 65
14 367 34
185 480 89
33 83 84
235 284 52
206 400 61
315 438 18
189 418 20
178 247 62
215 260 90
388 397 73
85 481 51
64 228 34
191 336 75
343 427 83
38 117 67
316 389 30
123 167 34
188 196 55
286 346 3
256 410 44
8 327 38
5 69 52
402 446 95
52 231 5
6 451 89
135 292 65
87 413 7
243 377 43
200 304 56
67 420 63
164 332 20
137 277 93
97 415 24
45 389 28
227 261 12
18 358 89
355 456 16
186 372 8
303 490 74
174 331 18
48 317 19
112 391 80
32 483 7
66 142 4
347 364 50
57 140 76
402 427 73
339 428 49
30 256 26
142 477 89
144 248 63
179 302 71
144 493 86
24 406 28
16 371 62
150 447 100
215 273 66
173 199 88
322 328 27
122 198 72
226 356 87
363 447 26
339 475 28
108 499 62
110 305 33
63 142 37
111 461 90
219 489 25
16 316 22
15 315 12
26 91 84
104 172 15
172 193 87
10 327 53
98 197 35
35 410 37
278 305 68
207 242 27
205 470 7
164 201 97
217 474 19
64 85 66
156 245 45
347 363 66
13 59 26
100 492 28
377 452 22
297 440 6
165 253 48
266 290 18
290 317 67
335 487 58
60 309 78
219 418 20
31 89 41
334 390 25
1 10 95
66 465 100
24 392 66
115 423 87
140 342 8
299 439 35
130 310 72
234 365 5
429 453 74
370 486 21
60 467 65
58 183 22
88 460 24
427 472 49
93 443 41
131 242 80
57 239 45
331 360 36
196 487 4
1 220 18
281 479 56
0 469 29
348 383 64
53 64 53
139 364 77
147 174 59
89 136 11
115 292 45
60 454 66
169 225 67
153 388 38
121 497 56
65 358 88
172 245 58
27 37 22
197 313 13
21 276 74
51 328 84
367 489 44
14 239 81
15 496 63
125 395 63
70 382 99
15 132 3
145 267 61
39 206 79
46 73 43
83 261 79
90 382 71
70 320 85
42 78 76
113 415 59
56 400 89
304 442 25
79 259 85
142 313 36
436 478 54
201 470 80
364 412 83
105 363 46
45 438 13
34 138 19
127 308 100
352 456 34
61 349 84
86 468 18
41 241 30
108 168 76
122 492 39
225 401 52
209 303 36
213 461 84
55 488 1
257 403 59
48 431 82
96 165 57
198 413 89
171 415 59
56 100 55
237 281 25
259 349 46
75 422 75
14 382 100
43 132 3
132 291 40
46 285 75
114 469 45
136 388 48
147 217 27
416 486 78
70 99 45
27 481 80
57 346 59
44 79 12
74 200 13
9 232 55
232 485 89
211 411 35
178 456 90
21 47 7
23 226 66
97 346 59
201 449 8
117 264 83
256 491 87
105 418 94
194 363 46
231 232 9
65 342 63
46 470 83
134 285 90
106 362 80
350 399 69
2 398 32
280 446 44
74 138 88
371 478 29
23 26 18
96 254 70
250 485 76
152 319 43
16 307 13
202 340 88
41 167 65
312 426 44
224 283 47
239 291 85
95 420 25
214 295 63
321 462 91
104 469 69
289 473 22
255 314 62
2 405 67
133 174 39
91 357 100
45 251 34
50 223 73
90 258 51
14 338 49
288 430 57
7 301 7
197 297 89
55 239 31
74 303 43
130 279 74
60 184 53
45 261 83
76 117 5
331 444 3
13 414 13
55 294 30
108 458 39
161 325 81
359 401 58
190 294 30
123 468 83
184 440 42
102 444 90
332 359 84
223 242 53
38 192 1
68 131 70
174 338 29
55 256 17
196 198 13
435 443 97
191 356 42
65 318 21
439 477 14
0 467 64
11 325 43
135 273 49
72 273 57
111 114 61
219 338 14
229 469 93
387 390 43
34 119 19
46 107 75
93 128 45
168 427 67
167 399 63
175 323 76
59 124 38
204 425 11
309 445 8
413 439 95
14 279 95
268 344 54
340 437 69
47 454 58
150 468 84
88 151 80
91 408 13
92 299 82
428 440 34
194 269 21
20 68 52
135 371 24
202 469 19
156 316 20
86 439 67
99 464 17
31 354 66
216 401 22
214 239 74
123 262 68
95 484 90
125 408 26
132 361 92
283 425 58
105 184 99
37 237 7
294 491 83
9 229 94
160 267 71
12 86 90
111 283 10
199 297 66
236 385 8
8 41 56
296 493 12
38 39 76
97 166 39
268 450 72
27 60 58
62 110 81
146 418 98
115 411 46
218 464 48
102 432 45
170 415 83
180 204 7
18 249 66
2 140 14
304 495 75
20 33 5
47 328 55
308 426 64
398 471 27
93 160 10
4 87 14
72 89 98
15 25 99
245 327 54
36 326 4
241 459 14
253 442 26
255 262 40
301 309 15
100 353 2
381 396 9
202 229 63
162 331 33
29 110 49
276 302 18
150 183 64
41 416 15
34 424 6
55 290 89
131 483 54
375 400 6
17 308 86
116 435 3
116 220 48
219 458 15
124 332 90
52 436 84
69 278 56
33 223 44
23 434 96
169 236 24
217 350 57
229 459 18
330 416 8
110 350 95
120 349 5
97 435 48
202 439 83
36 289 90
232 307 99
354 381 71
106 483 100
5 476 29
237 319 80
18 294 69
12 15 98
398 429 53
65 156 8
226 430 46
185 196 52
443 491 49
246 440 50
219 459 40
413 450 35
195 273 13
61 160 54
82 182 3
159 472 16
345 382 65
91 464 28
13 54 21
72 318 21
353 401 9
171 210 18
155 469 73
32 61 52
347 394 46
340 375 36
69 297 100
111 450 32
36 432 14
334 417 61
43 117 47
288 313 10
36 424 49
278 488 97
198 482 79
16 470 65
218 361 12
336 380 31
260 411 13
294 401 65
108 217 84
173 327 72
101 316 1
208 441 58
212 317 6
339 464 20
93 307 66
221 486 45
177 200 79
237 430 58
12 373 44
124 242 48
66 343 95
177 245 4
205 250 20
118 350 100
6 191 53
251 454 23
157 399 95
7 476 27
181 312 69
237 314 48
239 336 94
72 445 81
169 259 38
448 463 56
303 476 51
29 222 49
69 283 77
273 483 100
121 386 98
92 442 16
88 166 83
265 419 32
40 270 86
276 498 86
21 92 47
162 266 91
38 263 37
73 226 22
204 328 14
279 488 93
306 346 47
89 207 21
340 412 23
194 413 56
107 427 53
375 479 7
2 375 42
403 467 98
262 491 15
202 209 54
5 428 56
20 95 87
37 452 16
64 98 19
259 434 91
5 117 41
91 449 49
232 279 65
411 449 56
243 254 53
71 341 59
244 412 91
155 372 55
75 294 82
69 104 96
104 434 38
313 371 93
171 392 7
279 452 24
272 368 15
213 365 52
40 422 4
30 356 87
18 126 56
138 421 19
129 340 40
192 492 27
226 431 11
31 305 76
440 494 71
324 387 83
175 231 52
295 377 23
137 389 52
282 432 93
129 416 31
5 481 73
199 268 47
304 437 92
105 117 47
108 218 14
273 453 100
25 182 59
12 19 82
177 316 1
121 461 70
107 408 22
348 371 41
190 383 99
199 497 94
328 352 23
79 267 87
119 355 22
87 302 23
1 191 75
48 179 63
198 468 25
178 304 59
344 367 78
241 472 27
134 188 73
307 395 49
180 461 60
258 377 33
233 412 6
130 146 90
147 458 33
26 242 67
223 351 98
191 206 94
137 441 12
159 160 90
47 269 39
60 76 48
95 284 65
4 120 14
213 449 43
42 141 56
90 192 44
272 411 97
155 340 17
13 359 67
356 362 98
272 486 62
4 423 59
296 379 22
315 464 8
19 176 32
350 479 27
16 433 17
45 442 38
15 81 99
308 407 75
472 490 9
90 498 5
177 454 57
25 186 1
72 257 24
372 374 14
344 373 44
113 419 42
344 419 2
42 388 60
190 262 61
126 374 88
140 248 90
52 397 23
166 231 30
22 36 53
2 341 72
270 392 65
482 499 53
354 435 59
178 390 56
185 243 98
1 342 73
72 300 18
18 255 16
66 473 69
46 307 72
79 196 70
88 188 80
32 199 52
247 259 13
254 429 76
136 421 25
0 58 12
278 445 21
143 415 28
9 217 62
160 313 69
56 346 94
380 397 31
365 456 23
262 432 56
144 471 66
249 273 83
115 236 76
190 352 33
7 80 23
17 22 17
36 218 98
107 174 14
44 237 64
169 265 45
246 379 62
247 367 8
253 322 97
270 492 32
189 319 6
60 413 30
215 498 96
89 95 85
72 458 6
63 347 93
214 396 6
90 174 43
462 470 54
361 432 64
131 155 28
349 464 68
164 417 70
137 241 77
35 341 3
31 103 76
32 101 54
40 405 26
159 384 93
351 412 57
172 190 37
4 18 14
205 225 78
186 258 6
275 308 13
372 486 44
427 429 2
355 471 22
125 248 59
175 361 56
313 402 44
118 315 41
151 178 91
108 155 79
420 493 11
178 197 83
181 269 100
198 370 19
186 279 42
73 104 63
185 318 95
75 241 39
115 188 54
281 294 91
197 254 25
181 334 58
132 259 30
96 258 81
73 335 62
94 481 18
201 327 59
239 361 72
72 262 68
430 435 94
186 232 79
243 295 36
320 498 76
458 467 23
135 421 74
1 152 23
14 132 96
245 298 24
281 371 26
121 382 7
351 402 34
130 456 70
10 66 10
309 400 11
226 383 85
253 383 59
12 117 32
203 311 9
88 168 98
113 455 93
397 403 60
129 454 2
75 85 84
270 337 4
96 369 85
310 352 97
376 411 61
116 495 3
46 409 16
155 367 62
77 492 36
155 434 29
286 350 96
126 251 73
84 373 25
5 75 13
101 119 13
168 426 92
116 144 94
87 461 43
105 412 30
157 445 53
310 461 87
139 238 58
237 246 96
153 301 93
215 405 54
57 421 31
9 387 86
338 430 97
17 474 14
368 482 39
234 494 10
311 409 7
72 326 18
115 367 84
398 414 71
374 388 84
52 74 61
57 299 47
383 476 35
35 323 88
128 323 34
293 301 32
63 398 90
222 448 48
175 478 95
170 480 75
156 438 84
68 424 34
401 479 74
277 292 23
80 147 37
91 123 79
212 382 52
55 66 20
136 146 76
131 198 71
255 495 51
211 377 7
156 478 14
120 260 28
140 239 46
177 219 19
25 151 67
226 326 81
210 434 26
381 406 15
319 478 12
13 465 43
177 331 91
99 204 70
14 491 79
283 419 39
433 467 77
8 139 94
74 182 50
224 399 13
386 415 70
112 428 62
15 357 95
26 112 94
137 449 26
352 354 90
111 141 64
433 444 19
113 170 41
4 216 51
177 483 73
107 406 10
366 472 67
59 180 24
222 246 37
217 481 100
197 360 13
211 494 100
43 138 27
23 105 48
145 483 75
315 404 4
358 481 98
160 231 21
344 377 82
11 297 55
195 375 33
81 478 22
13 42 78
165 271 50
229 292 69
85 231 98
261 418 5
151 331 48
37 269 21
126 330 33
93 469 33
212 353 87
118 194 49
197 398 28
168 443 36
4 495 69
123 221 89
176 182 91
109 209 63
353 411 99
255 369 4
33 64 65
9 196 9
219 396 12
297 479 80
88 158 96
110 461 35
149 335 55
137 220 70
161 226 30
11 226 27
100 276 26
398 474 76
231 489 7
209 274 55
359 469 1
270 288 29
97 245 32
213 312 98
61 350 60
391 396 95
58 175 45
3 75 31
224 258 93
63 344 93
385 457 63
336 433 98
334 404 41
41 383 12
105 302 78
295 437 45
352 418 21
204 271 37
267 413 1
50 217 91
14 453 75
184 302 11
53 499 35
177 224 48
473 490 97
101 387 75
135 163 27
74 290 100
62 363 10
199 218 58
246 401 31
67 82 7
355 363 6
63 351 57
272 453 97
253 484 73
86 221 61
31 222 81
186 312 25
197 249 95
151 316 5
96 137 35
43 286 75
158 448 2
142 255 31
66 155 64
89 167 39
32 138 23
56 496 49
53 193 46
126 224 25
235 480 93
130 271 38
284 418 77
285 493 72
30 52 75
335 431 90
53 341 72
204 334 6
108 210 67
144 340 79
96 242 14
32 87 68
189 460 52
216 272 38
175 477 70
136 484 80
224 260 7
375 403 12
86 203 50
53 464 71
304 462 24
210 411 71
356 390 68
63 151 30
172 311 72
291 474 99
181 369 80
414 487 59
52 489 75
103 232 32
168 257 19
52 137 65
117 436 46
37 179 66
280 367 85
252 345 74
165 392 21
424 434 76
57 434 77
70 223 48
52 477 22
91 264 15
26 219 63
49 362 37
72 424 80
435 478 76
387 489 11
104 290 19
279 329 51
179 214 39
321 474 92
135 208 61
281 379 74
250 397 57
52 389 44
280 372 63
138 272 52
63 105 2
64 178 63
133 480 4
39 325 25
239 389 98
3 235 8
49 273 7
144 391 39
52 79 27
120 445 91
45 165 7
159 294 40
37 275 69
417 437 36
114 265 8
195 206 42
100 260 14
241 361 47
126 159 1
56 61 34
178 202 76
10 471 49
55 454 61
216 250 100
235 426 36
284 304 34
223 452 14
202 474 68
180 419 30
303 473 100
413 442 22
331 471 97
223 291 89
298 422 70
352 363 24
50 193 82
298 387 75
267 369 42
236 421 98
139 407 19
4 127 23
296 325 78
27 319 50
190 491 31
83 311 62
44 442 52
100 404 22
356 414 93
42 389 46
19 122 21
90 391 4
412 449 29
240 281 99
181 223 9
39 54 53
66 414 48
275 497 68
412 426 9
47 266 35
35 173 39
349 350 66
285 288 24
54 346 98
249 439 24
143 357 45
126 476 80
243 309 76
273 319 23
57 445 95
342 452 14
397 457 52
293 415 9
101 308 28
271 284 61
297 413 14
134 494 68
126 375 57
223 326 53
43 428 26
33 213 54
142 351 34
332 484 62
65 301 52
78 297 70
248 441 79
283 309 24
250 277 14
237 238 89
76 339 46
108 180 56
55 234 79
317 366 65
30 235 73
60 484 79
127 354 100
29 186 58
74 319 82
216 456 45
156 233 30
118 163 46
8 283 85
282 409 95
397 486 14
121 270 88
381 397 62
288 457 6
214 384 100
319 398 81
25 40 15
120 489 16
48 381 43
141 180 75
369 488 9
326 447 62
164 297 81
72 460 86
98 456 76
163 361 47
238 311 41
91 336 13
16 158 46
327 383 89
365 464 50
465 476 93
0 37 94
377 438 60
451 489 31
354 433 14
222 348 33
146 385 76
72 116 73
192 351 85
314 359 16
31 279 35
81 398 32
344 359 52
89 216 23
140 235 37
71 495 49
168 422 82
79 102 66
180 472 35
265 465 70
226 351 78
87 122 91
431 444 67
417 436 51
378 428 21
223 342 47
123 397 86
244 346 71
232 472 43
50 447 57
30 458 53
377 488 26
30 298 17
166 375 37
296 396 51
31 488 73
66 266 36
119 470 75
101 262 89
31 175 78
468 497 61
72 293 54
48 437 42
300 478 19
72 214 95
313 493 65
9 347 24
105 198 77
64 243 63
16 35 21
13 106 85
27 440 49
1 337 78
273 402 3
290 400 87
5 408 48
363 420 4
37 109 70
380 461 53
209 301 39
167 459 63
275 326 81
455 470 21
69 282 88
126 161 98
409 471 52
74 485 4
24 222 19
304 329 75
61 306 55
288 413 78
11 351 32
349 499 68
436 492 64
98 226 20
21 359 53
137 395 63
163 241 38
296 324 4
129 433 34
330 491 61
161 412 97
266 326 36
383 416 16
67 284 49
8 291 33
198 488 26
36 44 55
77 186 17
7 228 70
329 487 90
139 416 26
127 313 14
155 485 96
17 244 80
41 54 93
217 360 5
39 91 36
5 159 70
194 449 88
212 418 22
167 294 15
265 421 11
137 290 54
85 310 34
280 322 93
122 189 68
101 182 82
149 168 5
182 389 53
28 154 40
34 262 7
96 214 7
17 157 15
170 393 88
374 428 12
126 372 33
15 119 6
127 242 3
53 315 28
305 348 73
257 364 9
227 347 36
91 415 58
204 227 12
322 324 88
252 258 46
107 289 89
425 451 71
50 330 79
196 237 47
421 496 78
120 397 1
108 404 59
52 442 23
269 332 56
200 393 19
122 177 18
47 195 42
101 338 66
419 432 83
271 279 95
203 442 96
23 80 93
159 170 41
58 84 54
353 382 26
321 389 78
258 268 66
107 321 40
335 453 39
63 173 1
238 263 28
288 403 10
42 492 60
248 309 4
219 251 76
