150 700
0 1 1
1 2 1
2 3 1
3 4 1
4 5 1
5 6 1
6 7 1
7 8 1
8 9 1
9 10 1
10 149 1
127 148 1
86 67 1
109 50 1
85 106 1
72 13 1
59 60 1
123 4 1
110 149 1
124 5 1
75 16 1
34 15 1
104 15 1
37 138 1
69 60 1
8 49 1
64 95 1
77 78 1
85 136 1
94 15 1
0 91 1
46 87 1
135 96 1
93 144 1
87 108 1
140 149 1
0 71 1
0 31 1
143 74 1
137 38 1
25 36 1
42 103 1
106 77 1
75 116 1
8 69 1
86 37 1
141 72 1
55 36 1
38 69 1
39 110 1
99 70 1
103 144 1
105 6 1
139 100 1
146 47 1
91 122 1
5 136 1
0 111 1
67 8 1
57 68 1
139 130 1
105 76 1
142 113 1
114 85 1
28 19 1
118 139 1
129 30 1
102 13 1
45 146 1
1 122 1
74 105 1
40 149 1
42 73 1
96 57 1
36 67 1
86 87 1
15 36 1
50 149 1
20 149 1
57 78 1
90 149 1
41 112 1
17 98 1
56 147 1
99 140 1
52 93 1
64 85 1
23 64 1
82 143 1
75 136 1
117 58 1
143 4 1
106 147 1
136 57 1
130 149 1
111 72 1
63 84 1
67 88 1
139 30 1
33 4 1
98 99 1
102 53 1
67 138 1
56 37 1
120 149 1
34 65 1
17 128 1
11 92 1
112 83 1
39 90 1
0 21 1
38 49 1
136 77 1
113 54 1
117 138 1
0 11 1
32 113 1
16 7 1
8 29 1
119 30 1
1 92 1
88 89 1
64 145 1
76 77 1
74 25 1
38 99 1
114 145 1
124 135 1
0 141 1
95 46 1
78 69 1
61 112 1
38 19 1
87 118 1
85 86 1
144 95 1
99 60 1
126 107 1
35 66 1
47 108 1
31 32 1
65 16 1
34 35 1
123 114 1
142 13 1
76 67 1
103 64 1
135 36 1
60 149 1
21 22 1
21 2 1
146 57 1
144 115 1
18 29 1
99 40 1
34 75 1
26 67 1
56 27 1
21 32 1
137 98 1
39 60 1
14 35 1
99 20 1
147 88 1
26 147 1
98 109 1
114 65 1
51 62 1
125 46 1
80 149 1
96 67 1
0 61 1
30 149 1
31 132 1
86 137 1
126 27 1
83 44 1
16 47 1
141 2 1
89 40 1
29 80 1
15 66 1
61 52 1
68 9 1
75 86 1
134 145 1
97 88 1
46 127 1
16 137 1
138 109 1
9 50 1
88 69 1
142 93 1
5 86 1
111 102 1
71 12 1
104 135 1
141 82 1
94 115 1
88 59 1
137 128 1
79 130 1
89 90 1
64 35 1
92 123 1
6 17 1
47 128 1
94 105 1
121 142 1
37 88 1
17 68 1
13 24 1
51 92 1
34 85 1
93 54 1
67 58 1
69 130 1
98 79 1
63 144 1
41 132 1
76 137 1
123 144 1
128 119 1
62 83 1
77 28 1
114 25 1
17 138 1
94 75 1
61 122 1
103 94 1
135 46 1
143 64 1
111 142 1
81 22 1
145 76 1
138 19 1
116 77 1
78 9 1
93 34 1
29 110 1
109 80 1
138 89 1
3 114 1
132 13 1
8 109 1
144 145 1
12 103 1
64 15 1
137 138 1
139 120 1
113 74 1
0 51 1
146 147 1
105 116 1
141 22 1
47 88 1
43 134 1
97 48 1
49 90 1
37 98 1
114 35 1
105 46 1
55 56 1
5 146 1
70 149 1
24 15 1
5 106 1
9 60 1
26 107 1
28 129 1
75 146 1
134 45 1
18 49 1
112 33 1
112 133 1
113 104 1
145 136 1
109 60 1
100 149 1
89 120 1
79 140 1
0 131 1
25 106 1
133 24 1
87 18 1
72 3 1
43 54 1
54 15 1
6 77 1
24 105 1
79 110 1
98 89 1
78 109 1
109 110 1
29 130 1
78 119 1
16 107 1
11 22 1
137 18 1
61 142 1
63 54 1
11 82 1
75 126 1
53 144 1
17 88 1
137 48 1
49 120 1
114 15 1
136 47 1
108 9 1
127 68 1
9 40 1
63 94 1
15 146 1
45 126 1
9 30 1
128 79 1
129 100 1
11 42 1
21 122 1
137 28 1
21 62 1
118 9 1
86 117 1
134 85 1
134 125 1
119 10 1
0 101 1
58 39 1
27 38 1
14 5 1
15 116 1
6 97 1
44 15 1
18 99 1
99 80 1
43 24 1
117 38 1
24 25 1
41 22 1
5 76 1
86 57 1
81 72 1
7 108 1
143 134 1
1 62 1
68 69 1
48 109 1
63 124 1
147 98 1
31 22 1
124 45 1
32 43 1
35 16 1
87 148 1
88 49 1
56 17 1
43 44 1
18 19 1
9 130 1
11 132 1
102 73 1
85 56 1
25 136 1
18 129 1
112 3 1
0 81 1
41 72 1
55 16 1
94 35 1
128 109 1
128 29 1
21 102 1
144 5 1
58 109 1
75 6 1
72 43 1
127 58 1
19 80 1
52 133 1
113 114 1
19 130 1
99 120 1
141 142 1
7 88 1
82 13 1
1 102 1
92 113 1
91 32 1
21 92 1
137 118 1
28 69 1
4 85 1
49 40 1
38 39 1
63 14 1
59 50 1
148 59 1
1 72 1
46 107 1
125 16 1
24 135 1
82 3 1
14 105 1
82 63 1
103 24 1
79 30 1
106 47 1
93 64 1
25 76 1
19 70 1
113 124 1
125 116 1
39 10 1
108 119 1
78 89 1
121 52 1
6 47 1
101 132 1
26 77 1
87 68 1
99 50 1
65 76 1
139 80 1
29 70 1
15 136 1
29 50 1
51 122 1
25 66 1
85 96 1
139 90 1
125 96 1
32 63 1
108 129 1
89 60 1
108 49 1
106 7 1
68 99 1
68 59 1
132 83 1
68 109 1
39 40 1
77 108 1
96 117 1
113 4 1
131 122 1
76 57 1
37 18 1
75 96 1
102 33 1
88 109 1
3 104 1
101 142 1
2 113 1
17 18 1
43 34 1
62 143 1
27 68 1
106 37 1
58 139 1
37 38 1
62 3 1
109 20 1
84 5 1
107 108 1
54 115 1
137 78 1
47 118 1
24 85 1
28 59 1
126 77 1
59 10 1
128 9 1
95 6 1
46 17 1
105 66 1
147 68 1
44 25 1
138 49 1
85 66 1
83 84 1
69 80 1
114 105 1
101 62 1
91 112 1
107 18 1
103 114 1
131 12 1
82 103 1
52 33 1
136 7 1
13 54 1
38 9 1
51 32 1
147 78 1
142 63 1
107 68 1
54 5 1
123 124 1
111 82 1
128 129 1
138 29 1
108 99 1
55 106 1
45 116 1
135 126 1
105 36 1
6 37 1
59 140 1
51 112 1
115 86 1
14 95 1
129 70 1
74 65 1
43 14 1
141 32 1
147 8 1
2 143 1
92 83 1
0 121 1
49 80 1
101 72 1
73 124 1
61 2 1
27 58 1
74 35 1
141 52 1
115 6 1
33 104 1
107 48 1
113 34 1
117 98 1
82 33 1
39 100 1
126 47 1
82 53 1
28 29 1
53 44 1
78 129 1
127 28 1
103 54 1
24 125 1
102 103 1
77 18 1
54 55 1
132 3 1
56 77 1
142 23 1
35 56 1
26 57 1
2 103 1
134 75 1
64 5 1
143 84 1
147 28 1
11 52 1
139 20 1
49 70 1
16 87 1
123 44 1
87 88 1
59 110 1
2 63 1
127 98 1
84 45 1
138 79 1
125 86 1
31 72 1
53 124 1
53 84 1
29 20 1
27 18 1
92 73 1
126 137 1
2 13 1
91 52 1
13 114 1
146 137 1
138 139 1
36 37 1
36 87 1
94 25 1
36 107 1
54 75 1
54 35 1
84 65 1
75 56 1
58 49 1
5 36 1
92 63 1
109 120 1
17 148 1
51 142 1
22 123 1
26 87 1
26 37 1
81 132 1
145 46 1
108 39 1
68 129 1
108 59 1
66 67 1
147 108 1
55 66 1
39 50 1
129 40 1
33 94 1
113 44 1
91 22 1
132 103 1
127 78 1
127 118 1
146 77 1
42 143 1
92 93 1
15 26 1
66 7 1
113 94 1
146 7 1
67 108 1
64 45 1
116 137 1
108 29 1
118 59 1
132 73 1
91 2 1
121 132 1
125 106 1
99 110 1
121 2 1
27 118 1
111 22 1
31 102 1
93 104 1
101 2 1
82 83 1
108 19 1
1 82 1
91 142 1
62 103 1
105 96 1
64 75 1
14 45 1
55 126 1
136 87 1
122 73 1
2 33 1
109 30 1
116 47 1
4 145 1
114 55 1
33 64 1
28 79 1
97 108 1
116 57 1
31 122 1
116 67 1
104 125 1
34 105 1
123 34 1
88 39 1
42 33 1
85 26 1
119 40 1
81 12 1
4 75 1
23 24 1
42 53 1
129 80 1
57 108 1
95 106 1
78 39 1
19 20 1
91 92 1
119 130 1
58 69 1
61 102 1
58 79 1
54 125 1
71 32 1
128 59 1
144 125 1
143 44 1
111 2 1
22 133 1
81 112 1
67 68 1
69 70 1
6 27 1
103 104 1
79 40 1
122 13 1
45 76 1
139 110 1
27 108 1
51 52 1
32 53 1
34 25 1
71 82 1
47 48 1
