150 1000
0 1 1
1 2 1
2 3 1
3 4 1
4 5 1
5 6 1
6 7 1
7 8 1
8 9 1
9 10 1
10 149 1
78 59 1
111 122 1
1 102 1
132 103 1
19 100 1
105 6 1
128 139 1
45 36 1
27 88 1
0 21 1
31 62 1
15 136 1
21 122 1
53 34 1
143 134 1
71 112 1
47 58 1
72 53 1
127 98 1
105 66 1
140 149 1
59 70 1
5 86 1
38 79 1
42 3 1
73 44 1
75 126 1
80 149 1
37 88 1
81 122 1
47 8 1
21 2 1
28 79 1
106 57 1
113 144 1
48 109 1
21 22 1
35 66 1
1 52 1
110 149 1
0 111 1
23 134 1
65 116 1
118 89 1
139 50 1
0 41 1
73 124 1
83 114 1
132 63 1
6 77 1
79 30 1
68 19 1
43 34 1
74 135 1
32 3 1
145 6 1
58 119 1
91 112 1
0 121 1
126 137 1
129 60 1
0 101 1
46 77 1
111 142 1
54 45 1
69 100 1
37 58 1
0 51 1
86 137 1
91 62 1
18 49 1
2 83 1
122 3 1
148 69 1
4 85 1
124 115 1
112 43 1
44 45 1
2 133 1
0 81 1
92 53 1
97 18 1
3 74 1
88 49 1
100 149 1
4 45 1
56 77 1
21 62 1
72 33 1
9 20 1
147 108 1
73 114 1
59 80 1
63 124 1
143 34 1
30 149 1
7 108 1
86 17 1
85 146 1
109 140 1
81 42 1
107 128 1
88 139 1
11 112 1
21 142 1
116 7 1
32 113 1
26 147 1
35 36 1
24 105 1
97 98 1
130 149 1
77 58 1
47 38 1
56 127 1
35 96 1
50 149 1
56 147 1
145 106 1
47 118 1
12 83 1
120 149 1
111 22 1
135 66 1
109 100 1
4 65 1
0 61 1
71 72 1
94 135 1
132 133 1
116 67 1
60 149 1
88 39 1
106 47 1
84 125 1
69 110 1
96 137 1
131 142 1
82 123 1
62 23 1
34 135 1
0 131 1
28 129 1
104 135 1
81 2 1
113 14 1
26 47 1
38 29 1
148 9 1
46 67 1
41 122 1
21 42 1
101 132 1
38 59 1
55 16 1
98 99 1
142 13 1
104 75 1
81 132 1
25 136 1
14 85 1
64 115 1
102 93 1
66 77 1
0 31 1
67 48 1
129 70 1
126 127 1
76 37 1
7 78 1
0 71 1
52 133 1
145 146 1
11 62 1
142 53 1
67 88 1
93 74 1
125 136 1
43 104 1
0 141 1
108 109 1
52 53 1
3 34 1
3 44 1
16 117 1
89 120 1
106 97 1
90 149 1
21 132 1
7 138 1
73 34 1
138 59 1
54 55 1
126 57 1
89 140 1
70 149 1
48 49 1
92 13 1
79 40 1
147 148 1
109 50 1
38 89 1
0 11 1
27 138 1
17 28 1
105 46 1
62 103 1
97 128 1
18 39 1
125 16 1
144 135 1
106 77 1
146 7 1
144 25 1
65 46 1
67 38 1
39 50 1
58 49 1
33 64 1
131 42 1
39 80 1
147 118 1
106 7 1
57 148 1
13 144 1
96 107 1
24 135 1
40 149 1
87 108 1
1 132 1
102 53 1
31 42 1
13 74 1
102 123 1
146 77 1
87 118 1
55 86 1
76 147 1
131 82 1
68 89 1
118 9 1
127 78 1
125 6 1
28 69 1
2 43 1
117 48 1
54 15 1
99 110 1
61 142 1
39 30 1
92 3 1
56 27 1
146 147 1
2 123 1
6 17 1
72 73 1
32 133 1
52 63 1
145 86 1
65 26 1
64 75 1
141 142 1
82 133 1
73 74 1
55 56 1
11 2 1
16 87 1
18 79 1
31 122 1
24 55 1
71 32 1
146 37 1
136 107 1
146 27 1
96 147 1
49 30 1
64 125 1
95 96 1
52 3 1
61 42 1
123 44 1
38 99 1
85 36 1
37 28 1
102 3 1
66 87 1
0 91 1
132 23 1
94 115 1
79 80 1
146 127 1
49 130 1
55 96 1
132 83 1
128 59 1
98 29 1
94 75 1
57 78 1
5 56 1
114 55 1
141 132 1
134 35 1
137 108 1
98 129 1
44 5 1
64 85 1
5 66 1
57 98 1
54 75 1
78 69 1
44 115 1
19 140 1
62 33 1
72 143 1
25 146 1
64 135 1
31 92 1
17 148 1
29 30 1
119 30 1
139 130 1
24 125 1
43 134 1
53 84 1
19 110 1
134 145 1
26 7 1
74 25 1
69 60 1
82 63 1
77 108 1
104 15 1
122 73 1
36 77 1
21 72 1
11 42 1
85 26 1
81 22 1
78 89 1
34 75 1
17 128 1
4 55 1
33 94 1
8 109 1
79 20 1
118 29 1
17 78 1
15 96 1
53 64 1
87 68 1
26 17 1
131 52 1
49 50 1
121 62 1
109 110 1
67 8 1
82 23 1
85 66 1
48 19 1
107 8 1
141 122 1
132 53 1
133 44 1
7 88 1
93 134 1
38 69 1
6 67 1
69 30 1
98 59 1
88 29 1
54 35 1
74 65 1
22 13 1
81 52 1
57 48 1
109 30 1
114 95 1
123 64 1
128 109 1
44 135 1
108 59 1
43 74 1
79 10 1
144 85 1
103 84 1
125 36 1
51 42 1
82 53 1
36 47 1
88 59 1
87 148 1
118 139 1
49 120 1
105 146 1
144 45 1
71 122 1
122 53 1
82 73 1
98 119 1
141 2 1
68 29 1
128 39 1
105 26 1
47 148 1
51 142 1
69 50 1
138 119 1
54 125 1
146 87 1
138 129 1
115 26 1
14 45 1
12 3 1
15 66 1
112 103 1
91 82 1
87 78 1
36 147 1
32 63 1
29 130 1
141 102 1
20 149 1
18 19 1
4 75 1
72 113 1
26 57 1
88 99 1
75 116 1
12 123 1
17 108 1
49 90 1
9 140 1
81 92 1
36 107 1
148 29 1
131 32 1
79 140 1
105 76 1
31 132 1
47 108 1
125 76 1
56 57 1
64 5 1
119 50 1
112 23 1
59 110 1
43 94 1
94 15 1
126 27 1
18 69 1
59 10 1
124 85 1
88 19 1
112 123 1
117 148 1
29 140 1
127 138 1
56 97 1
4 35 1
33 54 1
125 26 1
49 110 1
38 49 1
93 124 1
139 30 1
84 15 1
5 146 1
8 19 1
34 65 1
14 125 1
144 5 1
113 124 1
19 30 1
41 92 1
143 144 1
105 56 1
33 14 1
56 137 1
98 49 1
16 67 1
117 28 1
41 62 1
33 124 1
9 40 1
102 113 1
71 132 1
72 83 1
3 84 1
9 70 1
148 39 1
89 130 1
128 99 1
31 142 1
121 2 1
111 32 1
137 28 1
32 53 1
72 23 1
4 145 1
113 64 1
94 65 1
114 125 1
34 25 1
76 67 1
63 64 1
134 15 1
138 139 1
59 20 1
48 9 1
68 69 1
88 9 1
141 62 1
123 104 1
73 104 1
36 117 1
119 80 1
139 110 1
68 139 1
43 64 1
107 48 1
75 16 1
129 100 1
8 139 1
24 115 1
97 58 1
107 108 1
68 79 1
95 116 1
46 87 1
136 137 1
54 5 1
25 106 1
99 20 1
147 78 1
49 40 1
95 6 1
82 3 1
32 23 1
68 39 1
116 97 1
133 64 1
143 4 1
89 90 1
15 126 1
35 146 1
137 138 1
129 140 1
41 22 1
77 18 1
137 98 1
27 78 1
77 88 1
114 25 1
114 75 1
54 65 1
53 44 1
66 107 1
43 14 1
29 50 1
101 72 1
35 26 1
5 36 1
124 55 1
85 126 1
44 65 1
59 90 1
121 72 1
32 43 1
37 108 1
143 44 1
82 113 1
25 26 1
7 58 1
37 48 1
105 126 1
143 64 1
98 19 1
47 78 1
51 62 1
117 98 1
45 16 1
88 119 1
54 135 1
6 57 1
92 113 1
113 134 1
52 143 1
28 119 1
61 2 1
71 42 1
61 132 1
119 140 1
119 90 1
74 35 1
12 103 1
97 48 1
95 46 1
28 139 1
103 94 1
135 106 1
121 32 1
64 65 1
23 4 1
23 94 1
33 134 1
91 12 1
36 27 1
45 146 1
39 60 1
142 23 1
126 67 1
142 133 1
135 126 1
28 9 1
91 132 1
118 109 1
15 146 1
104 55 1
72 123 1
91 72 1
98 69 1
115 136 1
34 95 1
58 109 1
132 123 1
52 33 1
143 24 1
129 50 1
67 118 1
71 142 1
16 107 1
79 70 1
19 130 1
32 13 1
107 118 1
46 17 1
25 6 1
38 39 1
98 139 1
146 57 1
44 75 1
101 142 1
25 66 1
45 106 1
57 118 1
96 87 1
114 35 1
1 22 1
82 143 1
134 135 1
137 88 1
65 6 1
82 103 1
92 23 1
87 18 1
27 58 1
93 44 1
27 98 1
145 16 1
52 73 1
24 95 1
108 19 1
77 8 1
76 7 1
29 10 1
145 126 1
125 66 1
6 117 1
21 82 1
129 110 1
8 79 1
118 69 1
113 44 1
62 13 1
82 83 1
141 82 1
55 46 1
144 65 1
84 105 1
52 103 1
143 94 1
22 63 1
8 119 1
103 134 1
68 49 1
27 8 1
131 112 1
127 38 1
11 82 1
36 67 1
63 24 1
125 56 1
57 138 1
136 17 1
62 113 1
17 38 1
18 119 1
123 74 1
144 75 1
132 33 1
24 5 1
97 78 1
52 83 1
26 27 1
86 97 1
126 117 1
91 92 1
134 55 1
85 136 1
109 60 1
79 100 1
46 127 1
116 147 1
138 49 1
23 114 1
46 147 1
84 75 1
29 20 1
92 123 1
13 24 1
133 94 1
95 106 1
63 94 1
59 40 1
74 145 1
136 37 1
136 47 1
35 6 1
84 85 1
3 14 1
79 130 1
108 129 1
7 48 1
133 24 1
74 125 1
24 75 1
116 127 1
144 55 1
9 120 1
86 27 1
78 129 1
69 90 1
34 15 1
2 13 1
15 116 1
96 57 1
15 86 1
74 55 1
65 56 1
31 2 1
17 58 1
123 124 1
58 89 1
115 36 1
148 19 1
51 132 1
78 9 1
62 73 1
147 18 1
1 12 1
57 128 1
127 8 1
28 19 1
98 9 1
1 72 1
65 66 1
93 94 1
39 70 1
53 94 1
128 79 1
88 79 1
122 83 1
66 97 1
7 28 1
93 24 1
116 37 1
54 115 1
57 8 1
13 4 1
16 97 1
36 7 1
87 28 1
53 134 1
88 129 1
81 12 1
8 49 1
138 69 1
77 78 1
132 3 1
13 64 1
148 89 1
55 106 1
136 87 1
33 144 1
51 82 1
76 27 1
38 9 1
33 104 1
65 136 1
132 93 1
83 54 1
132 13 1
124 105 1
146 67 1
136 117 1
94 35 1
96 97 1
144 145 1
117 88 1
84 55 1
45 126 1
66 37 1
127 48 1
19 20 1
96 27 1
45 26 1
95 76 1
26 77 1
37 18 1
51 2 1
139 120 1
104 45 1
4 115 1
27 128 1
24 145 1
76 107 1
76 97 1
138 19 1
126 77 1
119 40 1
118 49 1
96 37 1
111 92 1
69 20 1
107 38 1
97 68 1
21 92 1
82 13 1
96 127 1
5 26 1
48 29 1
84 145 1
142 3 1
53 124 1
76 57 1
49 60 1
105 96 1
59 50 1
143 84 1
138 9 1
62 143 1
35 16 1
74 85 1
135 86 1
116 57 1
28 89 1
61 82 1
117 38 1
48 139 1
119 60 1
58 39 1
99 130 1
16 47 1
11 72 1
42 103 1
116 27 1
25 46 1
78 139 1
94 95 1
99 70 1
73 14 1
55 116 1
98 89 1
16 77 1
55 136 1
48 39 1
65 36 1
49 100 1
27 48 1
126 87 1
24 15 1
89 10 1
117 58 1
134 105 1
51 112 1
89 70 1
41 52 1
69 10 1
107 68 1
104 105 1
101 42 1
85 16 1
101 62 1
96 117 1
94 25 1
126 147 1
89 80 1
45 96 1
28 39 1
81 62 1
133 14 1
32 83 1
46 37 1
41 2 1
19 50 1
137 78 1
109 20 1
8 29 1
99 30 1
66 17 1
65 126 1
39 100 1
44 145 1
41 42 1
63 74 1
7 68 1
5 116 1
129 90 1
117 78 1
39 10 1
69 80 1
84 25 1
139 70 1
118 59 1
34 105 1
16 17 1
24 65 1
133 134 1
37 118 1
92 83 1
67 98 1
148 49 1
144 95 1
19 90 1
148 139 1
133 84 1
17 118 1
1 42 1
1 82 1
95 136 1
134 125 1
31 72 1
144 15 1
12 113 1
39 140 1
84 35 1
42 33 1
63 84 1
97 38 1
73 134 1
104 125 1
117 108 1
135 76 1
78 39 1
147 58 1
28 109 1
75 146 1
125 116 1
127 18 1
31 32 1
28 59 1
81 82 1
112 53 1
112 33 1
79 90 1
12 93 1
106 27 1
141 22 1
35 86 1
44 85 1
59 100 1
99 10 1
63 4 1
95 26 1
87 98 1
127 108 1
71 82 1
34 115 1
67 28 1
66 27 1
16 57 1
95 16 1
106 67 1
27 38 1
114 5 1
7 118 1
91 2 1
67 78 1
137 148 1
