150 1100
0 1 1
1 2 1
2 3 1
3 4 1
4 5 1
5 6 1
6 7 1
7 8 1
8 9 1
9 10 1
10 149 1
2 73 1
111 82 1
147 138 1
82 123 1
33 44 1
1 32 1
93 14 1
80 149 1
118 19 1
59 80 1
0 131 1
59 110 1
22 113 1
6 127 1
72 73 1
44 45 1
63 54 1
55 6 1
87 48 1
35 106 1
22 123 1
58 119 1
135 126 1
1 122 1
143 74 1
126 47 1
33 84 1
14 85 1
138 59 1
24 65 1
8 69 1
134 145 1
125 76 1
62 53 1
99 70 1
123 34 1
54 45 1
21 82 1
0 11 1
87 88 1
107 48 1
0 121 1
139 140 1
0 31 1
100 149 1
65 136 1
138 129 1
137 8 1
33 94 1
139 20 1
133 34 1
110 149 1
18 69 1
16 127 1
91 12 1
132 73 1
38 9 1
58 59 1
101 102 1
34 115 1
108 49 1
142 43 1
79 20 1
0 61 1
47 48 1
105 116 1
144 25 1
8 109 1
6 107 1
3 64 1
69 40 1
85 16 1
83 54 1
120 149 1
9 50 1
136 67 1
42 113 1
71 112 1
26 17 1
42 83 1
75 146 1
4 65 1
0 41 1
85 76 1
26 67 1
106 37 1
70 149 1
50 149 1
90 149 1
91 52 1
122 33 1
128 119 1
65 26 1
140 149 1
95 126 1
101 132 1
135 6 1
5 126 1
73 94 1
99 60 1
142 63 1
126 27 1
59 90 1
47 28 1
37 18 1
48 49 1
131 32 1
75 86 1
111 72 1
115 46 1
117 38 1
7 28 1
103 114 1
56 27 1
0 51 1
88 89 1
0 21 1
14 125 1
119 70 1
0 101 1
133 14 1
77 48 1
60 149 1
30 149 1
114 145 1
76 7 1
69 120 1
85 146 1
27 88 1
127 128 1
59 10 1
46 87 1
89 60 1
68 39 1
99 20 1
66 137 1
115 76 1
27 48 1
43 74 1
75 36 1
107 68 1
129 140 1
127 28 1
22 33 1
134 135 1
0 81 1
45 96 1
123 44 1
121 72 1
74 95 1
9 60 1
0 111 1
143 94 1
115 146 1
62 93 1
95 106 1
62 13 1
57 38 1
61 22 1
115 86 1
75 106 1
142 123 1
33 54 1
109 70 1
78 89 1
124 95 1
49 20 1
93 34 1
134 35 1
25 146 1
68 89 1
19 100 1
1 82 1
132 123 1
86 27 1
94 145 1
45 56 1
127 108 1
113 94 1
85 116 1
0 91 1
123 4 1
23 64 1
98 39 1
46 77 1
42 133 1
123 94 1
28 39 1
145 46 1
6 67 1
129 80 1
113 104 1
119 90 1
81 92 1
42 53 1
121 32 1
77 118 1
118 79 1
46 37 1
20 149 1
36 27 1
8 19 1
102 103 1
2 143 1
0 141 1
111 22 1
114 105 1
125 146 1
109 110 1
137 148 1
37 88 1
63 144 1
3 14 1
57 108 1
142 33 1
87 118 1
92 53 1
13 104 1
82 23 1
125 46 1
49 140 1
43 104 1
142 133 1
8 129 1
59 40 1
98 109 1
114 85 1
46 17 1
107 138 1
38 19 1
88 9 1
17 28 1
134 95 1
119 50 1
139 110 1
94 35 1
61 32 1
94 75 1
108 19 1
5 66 1
79 40 1
118 69 1
98 69 1
35 146 1
87 78 1
29 90 1
78 59 1
67 18 1
47 138 1
85 56 1
56 37 1
68 139 1
92 63 1
12 143 1
75 6 1
116 107 1
32 143 1
26 97 1
73 144 1
116 47 1
29 40 1
117 108 1
103 84 1
53 74 1
132 63 1
12 113 1
99 80 1
67 48 1
40 149 1
71 142 1
89 100 1
58 129 1
45 36 1
82 103 1
125 6 1
39 120 1
11 92 1
147 78 1
48 89 1
65 106 1
74 135 1
22 53 1
53 14 1
96 97 1
99 10 1
102 83 1
122 23 1
98 89 1
94 25 1
41 52 1
7 118 1
88 19 1
16 97 1
101 92 1
72 93 1
18 129 1
77 58 1
39 110 1
27 38 1
49 40 1
101 82 1
92 133 1
51 52 1
49 80 1
146 137 1
21 112 1
99 120 1
56 117 1
53 124 1
93 104 1
67 138 1
21 132 1
96 37 1
97 118 1
92 73 1
55 36 1
13 4 1
84 65 1
48 39 1
123 64 1
126 67 1
99 140 1
39 40 1
66 57 1
146 67 1
147 18 1
65 56 1
59 140 1
65 116 1
37 128 1
61 102 1
27 28 1
93 24 1
3 134 1
129 130 1
108 59 1
36 97 1
31 72 1
39 80 1
36 127 1
105 66 1
1 52 1
117 78 1
49 10 1
139 130 1
104 95 1
56 127 1
137 88 1
37 138 1
47 148 1
16 67 1
0 71 1
18 49 1
13 134 1
138 19 1
134 125 1
130 149 1
15 26 1
84 145 1
17 98 1
47 68 1
92 93 1
53 114 1
47 88 1
22 43 1
13 54 1
2 43 1
36 37 1
1 92 1
73 134 1
14 75 1
31 102 1
127 148 1
76 97 1
122 13 1
65 96 1
94 105 1
63 124 1
68 69 1
39 30 1
125 136 1
66 17 1
123 14 1
144 105 1
36 57 1
34 75 1
38 49 1
136 7 1
11 72 1
74 105 1
32 83 1
84 95 1
133 44 1
104 125 1
98 29 1
34 35 1
138 119 1
144 125 1
58 9 1
95 116 1
71 12 1
95 26 1
88 49 1
27 8 1
38 99 1
109 100 1
26 7 1
74 85 1
114 25 1
106 57 1
33 14 1
47 38 1
28 49 1
127 18 1
45 76 1
108 79 1
32 113 1
108 119 1
116 67 1
105 26 1
71 72 1
17 108 1
3 74 1
28 69 1
145 86 1
56 47 1
5 46 1
28 79 1
37 8 1
24 105 1
103 14 1
105 136 1
105 96 1
58 89 1
45 106 1
104 15 1
1 132 1
3 104 1
92 123 1
71 92 1
41 72 1
89 40 1
97 148 1
92 83 1
21 52 1
114 65 1
93 4 1
23 134 1
46 147 1
44 115 1
129 120 1
124 55 1
63 24 1
74 55 1
118 29 1
118 89 1
44 35 1
5 76 1
142 53 1
65 16 1
67 148 1
121 12 1
141 42 1
115 16 1
87 28 1
26 107 1
52 13 1
145 136 1
135 136 1
144 95 1
79 140 1
141 52 1
83 34 1
11 22 1
139 80 1
31 92 1
19 40 1
55 96 1
8 39 1
92 33 1
36 137 1
32 93 1
52 93 1
126 57 1
141 102 1
116 57 1
138 69 1
23 74 1
93 64 1
106 7 1
133 104 1
56 67 1
35 76 1
23 24 1
34 95 1
128 39 1
133 4 1
33 4 1
63 104 1
109 60 1
64 25 1
114 45 1
141 72 1
115 106 1
23 34 1
147 58 1
44 25 1
39 130 1
78 79 1
129 50 1
121 82 1
133 24 1
52 143 1
145 126 1
38 29 1
131 112 1
65 146 1
9 100 1
42 23 1
126 37 1
123 144 1
2 83 1
136 107 1
97 108 1
39 140 1
77 28 1
45 116 1
85 96 1
35 46 1
102 123 1
36 117 1
66 127 1
78 69 1
65 66 1
23 14 1
96 127 1
82 133 1
38 119 1
8 29 1
106 77 1
28 119 1
106 147 1
148 99 1
119 30 1
91 82 1
78 129 1
43 44 1
129 10 1
69 130 1
46 107 1
53 134 1
68 119 1
14 65 1
71 22 1
76 87 1
13 34 1
121 132 1
61 92 1
141 62 1
24 25 1
66 147 1
148 19 1
82 83 1
15 126 1
112 53 1
103 54 1
77 98 1
32 33 1
54 75 1
7 108 1
83 14 1
56 57 1
51 142 1
4 115 1
6 57 1
127 138 1
82 73 1
83 124 1
129 40 1
148 129 1
12 33 1
98 59 1
14 25 1
123 124 1
94 65 1
101 52 1
32 133 1
29 120 1
48 19 1
134 75 1
51 132 1
46 47 1
24 35 1
71 42 1
113 144 1
48 129 1
145 6 1
64 35 1
104 85 1
19 10 1
31 122 1
74 15 1
105 76 1
29 30 1
134 45 1
74 45 1
91 142 1
122 123 1
13 84 1
39 10 1
126 137 1
114 135 1
2 63 1
33 104 1
79 90 1
34 105 1
45 126 1
113 14 1
27 98 1
146 37 1
133 64 1
101 142 1
145 56 1
124 15 1
136 47 1
55 126 1
16 7 1
83 84 1
39 100 1
103 124 1
13 114 1
61 122 1
43 34 1
24 5 1
14 15 1
7 48 1
121 142 1
73 104 1
61 72 1
67 68 1
35 16 1
33 24 1
36 17 1
126 97 1
81 52 1
47 98 1
53 24 1
6 117 1
51 12 1
106 67 1
73 64 1
52 53 1
122 63 1
125 86 1
31 22 1
86 137 1
16 137 1
55 26 1
64 105 1
131 62 1
9 20 1
28 129 1
88 129 1
109 20 1
9 130 1
73 114 1
121 42 1
53 34 1
22 103 1
116 127 1
54 15 1
16 47 1
13 24 1
25 26 1
1 142 1
102 113 1
57 78 1
98 9 1
99 30 1
83 64 1
67 98 1
5 16 1
15 6 1
135 46 1
136 127 1
144 145 1
11 32 1
14 145 1
117 128 1
9 40 1
13 14 1
48 99 1
67 108 1
55 146 1
42 103 1
131 82 1
1 72 1
112 43 1
57 48 1
81 102 1
9 90 1
86 67 1
38 109 1
75 116 1
106 17 1
29 60 1
89 130 1
113 24 1
24 95 1
113 44 1
97 58 1
91 72 1
134 115 1
31 112 1
44 5 1
17 128 1
43 94 1
41 42 1
112 83 1
37 78 1
138 29 1
57 88 1
113 34 1
58 39 1
41 2 1
76 127 1
72 13 1
12 13 1
126 17 1
35 126 1
112 3 1
109 10 1
72 43 1
129 90 1
91 42 1
96 7 1
43 64 1
136 27 1
6 87 1
63 114 1
59 130 1
66 37 1
106 137 1
108 9 1
147 38 1
1 102 1
139 30 1
143 14 1
101 12 1
145 16 1
69 110 1
64 95 1
48 139 1
114 5 1
98 139 1
103 94 1
62 123 1
111 42 1
35 96 1
19 50 1
145 36 1
39 20 1
116 137 1
147 28 1
113 84 1
142 113 1
6 77 1
77 18 1
91 102 1
112 143 1
27 148 1
17 38 1
27 118 1
4 25 1
44 125 1
37 68 1
39 60 1
83 24 1
47 58 1
54 95 1
144 15 1
143 104 1
68 109 1
147 68 1
54 5 1
74 65 1
141 122 1
17 148 1
68 49 1
74 125 1
49 90 1
22 23 1
136 137 1
79 70 1
65 36 1
24 115 1
89 120 1
124 135 1
51 72 1
68 59 1
135 76 1
124 145 1
58 49 1
56 137 1
116 17 1
79 110 1
72 63 1
17 88 1
18 89 1
127 68 1
21 12 1
66 87 1
64 85 1
115 136 1
76 117 1
69 20 1
87 98 1
51 22 1
83 114 1
91 62 1
52 3 1
143 134 1
138 39 1
103 64 1
119 130 1
95 136 1
124 5 1
4 55 1
118 59 1
16 117 1
76 27 1
65 86 1
17 78 1
148 59 1
2 103 1
148 79 1
115 66 1
7 128 1
19 140 1
8 89 1
114 15 1
97 48 1
61 2 1
99 40 1
41 12 1
118 39 1
47 128 1
84 135 1
64 115 1
69 10 1
28 89 1
95 76 1
85 66 1
85 6 1
68 79 1
101 72 1
38 79 1
75 26 1
4 125 1
29 100 1
144 5 1
22 63 1
36 147 1
101 32 1
88 79 1
34 55 1
24 125 1
4 145 1
112 123 1
33 34 1
34 125 1
23 54 1
5 86 1
104 5 1
5 26 1
148 49 1
74 75 1
69 90 1
119 110 1
104 105 1
97 28 1
46 7 1
31 82 1
18 29 1
32 123 1
7 38 1
68 29 1
3 44 1
91 92 1
104 35 1
54 105 1
115 26 1
111 12 1
84 45 1
5 56 1
123 114 1
18 99 1
143 54 1
44 85 1
76 57 1
84 35 1
71 32 1
21 142 1
7 68 1
19 120 1
101 22 1
146 27 1
17 18 1
61 62 1
97 78 1
49 130 1
135 116 1
86 87 1
85 86 1
36 47 1
25 116 1
133 54 1
61 142 1
28 29 1
134 15 1
109 40 1
53 144 1
27 128 1
92 23 1
129 30 1
45 26 1
93 74 1
43 124 1
134 65 1
104 115 1
14 115 1
19 130 1
64 75 1
99 130 1
139 50 1
23 124 1
44 105 1
71 62 1
121 52 1
24 85 1
145 116 1
101 112 1
142 13 1
46 97 1
6 27 1
82 113 1
68 99 1
138 139 1
78 119 1
16 17 1
45 136 1
81 32 1
23 114 1
86 77 1
89 10 1
37 98 1
56 17 1
3 124 1
131 132 1
147 88 1
25 16 1
134 85 1
26 137 1
33 134 1
124 105 1
58 79 1
142 83 1
42 3 1
113 134 1
26 127 1
17 68 1
107 118 1
62 3 1
83 144 1
25 136 1
27 78 1
141 2 1
127 38 1
15 116 1
22 93 1
73 4 1
52 133 1
84 125 1
108 89 1
79 30 1
119 10 1
107 98 1
4 45 1
74 145 1
98 79 1
119 40 1
84 115 1
57 138 1
77 78 1
11 12 1
103 34 1
65 46 1
95 96 1
14 45 1
39 70 1
85 36 1
132 3 1
57 98 1
111 2 1
82 53 1
86 97 1
57 58 1
117 58 1
128 9 1
135 86 1
141 132 1
108 29 1
9 70 1
48 9 1
119 20 1
78 19 1
124 25 1
124 85 1
91 2 1
76 137 1
142 73 1
121 102 1
111 52 1
133 134 1
51 122 1
64 125 1
62 113 1
63 34 1
22 13 1
51 112 1
29 70 1
69 30 1
87 138 1
122 53 1
91 32 1
12 83 1
63 134 1
116 77 1
62 33 1
107 38 1
41 82 1
92 103 1
26 117 1
77 128 1
78 139 1
19 30 1
25 96 1
96 47 1
48 109 1
51 92 1
59 70 1
91 22 1
79 100 1
49 30 1
45 66 1
91 112 1
47 8 1
76 77 1
128 69 1
127 88 1
129 60 1
86 37 1
105 56 1
66 67 1
19 20 1
117 48 1
99 100 1
34 15 1
3 144 1
118 119 1
147 48 1
128 109 1
131 142 1
58 99 1
125 96 1
77 138 1
2 13 1
72 113 1
13 74 1
123 74 1
111 132 1
66 117 1
24 145 1
44 55 1
133 124 1
135 16 1
105 16 1
122 83 1
146 147 1
