150 1700
0 77 1
77 115 1
115 122 1
122 88 1
88 128 1
128 8 1
8 39 1
39 66 1
66 46 1
46 25 1
25 84 1
84 100 1
100 34 1
34 142 1
142 28 1
28 26 1
26 63 1
63 80 1
80 35 1
35 104 1
104 58 1
58 42 1
42 82 1
82 23 1
23 113 1
113 31 1
31 45 1
45 86 1
86 16 1
16 87 1
87 83 1
83 10 1
10 118 1
118 47 1
47 117 1
117 20 1
20 40 1
40 90 1
90 131 1
131 98 1
98 94 1
94 95 1
95 21 1
21 38 1
38 53 1
53 97 1
97 41 1
41 139 1
139 48 1
48 149 1
119 101 1
127 0 1
38 81 1
131 50 1
51 119 1
104 120 1
98 100 1
7 9 1
123 90 1
9 79 1
52 34 1
102 64 1
97 140 1
127 124 1
126 101 1
133 36 1
72 26 1
65 130 1
138 71 1
44 78 1
61 109 1
6 58 1
64 14 1
5 100 1
15 97 1
9 127 1
121 32 1
28 29 1
65 98 1
98 27 1
25 6 1
86 35 1
2 87 1
52 30 1
66 134 1
72 95 1
43 11 1
120 35 1
109 48 1
51 21 1
119 2 1
53 116 1
98 127 1
127 131 1
21 109 1
70 126 1
112 11 1
44 75 1
147 148 1
50 44 1
113 52 1
96 97 1
31 148 1
94 116 1
72 29 1
16 95 1
144 87 1
20 110 1
34 102 1
142 129 1
60 108 1
51 68 1
36 54 1
54 113 1
123 40 1
13 66 1
111 103 1
71 83 1
18 19 1
73 134 1
75 55 1
135 0 1
144 123 1
70 7 1
123 105 1
126 92 1
78 93 1
56 31 1
101 60 1
66 53 1
105 15 1
16 46 1
115 102 1
103 62 1
126 99 1
115 96 1
12 8 1
42 146 1
23 130 1
103 92 1
48 72 1
135 90 1
72 58 1
77 109 1
146 55 1
45 19 1
11 73 1
138 76 1
33 11 1
82 80 1
2 105 1
134 70 1
36 95 1
26 66 1
130 67 1
24 8 1
98 130 1
44 87 1
120 95 1
137 14 1
109 88 1
140 129 1
121 57 1
115 48 1
120 67 1
128 93 1
145 30 1
116 66 1
54 29 1
23 140 1
78 127 1
130 98 1
66 138 1
90 109 1
124 42 1
89 60 1
78 44 1
141 41 1
109 64 1
91 34 1
3 125 1
79 149 1
69 27 1
27 24 1
149 139 1
75 81 1
141 123 1
51 30 1
1 146 1
69 11 1
101 44 1
124 77 1
26 132 1
38 66 1
53 18 1
115 112 1
92 68 1
116 77 1
109 103 1
106 61 1
27 9 1
38 109 1
11 135 1
126 79 1
27 85 1
52 72 1
79 13 1
121 1 1
119 75 1
121 24 1
72 80 1
123 113 1
9 120 1
78 3 1
48 122 1
1 24 1
102 7 1
77 22 1
86 102 1
124 75 1
11 48 1
55 120 1
143 105 1
2 19 1
55 124 1
60 4 1
54 141 1
112 43 1
60 31 1
62 23 1
67 8 1
133 42 1
36 101 1
107 47 1
48 63 1
17 53 1
130 79 1
135 65 1
110 60 1
54 11 1
133 93 1
58 106 1
134 68 1
46 138 1
11 97 1
23 6 1
125 50 1
49 132 1
83 110 1
54 143 1
50 19 1
11 114 1
20 34 1
145 54 1
75 28 1
42 142 1
19 113 1
126 140 1
143 49 1
59 110 1
88 62 1
33 106 1
45 15 1
62 122 1
111 81 1
55 25 1
37 148 1
36 47 1
129 36 1
76 13 1
135 107 1
35 93 1
147 114 1
127 123 1
70 11 1
8 92 1
15 8 1
143 48 1
27 145 1
29 2 1
105 95 1
95 145 1
50 51 1
112 34 1
70 57 1
99 107 1
11 100 1
69 117 1
107 141 1
148 10 1
15 146 1
116 83 1
8 52 1
138 4 1
43 130 1
32 81 1
15 28 1
82 73 1
13 125 1
118 49 1
132 14 1
144 120 1
42 92 1
140 138 1
18 117 1
60 115 1
2 117 1
87 117 1
47 85 1
71 41 1
94 76 1
123 71 1
109 61 1
144 84 1
130 132 1
81 136 1
66 93 1
37 75 1
126 98 1
144 7 1
72 121 1
132 75 1
5 4 1
71 135 1
104 52 1
14 134 1
82 144 1
6 88 1
134 12 1
14 34 1
28 85 1
137 98 1
35 32 1
86 24 1
55 85 1
36 55 1
20 116 1
19 128 1
1 14 1
72 118 1
40 117 1
116 136 1
51 124 1
131 147 1
44 142 1
44 131 1
74 79 1
47 0 1
1 44 1
133 78 1
105 55 1
22 65 1
110 0 1
64 28 1
86 130 1
98 125 1
62 13 1
142 146 1
134 42 1
62 69 1
6 120 1
129 5 1
87 37 1
117 105 1
8 99 1
134 142 1
143 1 1
117 43 1
91 131 1
132 26 1
149 41 1
11 127 1
95 104 1
76 55 1
149 35 1
90 88 1
84 52 1
96 75 1
56 79 1
38 106 1
88 13 1
75 67 1
141 15 1
71 48 1
133 104 1
106 43 1
132 24 1
112 77 1
120 32 1
68 114 1
144 27 1
62 56 1
8 138 1
81 102 1
21 24 1
147 127 1
86 103 1
56 108 1
127 59 1
9 130 1
124 120 1
68 32 1
92 87 1
26 93 1
122 112 1
19 110 1
56 26 1
11 145 1
17 14 1
30 16 1
148 76 1
57 42 1
111 73 1
31 35 1
115 69 1
9 149 1
90 5 1
106 77 1
34 30 1
90 37 1
19 84 1
72 126 1
134 103 1
63 52 1
125 85 1
32 96 1
70 10 1
139 25 1
44 18 1
103 100 1
65 138 1
7 15 1
112 52 1
68 130 1
66 112 1
108 112 1
104 108 1
13 94 1
100 111 1
75 127 1
11 45 1
84 24 1
59 25 1
98 61 1
122 62 1
81 97 1
124 102 1
75 115 1
126 131 1
98 83 1
45 48 1
11 133 1
101 46 1
20 147 1
93 86 1
139 122 1
141 95 1
37 8 1
112 86 1
66 109 1
101 138 1
55 94 1
130 78 1
143 32 1
14 128 1
10 0 1
22 109 1
141 88 1
83 68 1
20 117 1
36 76 1
0 3 1
57 133 1
53 14 1
140 12 1
1 122 1
111 93 1
122 4 1
101 21 1
15 118 1
114 63 1
44 103 1
91 84 1
49 66 1
53 93 1
39 4 1
145 80 1
112 140 1
32 53 1
118 8 1
59 146 1
36 116 1
124 15 1
119 17 1
54 109 1
87 75 1
27 29 1
11 43 1
109 26 1
15 70 1
42 129 1
15 58 1
14 27 1
117 63 1
62 103 1
51 138 1
103 40 1
20 13 1
121 95 1
135 59 1
64 141 1
24 61 1
49 63 1
36 85 1
128 13 1
105 52 1
117 38 1
112 119 1
34 23 1
76 144 1
31 114 1
55 100 1
111 63 1
57 21 1
27 72 1
95 13 1
49 76 1
134 29 1
88 148 1
57 51 1
145 131 1
20 48 1
133 27 1
50 102 1
85 130 1
110 30 1
147 60 1
113 50 1
89 38 1
88 15 1
129 128 1
106 4 1
120 146 1
124 142 1
60 65 1
71 85 1
121 28 1
102 47 1
74 59 1
86 33 1
1 102 1
98 138 1
60 53 1
121 12 1
135 108 1
73 96 1
35 106 1
4 82 1
18 120 1
50 53 1
7 113 1
145 40 1
38 117 1
66 85 1
136 135 1
37 13 1
22 54 1
112 70 1
136 79 1
33 37 1
136 125 1
101 141 1
115 12 1
1 145 1
81 115 1
133 6 1
28 13 1
90 75 1
30 13 1
15 4 1
99 21 1
81 43 1
130 62 1
108 16 1
89 144 1
149 90 1
96 147 1
118 145 1
81 109 1
37 97 1
69 21 1
0 137 1
32 33 1
36 34 1
57 144 1
20 22 1
65 107 1
81 141 1
56 71 1
139 143 1
13 67 1
8 83 1
26 18 1
3 69 1
68 3 1
5 89 1
0 78 1
64 8 1
79 70 1
35 94 1
39 15 1
119 137 1
32 55 1
70 146 1
142 126 1
57 37 1
86 136 1
131 32 1
35 111 1
106 118 1
106 9 1
90 108 1
103 86 1
132 94 1
28 50 1
70 92 1
104 33 1
22 89 1
119 126 1
75 9 1
88 114 1
48 124 1
112 45 1
135 142 1
11 90 1
80 141 1
39 37 1
98 50 1
16 34 1
101 50 1
136 139 1
126 127 1
6 134 1
0 19 1
130 141 1
106 144 1
56 128 1
21 71 1
91 112 1
106 11 1
15 122 1
2 7 1
106 78 1
141 16 1
16 43 1
25 119 1
64 147 1
76 59 1
140 96 1
61 97 1
64 56 1
29 73 1
22 144 1
73 93 1
140 132 1
6 37 1
66 40 1
116 42 1
130 83 1
74 33 1
22 11 1
73 65 1
72 92 1
60 13 1
16 30 1
59 149 1
9 19 1
121 27 1
142 14 1
32 84 1
43 58 1
143 54 1
40 63 1
147 52 1
71 38 1
1 80 1
41 61 1
49 45 1
18 4 1
72 63 1
136 101 1
111 42 1
144 65 1
146 110 1
50 56 1
79 50 1
32 40 1
42 106 1
8 137 1
4 83 1
43 148 1
51 112 1
93 8 1
24 97 1
125 86 1
13 123 1
96 19 1
26 122 1
107 101 1
116 102 1
39 11 1
104 93 1
103 74 1
119 80 1
126 30 1
65 115 1
69 22 1
72 70 1
145 44 1
59 57 1
44 101 1
146 14 1
59 58 1
114 90 1
42 59 1
136 82 1
81 54 1
140 143 1
123 140 1
140 4 1
11 102 1
41 133 1
26 68 1
69 28 1
17 97 1
139 104 1
27 92 1
146 95 1
8 93 1
114 67 1
125 134 1
24 14 1
67 100 1
76 56 1
132 20 1
31 42 1
67 97 1
69 89 1
63 60 1
60 66 1
80 39 1
5 128 1
119 21 1
14 13 1
23 11 1
20 55 1
145 10 1
24 140 1
146 90 1
106 42 1
28 79 1
83 122 1
121 106 1
29 18 1
145 88 1
115 50 1
132 29 1
120 66 1
76 10 1
26 115 1
91 30 1
47 93 1
2 114 1
12 55 1
136 46 1
68 126 1
117 11 1
125 142 1
139 45 1
49 70 1
16 145 1
47 107 1
39 14 1
146 74 1
13 121 1
108 47 1
85 115 1
22 104 1
56 119 1
25 69 1
84 50 1
98 60 1
0 145 1
84 116 1
90 103 1
10 67 1
8 91 1
15 56 1
136 10 1
85 51 1
33 47 1
129 42 1
40 79 1
114 25 1
129 32 1
114 55 1
96 85 1
49 107 1
110 17 1
27 121 1
59 72 1
73 51 1
14 68 1
59 19 1
133 47 1
19 114 1
106 47 1
47 65 1
10 52 1
71 129 1
45 103 1
33 103 1
28 1 1
142 134 1
107 55 1
39 96 1
125 136 1
110 7 1
28 24 1
2 113 1
142 15 1
72 93 1
53 117 1
115 137 1
76 28 1
88 101 1
127 85 1
15 103 1
43 15 1
60 121 1
91 148 1
108 140 1
4 68 1
118 52 1
2 60 1
19 147 1
120 105 1
138 106 1
77 3 1
146 81 1
35 59 1
127 99 1
56 78 1
88 137 1
93 85 1
93 34 1
130 137 1
67 116 1
64 102 1
144 43 1
133 92 1
121 7 1
134 66 1
12 96 1
110 123 1
110 78 1
119 76 1
105 65 1
90 115 1
72 86 1
147 134 1
113 72 1
146 117 1
67 147 1
116 41 1
38 123 1
49 80 1
28 84 1
136 13 1
143 35 1
27 99 1
89 117 1
55 35 1
110 47 1
124 140 1
90 58 1
34 62 1
112 31 1
62 107 1
71 30 1
141 44 1
98 70 1
12 65 1
39 133 1
61 82 1
109 92 1
115 43 1
105 10 1
50 85 1
46 136 1
31 101 1
18 148 1
60 86 1
78 113 1
69 149 1
120 111 1
111 95 1
107 18 1
3 87 1
29 65 1
146 17 1
93 136 1
108 103 1
110 24 1
82 79 1
124 135 1
28 53 1
0 108 1
27 120 1
22 26 1
86 137 1
71 77 1
44 43 1
88 111 1
42 133 1
110 10 1
74 22 1
30 21 1
132 81 1
10 68 1
5 0 1
37 105 1
74 46 1
78 119 1
92 88 1
18 66 1
53 15 1
119 60 1
91 110 1
59 84 1
126 114 1
147 122 1
45 68 1
27 4 1
71 24 1
57 104 1
25 87 1
144 48 1
70 58 1
114 92 1
141 66 1
97 38 1
134 24 1
57 113 1
124 113 1
60 0 1
133 28 1
82 125 1
24 66 1
99 73 1
53 101 1
9 45 1
128 103 1
115 33 1
53 94 1
38 43 1
98 5 1
83 78 1
40 124 1
114 119 1
54 90 1
41 0 1
116 137 1
33 5 1
55 141 1
75 142 1
80 123 1
120 34 1
49 106 1
70 138 1
35 54 1
106 59 1
68 36 1
89 26 1
36 145 1
41 136 1
123 120 1
74 64 1
51 146 1
102 126 1
92 89 1
82 24 1
75 113 1
22 128 1
114 94 1
115 89 1
61 50 1
20 35 1
8 116 1
138 21 1
72 117 1
88 50 1
111 43 1
59 13 1
105 117 1
92 136 1
32 145 1
98 80 1
146 33 1
146 50 1
20 126 1
88 129 1
31 0 1
16 70 1
117 82 1
77 87 1
57 107 1
80 65 1
96 55 1
14 79 1
142 110 1
66 8 1
135 29 1
97 74 1
70 143 1
44 96 1
115 13 1
76 107 1
72 56 1
16 63 1
96 9 1
84 93 1
113 139 1
67 28 1
59 34 1
148 122 1
7 123 1
122 98 1
132 130 1
97 142 1
61 14 1
78 14 1
49 88 1
125 93 1
31 81 1
14 19 1
109 137 1
73 116 1
109 58 1
22 74 1
65 142 1
48 111 1
29 32 1
29 75 1
138 104 1
105 54 1
57 27 1
10 70 1
59 56 1
30 65 1
42 28 1
31 142 1
35 19 1
129 85 1
108 114 1
61 124 1
42 4 1
132 57 1
46 130 1
134 71 1
76 138 1
42 120 1
58 65 1
65 51 1
4 59 1
27 93 1
6 127 1
97 146 1
13 92 1
12 7 1
58 140 1
89 122 1
93 10 1
22 16 1
55 67 1
17 146 1
13 84 1
30 131 1
38 30 1
30 107 1
103 115 1
124 104 1
17 148 1
15 99 1
125 22 1
69 62 1
11 62 1
77 69 1
57 59 1
88 108 1
80 66 1
104 122 1
117 100 1
131 84 1
107 20 1
71 112 1
43 3 1
70 135 1
63 49 1
20 1 1
87 15 1
128 122 1
134 27 1
113 11 1
11 25 1
28 124 1
102 60 1
59 11 1
99 139 1
67 78 1
41 116 1
25 43 1
146 133 1
66 33 1
19 23 1
64 47 1
81 76 1
133 131 1
96 131 1
107 45 1
92 143 1
29 23 1
63 85 1
67 2 1
28 60 1
106 13 1
7 131 1
44 70 1
92 10 1
95 92 1
65 18 1
132 102 1
126 148 1
0 33 1
141 91 1
15 45 1
147 67 1
52 113 1
2 8 1
25 75 1
67 111 1
101 47 1
74 38 1
101 52 1
44 74 1
40 70 1
43 41 1
139 108 1
67 6 1
35 0 1
38 143 1
108 126 1
116 107 1
137 44 1
114 9 1
98 129 1
72 99 1
79 12 1
22 61 1
41 6 1
13 145 1
68 31 1
44 48 1
29 132 1
50 34 1
73 46 1
8 111 1
40 30 1
95 90 1
93 91 1
106 35 1
140 27 1
27 21 1
42 126 1
101 102 1
105 50 1
94 137 1
56 72 1
97 89 1
148 49 1
86 74 1
144 23 1
144 58 1
47 76 1
133 73 1
33 109 1
122 140 1
90 51 1
1 58 1
100 58 1
68 137 1
105 11 1
114 69 1
4 35 1
65 119 1
24 145 1
74 113 1
7 125 1
56 123 1
107 41 1
92 76 1
82 75 1
98 62 1
10 80 1
29 111 1
39 89 1
135 25 1
119 105 1
32 87 1
61 32 1
4 36 1
144 40 1
67 63 1
130 95 1
30 43 1
145 4 1
63 72 1
50 57 1
118 68 1
107 68 1
60 81 1
121 68 1
105 75 1
49 2 1
83 114 1
109 63 1
133 52 1
44 35 1
79 139 1
116 124 1
25 115 1
99 106 1
31 89 1
96 65 1
62 31 1
71 34 1
7 26 1
2 120 1
49 92 1
73 20 1
22 31 1
130 34 1
114 76 1
112 48 1
116 99 1
105 127 1
149 70 1
43 52 1
135 50 1
0 139 1
76 64 1
74 122 1
101 142 1
12 67 1
143 73 1
111 123 1
42 9 1
107 62 1
137 27 1
108 3 1
133 29 1
70 9 1
12 115 1
12 91 1
70 94 1
144 36 1
93 123 1
32 23 1
24 126 1
51 37 1
66 141 1
57 111 1
74 82 1
57 147 1
30 141 1
97 111 1
87 2 1
56 124 1
4 99 1
25 134 1
36 88 1
54 23 1
134 47 1
57 6 1
61 90 1
137 23 1
91 40 1
69 32 1
64 39 1
107 39 1
89 146 1
28 107 1
33 81 1
29 142 1
141 127 1
1 17 1
78 41 1
47 38 1
91 108 1
62 76 1
61 47 1
4 39 1
132 83 1
123 92 1
66 133 1
26 100 1
33 52 1
34 132 1
6 96 1
143 57 1
26 141 1
14 107 1
99 62 1
43 48 1
117 87 1
27 28 1
138 110 1
17 120 1
24 49 1
58 104 1
21 119 1
7 96 1
53 42 1
81 137 1
96 29 1
72 84 1
7 54 1
2 39 1
37 95 1
102 121 1
32 51 1
110 139 1
59 135 1
62 4 1
4 42 1
92 132 1
105 0 1
23 54 1
65 80 1
127 86 1
136 43 1
76 57 1
141 122 1
38 32 1
30 129 1
115 14 1
73 102 1
110 23 1
121 108 1
129 55 1
129 137 1
33 144 1
91 147 1
123 51 1
138 115 1
71 20 1
19 83 1
19 99 1
103 76 1
43 18 1
15 136 1
114 36 1
108 141 1
109 45 1
75 3 1
119 28 1
85 103 1
52 149 1
55 80 1
49 11 1
68 132 1
83 81 1
64 34 1
95 91 1
57 64 1
87 18 1
96 38 1
71 73 1
62 16 1
143 130 1
129 140 1
66 70 1
100 12 1
48 0 1
15 108 1
127 74 1
29 5 1
74 78 1
111 22 1
141 106 1
54 41 1
79 87 1
116 26 1
88 18 1
83 96 1
117 114 1
143 98 1
12 126 1
62 10 1
32 62 1
148 110 1
57 52 1
100 6 1
22 50 1
110 81 1
148 147 1
48 25 1
114 10 1
79 145 1
45 31 1
95 147 1
50 144 1
16 124 1
84 55 1
90 0 1
122 148 1
120 96 1
4 47 1
110 27 1
3 42 1
52 107 1
34 60 1
90 7 1
127 44 1
38 95 1
101 115 1
141 79 1
92 84 1
18 95 1
32 29 1
87 26 1
108 111 1
99 75 1
105 41 1
48 133 1
71 61 1
66 43 1
33 63 1
35 49 1
31 111 1
122 61 1
12 88 1
61 67 1
45 121 1
124 146 1
89 37 1
45 26 1
20 130 1
65 141 1
21 5 1
117 136 1
4 116 1
142 1 1
42 99 1
106 37 1
60 133 1
89 130 1
48 127 1
58 6 1
70 48 1
14 15 1
23 135 1
116 70 1
57 0 1
38 3 1
78 40 1
120 94 1
46 1 1
114 72 1
12 124 1
10 103 1
7 95 1
27 30 1
24 76 1
93 108 1
138 53 1
125 133 1
80 46 1
143 37 1
102 146 1
92 50 1
39 147 1
7 134 1
48 18 1
62 146 1
145 7 1
65 63 1
76 42 1
45 79 1
109 5 1
66 32 1
99 76 1
0 81 1
21 64 1
45 33 1
35 128 1
133 69 1
142 141 1
43 109 1
69 111 1
6 31 1
29 126 1
136 132 1
89 104 1
136 57 1
0 114 1
124 63 1
83 28 1
73 98 1
138 134 1
56 137 1
29 93 1
107 81 1
107 115 1
105 61 1
23 25 1
115 57 1
52 129 1
74 126 1
136 29 1
119 146 1
83 111 1
60 23 1
61 19 1
94 119 1
99 82 1
29 43 1
137 97 1
113 13 1
120 11 1
1 124 1
91 104 1
78 97 1
135 119 1
61 144 1
60 11 1
127 55 1
15 75 1
77 135 1
123 61 1
113 133 1
98 3 1
47 28 1
82 14 1
91 36 1
110 88 1
65 91 1
58 144 1
137 59 1
13 74 1
77 30 1
109 34 1
42 74 1
104 75 1
134 96 1
143 78 1
66 61 1
75 132 1
43 5 1
58 110 1
36 49 1
31 2 1
10 135 1
136 143 1
82 148 1
15 127 1
52 47 1
60 44 1
37 106 1
0 121 1
68 48 1
83 100 1
125 103 1
110 82 1
67 1 1
120 85 1
6 47 1
80 56 1
129 25 1
0 83 1
146 104 1
10 113 1
146 92 1
104 19 1
18 48 1
28 126 1
127 128 1
69 140 1
123 101 1
111 29 1
137 13 1
142 119 1
147 95 1
96 4 1
103 70 1
148 44 1
119 16 1
13 65 1
129 141 1
101 139 1
83 63 1
122 14 1
130 14 1
18 34 1
80 7 1
84 123 1
91 45 1
84 57 1
143 118 1
35 142 1
120 82 1
2 89 1
111 138 1
102 112 1
124 91 1
92 30 1
61 49 1
32 136 1
146 41 1
59 49 1
41 58 1
84 32 1
144 116 1
115 0 1
146 115 1
16 89 1
28 67 1
133 70 1
73 50 1
135 132 1
128 143 1
56 147 1
67 95 1
8 32 1
13 45 1
78 79 1
145 83 1
56 32 1
12 89 1
32 129 1
82 28 1
87 123 1
78 80 1
136 7 1
26 32 1
62 118 1
91 143 1
13 116 1
136 102 1
29 10 1
129 21 1
20 31 1
64 32 1
53 130 1
79 82 1
55 125 1
129 45 1
128 67 1
50 15 1
67 106 1
5 148 1
98 65 1
49 104 1
71 37 1
98 102 1
105 63 1
54 50 1
146 144 1
129 80 1
101 91 1
59 0 1
105 123 1
36 4 1
53 99 1
83 98 1
99 85 1
106 39 1
10 141 1
71 90 1
124 46 1
89 74 1
148 67 1
62 120 1
12 94 1
140 20 1
61 41 1
102 111 1
41 55 1
47 48 1
81 74 1
