500 8300
0 1 38
1 2 27
2 16 9
16 37 48
37 38 56
38 70 46
70 85 70
85 95 78
95 119 77
119 138 97
138 148 93
148 192 52
192 270 55
270 276 64
276 358 57
358 420 14
420 426 81
426 428 52
428 469 41
469 499 56
35 197 65
27 228 67
187 389 67
16 344 17
10 403 13
130 180 47
14 288 32
213 444 99
316 367 71
163 253 8
129 209 74
99 254 82
357 389 46
155 331 92
91 168 15
177 349 46
283 409 25
60 492 11
179 422 58
51 208 21
271 324 78
130 355 14
298 425 35
32 431 50
80 191 48
169 206 8
316 325 4
182 374 84
214 418 47
270 472 92
153 420 95
161 293 51
125 324 70
34 176 70
175 451 78
27 56 80
63 277 70
58 75 69
128 352 78
103 307 25
406 444 55
86 244 98
78 90 43
343 382 6
190 202 83
11 196 80
168 272 30
42 376 67
307 444 24
11 138 71
271 382 8
176 256 96
74 241 75
63 411 90
381 427 87
122 132 65
291 450 13
239 337 87
172 301 48
6 319 53
46 234 47
36 260 75
348 365 14
167 255 60
51 180 64
126 480 9
74 153 14
57 169 80
18 283 89
93 344 90
44 165 13
156 244 58
11 416 39
40 256 48
135 404 80
274 489 89
104 434 66
35 303 97
206 472 34
19 49 26
303 437 66
192 207 19
189 235 41
131 254 94
316 353 96
158 393 68
30 149 78
405 449 89
7 376 95
77 310 14
304 315 52
47 274 41
277 394 50
244 389 90
44 370 63
365 429 43
105 323 79
296 330 52
88 395 61
94 309 33
479 494 49
161 324 31
65 252 25
311 412 88
140 283 40
128 217 36
118 395 52
345 464 7
116 457 61
100 220 8
143 170 18
322 440 56
184 243 75
13 46 71
382 409 62
133 308 82
143 293 63
189 311 69
297 302 9
318 424 78
163 267 34
301 371 66
234 312 79
23 435 56
340 413 8
226 346 73
11 112 74
231 332 58
147 400 6
23 462 18
175 376 29
238 359 74
5 214 10
15 91 50
71 205 11
39 162 84
173 303 44
30 447 37
162 278 60
31 163 50
24 478 27
206 419 56
11 220 84
235 378 66
16 135 24
415 460 45
69 413 86
36 470 30
278 305 21
255 433 50
29 154 50
56 340 45
134 410 77
40 263 3
263 486 1
133 214 76
67 361 94
108 438 33
0 22 77
263 264 14
196 256 6
63 275 64
75 465 54
132 166 2
407 429 77
298 309 26
244 354 61
15 296 5
36 142 19
20 416 23
114 493 84
265 452 8
87 254 98
112 400 10
73 392 83
96 332 41
30 452 80
43 104 10
8 373 27
61 328 67
23 130 28
278 398 95
141 162 29
126 360 15
82 92 51
59 86 24
374 439 35
283 399 69
301 416 6
294 389 50
81 302 43
325 455 62
350 427 14
139 359 48
350 460 32
322 344 46
24 101 69
59 402 98
363 373 9
98 427 38
204 317 46
158 312 28
118 121 42
205 449 94
227 297 71
23 182 100
152 284 86
174 222 4
320 415 46
161 429 84
109 181 19
259 382 100
331 474 12
100 449 45
371 486 79
298 330 34
59 413 59
59 93 83
93 321 31
156 468 70
207 334 37
63 334 3
41 429 44
217 319 22
208 434 69
293 488 25
198 223 90
145 379 81
122 294 9
114 410 79
99 153 98
235 437 63
96 183 66
28 450 37
231 276 76
87 410 41
158 185 33
52 478 31
374 403 3
246 343 5
67 139 35
216 421 80
53 408 30
246 404 78
36 319 6
276 498 22
427 450 3
70 320 19
55 470 70
411 492 71
44 92 4
168 179 23
48 247 60
117 175 85
60 460 55
43 114 49
86 110 43
144 421 99
284 398 20
270 455 90
300 465 55
147 472 88
219 362 71
132 389 93
3 445 60
312 337 76
459 468 31
132 436 21
285 386 4
232 442 27
266 477 10
51 167 4
388 397 100
151 385 56
90 260 99
262 346 56
23 61 20
171 402 39
37 123 45
128 462 16
289 449 12
122 144 79
279 390 35
76 427 72
312 349 73
102 290 78
402 423 30
75 353 22
7 139 34
24 120 10
110 429 57
88 209 7
176 266 80
107 142 2
85 253 46
151 177 31
161 225 34
130 420 95
29 426 56
293 461 66
150 435 26
246 376 87
156 297 44
400 452 12
206 284 65
194 338 94
240 301 63
362 458 96
168 206 22
95 362 37
117 472 23
164 475 31
43 144 86
103 327 88
37 401 65
182 386 31
134 458 15
139 378 66
402 442 15
238 484 45
195 332 19
195 469 96
352 447 4
1 379 40
97 103 68
103 176 63
45 287 29
368 413 79
25 418 40
144 472 39
266 408 1
208 247 77
146 453 43
316 363 60
15 354 65
148 185 50
21 428 67
18 217 54
178 386 6
330 346 74
364 456 26
44 264 74
24 481 88
41 372 7
90 355 69
307 312 41
277 296 95
128 255 19
20 109 19
39 441 54
166 492 31
16 438 73
305 381 6
433 472 100
253 481 36
129 341 67
301 374 7
194 465 73
124 386 12
83 416 57
324 398 12
38 331 78
137 169 80
99 437 93
110 238 72
74 102 95
307 425 99
172 357 58
106 335 69
85 135 18
88 93 61
194 336 1
85 350 17
17 299 6
13 223 9
35 181 92
177 311 31
358 463 77
150 331 62
150 208 55
86 432 30
319 436 2
397 464 36
98 188 29
206 490 93
198 212 1
214 272 77
267 472 74
169 174 73
82 210 7
259 338 91
82 302 91
118 403 36
218 251 71
207 405 34
6 220 67
110 431 73
195 234 19
25 163 8
14 399 49
209 468 24
260 475 74
90 456 65
442 458 27
152 370 9
22 458 48
49 381 19
367 410 86
82 123 19
40 88 58
407 483 57
4 214 76
16 314 97
350 465 78
71 469 85
286 390 23
44 104 37
93 466 31
128 271 23
89 233 51
252 434 13
251 318 43
58 203 96
14 313 40
110 259 84
232 301 59
97 286 98
77 401 15
127 385 65
156 426 1
49 429 74
398 468 22
101 188 52
117 430 4
232 395 46
162 350 14
420 461 83
258 481 96
334 496 87
25 419 39
0 262 52
381 431 47
214 310 87
137 198 44
37 66 4
403 439 58
266 474 61
225 436 54
32 375 7
149 481 71
107 406 49
198 468 37
340 402 85
23 149 82
42 335 30
157 444 88
266 447 92
317 372 53
362 489 90
352 386 16
149 416 94
341 399 67
24 145 91
55 392 76
211 489 59
354 379 48
338 388 56
107 420 9
288 352 5
11 51 3
383 452 43
247 250 73
262 465 93
54 433 95
467 496 64
217 483 17
51 391 15
52 254 95
5 305 16
200 275 81
2 441 33
355 388 72
81 355 47
463 476 59
159 488 73
208 410 31
298 321 39
309 359 56
63 256 3
156 269 70
131 289 31
80 371 72
90 310 64
134 310 73
162 167 69
277 445 13
224 378 7
197 302 34
80 120 57
12 190 92
81 295 12
134 432 35
403 424 17
37 458 70
84 300 94
207 344 79
378 443 73
204 481 60
18 247 67
8 111 25
289 430 16
272 367 42
74 270 72
228 289 48
348 462 14
132 278 87
243 363 22
260 340 12
419 420 24
212 361 62
436 456 6
175 211 15
24 253 90
164 406 56
163 335 91
110 223 23
168 295 48
197 477 74
381 403 88
315 433 31
133 241 68
301 481 54
304 337 75
208 376 51
105 333 90
49 188 82
94 117 47
164 447 66
242 477 80
196 443 77
20 40 58
231 317 10
63 385 56
114 283 16
271 496 10
197 378 69
302 462 6
91 404 2
18 224 95
2 166 2
208 364 36
0 70 50
49 324 21
118 425 24
136 190 42
50 255 88
240 364 75
205 317 80
305 418 17
228 386 9
116 273 36
189 236 40
137 430 64
184 454 3
129 335 77
19 40 52
79 205 52
107 144 17
107 152 66
306 408 9
92 192 1
225 284 20
388 392 77
317 346 99
178 480 69
392 427 24
15 161 42
51 72 27
13 107 10
215 356 26
412 421 8
7 150 9
132 310 59
43 361 29
171 320 53
21 192 45
50 86 72
311 421 39
439 470 6
48 209 78
216 287 42
215 392 75
93 108 97
372 463 38
13 402 51
28 92 28
74 134 10
65 476 4
128 170 13
352 366 3
103 292 2
292 462 72
142 397 65
73 211 79
155 412 48
124 302 40
0 429 29
72 488 34
309 442 45
225 297 95
325 496 51
298 430 76
138 463 92
354 462 31
285 349 22
25 442 43
458 491 96
92 487 61
180 448 32
42 321 3
317 476 74
167 260 1
325 349 2
376 432 5
230 267 24
40 414 37
42 295 43
91 376 88
340 406 100
262 460 60
202 272 68
374 473 34
351 352 50
201 211 39
256 377 43
26 184 90
210 352 41
185 320 42
162 210 22
187 421 74
143 371 84
289 421 33
91 350 42
405 491 18
36 280 81
22 404 89
188 429 70
41 103 63
208 328 35
176 207 23
73 341 3
195 277 2
217 404 68
175 410 55
20 203 99
467 476 64
12 157 30
151 273 53
49 492 57
321 480 74
397 420 61
163 409 65
3 319 92
112 472 29
103 231 14
196 452 18
86 345 73
206 365 72
84 296 80
156 173 98
266 324 31
166 287 57
115 142 20
31 137 28
31 37 68
217 418 18
267 383 59
19 33 46
43 419 70
15 154 77
25 461 80
81 431 61
146 476 98
372 394 49
318 382 44
166 168 54
147 458 21
153 264 90
247 310 30
171 465 35
210 442 2
41 321 4
100 483 48
16 90 62
291 305 27
25 300 33
34 426 17
130 257 21
119 217 29
136 251 29
73 235 82
338 366 10
97 362 42
79 496 85
333 383 22
10 20 37
347 360 6
109 353 80
357 418 81
92 149 5
205 283 94
168 190 62
142 340 74
358 486 99
163 210 33
37 336 73
69 297 19
220 342 72
292 399 18
313 346 44
361 448 81
325 401 48
214 288 42
175 418 34
23 140 98
259 480 25
378 462 47
278 455 4
341 363 44
187 353 38
229 285 36
144 361 26
29 469 41
24 223 63
9 122 73
85 127 79
353 370 85
315 458 62
144 440 4
325 419 42
362 378 25
10 208 84
388 456 12
368 432 8
315 459 20
126 432 4
31 427 1
100 378 21
13 234 10
335 392 100
107 124 64
197 358 30
46 402 94
297 313 6
111 318 10
197 452 19
31 299 15
107 194 59
278 397 56
69 183 26
102 131 63
156 450 5
45 316 63
17 138 63
439 450 53
30 68 51
292 343 90
258 331 43
241 278 79
199 371 48
326 335 55
37 433 97
34 69 64
16 26 10
63 113 65
74 495 77
12 67 53
323 340 63
96 238 54
232 431 68
28 484 80
212 256 17
272 438 12
185 422 91
238 293 20
324 451 40
205 244 3
270 452 69
167 272 56
290 470 65
147 262 21
190 428 93
168 265 15
148 430 86
331 483 59
18 303 39
34 356 4
57 216 61
467 484 15
319 481 21
189 265 98
25 154 79
394 443 67
5 358 99
86 388 76
138 303 13
78 126 50
309 465 40
38 354 38
109 110 8
89 486 14
313 427 67
57 343 75
85 205 92
16 38 91
34 334 18
293 381 97
100 109 29
156 353 60
114 144 2
30 270 74
204 461 83
67 265 100
359 421 75
181 254 39
88 376 31
192 417 66
276 389 74
64 351 91
158 261 100
51 93 41
146 353 99
328 444 65
108 354 77
85 384 67
134 468 69
398 438 84
52 300 92
191 334 78
89 302 54
22 346 57
399 400 37
125 129 11
98 420 31
65 225 26
166 275 96
45 410 15
181 491 72
208 332 29
87 415 20
373 381 93
305 384 18
262 354 13
52 451 8
16 48 78
72 461 81
365 468 11
240 270 98
210 291 60
134 285 8
20 424 7
227 269 32
76 89 21
73 313 23
320 331 98
8 132 44
165 331 5
171 249 20
68 474 76
90 169 69
19 43 45
167 209 89
19 474 24
153 358 65
102 346 35
3 259 45
354 467 76
98 330 59
294 462 26
227 483 98
72 335 80
53 382 2
52 58 57
161 413 35
251 480 29
181 459 98
301 407 60
247 364 99
156 434 95
5 15 41
122 459 21
7 114 23
65 88 36
90 491 52
71 255 89
306 491 76
16 277 64
137 311 85
230 471 27
191 408 18
1 492 25
129 222 18
76 347 9
113 446 78
226 248 28
393 469 19
198 487 52
94 275 77
261 446 79
149 260 11
190 306 22
244 391 7
118 238 7
1 306 29
330 488 21
162 261 86
442 461 85
87 382 60
204 398 49
237 389 58
63 226 42
481 491 82
317 392 38
75 279 59
246 332 69
144 290 56
93 117 99
56 66 44
207 220 78
6 108 84
152 187 42
53 116 37
150 464 54
18 417 91
3 39 30
214 230 72
301 367 96
249 371 89
402 435 51
300 479 19
54 174 31
134 431 5
205 318 98
143 439 58
299 477 57
60 145 97
38 114 93
3 207 1
10 474 42
142 185 51
150 193 21
128 465 31
57 364 46
32 70 18
139 276 21
55 382 91
19 470 66
100 343 59
77 380 39
100 185 13
384 492 61
150 296 89
11 120 47
152 275 64
151 349 60
485 499 44
239 274 16
150 329 93
9 333 1
391 395 93
64 309 33
194 199 1
17 335 85
158 413 35
271 353 47
322 406 31
4 129 95
161 451 29
64 400 91
78 493 9
147 219 94
423 424 6
49 51 83
197 285 96
484 490 39
283 392 92
155 170 73
6 132 97
28 442 13
288 443 7
151 156 93
393 496 52
169 489 24
78 421 49
395 449 49
151 239 25
40 279 4
127 320 30
211 224 81
19 478 45
172 375 33
341 445 47
383 461 8
76 405 8
256 365 25
55 179 84
247 344 25
155 480 11
273 333 37
394 409 40
179 274 54
195 358 8
31 411 6
116 412 85
201 305 31
364 438 48
318 396 42
64 145 12
2 455 91
259 313 33
216 274 84
158 183 79
247 350 15
141 358 18
134 290 79
162 417 25
320 473 20
186 448 11
360 485 22
193 472 57
18 317 37
66 475 43
161 370 67
384 404 35
297 344 33
70 163 23
295 382 30
95 325 68
251 420 48
29 317 24
139 375 40
27 151 80
24 134 35
210 252 19
66 177 10
280 328 52
2 88 61
111 454 86
178 300 37
16 254 73
118 158 26
300 369 18
294 306 5
354 372 35
199 344 68
197 291 6
396 436 80
2 335 20
96 121 25
116 179 30
133 257 97
10 468 3
61 80 38
216 357 18
486 491 90
343 486 15
253 363 7
255 462 68
183 381 64
218 473 29
243 324 21
232 292 86
256 447 49
176 440 81
47 152 36
24 218 56
38 63 93
94 164 28
230 480 57
235 377 79
210 435 79
63 65 58
95 210 63
398 465 16
109 221 18
49 195 7
8 294 11
49 401 96
79 294 91
43 372 73
8 207 97
106 160 67
94 106 91
238 495 17
160 260 65
281 394 10
377 457 12
96 190 56
285 472 21
267 410 26
166 369 77
11 158 99
101 469 71
160 469 17
41 354 68
78 135 45
407 432 55
180 404 22
152 178 91
47 236 60
139 439 12
256 283 69
105 175 97
299 313 82
373 390 44
138 291 34
212 381 89
169 475 100
120 494 79
114 365 9
42 210 97
49 100 50
51 55 63
306 355 95
127 446 78
230 458 64
173 245 84
384 476 9
9 381 2
189 260 58
88 458 42
323 484 38
120 468 12
7 279 23
122 453 11
177 372 78
5 85 83
446 474 10
100 258 34
39 321 87
49 314 71
401 474 1
55 103 54
111 411 21
94 393 5
30 430 62
16 418 20
8 461 64
9 237 77
45 252 41
411 467 15
199 206 11
60 390 67
68 279 18
96 245 12
146 460 33
369 466 55
36 464 40
20 234 47
70 372 20
140 464 30
130 349 25
113 128 94
173 187 91
54 420 13
215 312 31
161 247 31
132 137 63
226 260 73
168 301 79
1 211 73
198 407 48
16 362 6
334 342 69
275 350 19
248 312 65
68 384 20
189 472 77
21 207 91
251 332 66
141 437 100
0 352 82
123 210 33
133 314 3
158 192 53
318 465 5
240 266 36
208 253 5
198 393 13
351 361 8
289 385 92
25 443 51
79 434 31
308 332 99
339 441 17
16 348 27
88 130 71
145 207 17
116 309 15
36 275 88
149 153 74
46 119 3
157 388 67
24 428 76
134 245 18
260 482 20
129 469 24
120 186 66
42 355 74
320 426 83
29 327 60
35 150 1
67 209 17
9 219 19
87 375 30
25 469 57
124 412 96
34 84 27
33 174 83
196 487 25
210 498 74
334 432 49
232 444 69
30 82 51
102 162 33
3 486 14
35 216 98
126 286 87
80 213 26
260 318 50
134 253 53
240 358 98
58 330 19
161 337 79
122 190 42
82 471 77
355 377 39
303 485 84
158 196 76
233 477 48
137 215 74
142 405 43
340 345 70
185 217 6
56 440 84
442 444 71
3 127 99
177 268 98
157 494 1
188 472 2
117 196 42
118 436 6
44 333 22
402 499 4
223 303 6
247 248 91
289 361 21
309 469 89
305 416 14
303 397 68
120 373 21
166 301 68
117 199 66
293 456 82
185 214 87
77 218 3
116 149 34
254 462 70
372 395 70
311 355 68
212 298 52
322 342 30
224 313 2
70 306 73
210 338 39
305 404 65
262 464 75
424 460 45
148 301 67
29 323 12
268 371 46
280 360 7
27 229 40
1 172 55
187 456 14
80 99 18
90 348 78
264 428 82
206 339 30
282 408 56
144 386 76
54 99 4
269 455 70
179 247 34
314 397 72
62 243 53
283 342 77
60 433 72
120 209 44
146 331 56
171 273 94
54 153 7
61 415 91
67 422 48
72 394 24
26 345 88
72 310 4
213 322 51
234 371 4
353 409 75
157 407 88
355 367 78
311 335 63
48 365 86
92 120 91
82 167 11
51 256 54
212 352 59
340 346 16
109 478 30
230 377 64
124 499 62
25 192 100
104 130 55
37 473 12
93 96 94
102 120 20
312 331 45
26 186 3
22 383 10
98 483 31
84 252 70
140 369 10
36 115 26
253 423 100
300 314 90
39 49 98
82 109 10
99 285 42
75 406 53
70 430 68
99 326 89
214 305 82
114 217 9
88 310 88
259 299 58
118 364 3
6 484 17
424 429 43
67 177 27
402 417 93
169 477 66
173 356 91
147 409 30
1 274 21
303 351 57
82 465 84
103 150 58
453 494 47
34 234 80
454 470 63
17 206 96
327 400 42
73 175 90
44 486 55
33 423 100
173 204 80
71 118 5
60 410 93
102 264 33
307 342 70
139 444 11
238 333 71
47 379 46
354 358 70
194 237 26
89 359 68
0 221 70
176 265 99
184 450 75
120 239 79
246 455 23
241 342 49
14 122 75
128 326 59
342 390 77
392 466 88
172 355 59
151 490 93
152 224 14
21 100 36
42 216 32
6 36 96
203 389 80
143 187 41
193 414 72
288 310 53
274 371 85
49 147 63
208 219 31
42 111 89
103 205 52
33 156 31
434 460 10
232 368 10
375 466 69
73 443 69
29 202 68
214 350 46
49 249 77
249 308 1
400 425 52
150 232 71
176 417 80
80 476 29
242 423 68
339 459 13
331 379 34
64 325 71
278 430 58
283 378 56
102 468 32
395 482 100
213 385 53
305 396 50
163 400 97
87 200 81
11 483 74
348 383 43
171 216 45
301 480 85
274 428 68
166 210 28
33 90 94
38 52 19
187 485 56
0 325 47
440 478 18
211 213 18
316 402 98
57 166 27
88 190 18
277 448 10
150 478 48
87 208 66
52 498 10
6 225 44
314 410 63
49 92 63
186 324 92
255 331 16
1 355 64
115 469 30
105 123 90
211 244 8
170 308 68
62 89 2
117 416 2
190 450 60
45 207 27
13 374 12
169 353 77
189 198 36
365 414 96
81 197 54
95 255 71
190 409 61
104 432 91
158 270 49
92 442 62
334 380 97
292 419 38
284 432 95
203 317 11
52 379 48
189 350 44
383 464 82
75 134 56
80 112 9
312 373 79
40 205 45
102 158 93
187 438 80
183 382 10
273 339 34
146 415 4
312 426 25
99 184 30
32 35 79
197 293 29
120 129 100
300 490 17
333 444 37
160 445 37
381 460 37
252 442 87
57 78 73
81 344 57
217 270 82
220 323 77
211 370 49
6 11 67
233 388 86
70 84 22
286 428 44
84 361 40
142 435 60
63 176 33
355 375 16
261 293 62
120 228 89
429 457 30
455 473 64
420 488 88
61 313 28
120 341 62
64 195 14
412 426 43
60 72 79
204 340 68
123 231 100
0 180 18
359 397 25
154 385 67
137 220 57
143 199 38
431 460 19
152 191 48
82 444 61
52 212 27
298 329 97
71 282 96
153 375 8
129 414 92
195 383 91
469 485 85
94 271 51
79 324 70
382 473 76
162 324 54
85 112 40
95 311 64
172 215 60
135 382 97
296 490 7
164 421 94
245 350 31
336 371 52
117 216 98
226 259 2
332 470 71
31 46 69
82 296 7
129 171 58
153 439 1
88 169 45
333 361 51
61 215 45
65 498 37
317 390 90
123 219 45
214 484 89
106 344 78
188 490 29
145 210 62
128 350 41
362 420 77
141 393 76
53 433 64
175 408 97
32 52 90
134 254 10
15 51 13
235 457 69
78 285 69
163 452 89
76 467 39
26 384 52
122 209 2
189 342 9
13 425 2
95 336 50
67 360 63
157 219 19
112 322 29
20 306 17
265 437 60
121 281 51
94 146 94
19 375 54
70 284 21
343 410 26
115 439 46
173 466 91
77 96 44
31 329 26
99 364 46
2 486 36
250 264 80
316 346 20
152 313 23
251 361 17
320 440 62
215 257 40
13 28 58
170 447 15
191 381 25
2 208 100
173 271 63
50 188 73
53 332 90
37 40 100
223 496 63
19 173 87
22 152 98
99 249 96
93 289 32
3 20 87
315 411 84
239 249 87
128 464 46
322 392 97
279 488 39
225 441 5
70 489 93
204 356 52
64 280 88
265 472 50
48 110 24
97 351 74
149 487 5
40 336 55
270 308 48
198 434 19
16 137 29
164 270 76
259 454 6
26 407 16
172 332 83
75 480 19
471 489 44
247 437 45
335 443 3
307 392 4
220 428 25
104 137 32
300 456 28
17 51 95
310 444 99
79 380 98
195 438 58
488 489 43
107 198 77
353 424 23
300 454 75
123 475 5
176 356 77
167 327 85
4 473 2
135 193 94
102 265 70
86 444 61
76 418 2
237 301 49
196 228 50
104 335 1
148 269 16
246 284 87
252 359 75
180 231 23
288 430 44
164 280 57
151 204 34
408 477 60
85 398 76
46 238 25
149 383 87
38 407 79
161 486 29
80 254 22
405 426 67
177 334 52
271 302 58
4 371 26
139 361 92
171 394 1
101 434 36
300 401 99
107 430 32
368 431 89
160 384 53
111 208 83
106 256 80
265 342 56
93 330 67
19 28 20
35 462 83
148 239 79
45 406 95
52 213 13
62 380 4
123 492 74
75 101 20
152 257 85
108 314 34
84 447 71
27 221 14
76 446 19
267 470 62
62 413 11
53 434 37
208 278 68
22 206 100
402 494 95
87 127 99
423 499 27
113 274 51
81 382 58
257 274 96
196 197 36
231 412 5
216 461 98
235 493 24
265 277 12
292 461 32
128 219 60
253 413 19
390 451 40
196 290 84
115 374 22
127 339 94
148 419 2
341 401 81
294 347 32
388 492 42
246 393 86
118 353 23
120 351 19
146 427 57
369 430 34
77 138 41
140 335 47
262 270 86
86 246 62
77 108 79
9 133 53
78 141 40
157 447 92
106 499 7
112 423 38
178 467 46
183 283 84
162 383 18
109 238 87
321 450 10
195 433 1
358 442 2
374 390 22
452 476 43
264 494 76
251 406 77
243 364 84
189 303 87
347 351 87
137 151 8
200 402 52
201 362 49
252 466 30
38 381 60
178 328 23
267 375 28
208 489 33
295 392 100
127 218 47
3 175 42
190 467 96
105 321 47
267 416 19
43 140 56
102 136 80
114 433 69
63 407 92
430 439 28
198 245 42
358 400 8
325 357 88
233 401 81
177 202 26
84 204 89
103 170 25
47 156 2
125 240 1
206 242 49
9 119 14
75 356 19
215 293 4
219 224 45
111 235 34
213 241 56
46 474 80
83 294 80
303 428 100
27 483 51
96 370 15
88 431 28
408 427 14
217 278 35
19 266 40
11 413 33
226 456 93
93 407 54
225 403 33
132 473 12
298 316 5
201 411 46
191 294 95
72 82 8
161 182 36
117 469 74
270 410 16
68 138 31
141 222 86
157 182 91
326 499 48
248 426 26
450 467 32
61 210 45
9 195 6
73 120 96
291 498 56
250 439 46
134 441 20
173 415 36
21 373 65
308 465 58
5 399 69
39 127 60
11 410 42
386 488 87
185 242 97
342 397 80
95 483 61
152 305 82
157 334 91
218 288 96
75 108 48
288 359 19
70 74 89
20 45 93
146 481 36
162 457 69
426 468 30
381 436 1
387 431 91
143 376 20
294 421 85
0 450 24
274 388 22
363 413 33
258 376 5
355 467 2
332 420 100
87 312 47
272 497 34
49 410 70
231 344 68
27 422 5
288 371 8
187 403 92
73 348 27
49 64 44
187 498 28
80 401 82
159 359 88
319 469 68
159 318 56
100 399 37
282 328 20
305 495 3
212 258 12
239 374 12
28 85 77
98 484 46
135 396 49
317 339 77
266 276 6
2 26 5
138 245 2
43 403 90
130 181 81
152 282 3
86 374 70
321 461 43
24 374 84
43 56 88
0 66 39
297 361 81
214 474 38
355 425 39
152 237 93
220 227 47
21 127 68
59 245 54
171 298 47
91 117 54
143 451 8
184 386 69
270 346 45
237 332 13
27 47 83
74 214 87
208 357 30
457 459 32
177 362 2
77 142 29
91 423 17
236 458 59
320 437 35
93 424 30
162 365 58
1 240 3
115 438 79
57 323 29
18 266 62
100 494 39
445 461 66
106 444 82
37 303 43
44 383 99
174 362 98
54 344 83
42 365 15
383 490 92
109 463 5
2 479 36
102 334 100
232 334 76
193 423 61
395 475 96
339 341 30
174 331 95
213 253 91
24 248 95
370 448 93
175 377 43
32 178 95
234 405 5
70 244 36
328 443 64
74 98 8
161 432 4
207 388 40
80 423 83
365 379 10
205 439 89
70 78 21
12 141 100
23 366 39
89 476 61
270 271 49
63 196 9
342 355 29
263 366 31
11 53 18
98 278 82
12 256 28
389 451 55
161 341 67
142 309 53
210 330 75
198 241 41
98 297 72
207 298 16
67 440 4
37 105 39
10 92 9
256 434 33
62 472 19
2 238 68
362 442 34
62 401 99
162 334 10
115 260 87
350 409 6
256 407 36
370 421 9
15 70 45
17 44 79
280 307 94
385 464 16
142 417 48
79 322 15
56 119 16
141 359 3
325 431 81
379 440 47
274 477 13
233 348 87
258 425 73
105 325 65
39 423 32
74 426 55
346 395 8
275 463 99
45 86 51
38 499 87
66 117 24
65 118 61
131 169 74
22 171 86
75 346 29
185 360 56
199 252 27
228 478 70
294 484 65
301 334 54
141 360 99
172 465 24
176 365 51
186 315 75
47 470 12
125 241 84
172 203 99
157 336 1
2 282 47
173 439 70
208 249 77
6 75 72
3 245 49
292 464 76
351 396 68
148 373 25
292 316 99
293 382 20
133 363 15
0 4 57
214 297 20
321 407 36
339 417 72
77 206 29
277 460 7
115 233 74
227 320 42
356 380 14
26 353 40
76 163 4
365 476 94
95 347 12
38 240 6
198 292 33
140 468 81
218 349 56
480 491 23
152 357 97
162 207 2
221 225 43
20 250 79
22 312 97
365 416 79
332 367 35
378 415 99
32 361 81
237 261 70
135 304 66
45 141 34
197 228 96
66 95 95
29 192 6
222 276 24
443 447 38
23 191 25
138 444 52
253 416 23
224 475 62
275 381 47
49 197 22
86 149 13
202 255 52
38 462 66
255 392 53
29 76 5
220 308 50
154 282 2
177 258 31
339 468 58
0 119 34
133 350 28
240 362 21
58 168 2
41 400 49
59 63 76
118 393 62
184 361 48
35 369 77
416 429 95
465 492 77
333 365 8
59 443 11
55 313 82
172 491 85
354 466 39
48 85 44
66 242 15
24 491 92
53 319 78
161 464 45
46 346 7
41 306 82
215 221 12
118 388 8
98 121 84
91 236 29
357 408 32
55 258 16
299 374 72
305 351 5
109 423 60
280 498 58
211 344 25
229 282 23
372 412 69
32 317 72
266 409 95
79 237 75
131 291 74
290 311 18
256 457 35
417 474 77
19 61 100
227 462 9
388 396 67
139 169 7
181 284 46
166 298 36
67 319 5
197 208 25
0 456 69
29 178 73
454 499 83
190 451 23
92 274 84
52 64 50
190 441 51
153 472 16
317 394 39
72 120 100
368 475 37
13 247 31
138 380 83
152 291 96
23 97 7
313 447 24
359 460 93
161 463 67
123 474 91
228 276 5
48 70 89
18 432 2
40 71 60
30 365 90
56 224 54
285 416 82
217 452 64
119 188 23
191 278 47
34 241 76
10 101 62
484 495 25
152 287 75
158 240 68
189 344 4
97 183 47
174 292 87
363 418 46
100 164 20
39 50 7
12 194 98
55 174 32
95 420 72
100 303 38
145 243 22
272 434 66
47 438 12
172 182 7
56 248 71
402 446 69
23 60 49
12 363 79
19 392 41
187 408 67
58 315 54
95 165 29
206 303 66
413 440 75
229 414 49
293 323 3
235 327 59
126 179 62
49 486 82
88 260 30
68 335 24
45 107 65
140 395 67
19 151 24
262 411 15
5 159 37
349 394 36
165 394 3
409 481 40
241 374 49
58 161 27
77 472 8
40 344 23
230 494 91
73 209 98
40 207 20
40 430 50
311 498 56
3 394 99
46 478 35
103 463 9
0 101 51
5 283 48
89 164 14
86 259 78
190 319 55
176 264 15
90 498 54
113 331 13
251 453 58
287 465 9
440 490 84
171 369 65
203 490 87
208 463 99
218 256 51
81 171 92
459 466 58
285 319 14
149 210 50
51 103 93
157 174 28
95 390 70
240 486 97
127 465 36
67 463 51
162 357 37
73 453 82
245 438 9
45 277 23
174 404 52
369 425 98
49 282 8
359 462 19
76 118 4
49 52 64
373 403 2
144 265 76
154 393 68
276 382 100
301 437 90
267 309 2
55 457 5
68 134 36
13 152 60
120 231 80
233 341 53
103 197 29
119 233 87
53 148 86
363 387 8
192 194 32
229 470 38
109 352 91
306 387 22
268 446 60
245 281 67
56 453 31
114 481 5
243 381 52
193 306 47
303 455 86
64 381 43
267 434 33
108 240 45
124 207 5
303 339 83
283 455 41
119 425 99
358 471 23
227 233 64
105 266 3
333 422 88
196 356 23
13 329 32
246 473 60
154 399 22
4 75 40
31 44 34
325 421 79
226 312 87
100 408 8
230 455 84
4 235 33
12 186 68
41 288 19
203 223 21
393 475 36
57 370 10
140 206 18
18 486 73
233 405 97
26 406 10
40 448 84
186 208 48
165 284 81
179 406 8
230 306 25
179 195 7
110 196 1
228 274 69
58 401 89
311 435 71
29 39 32
261 452 44
255 407 31
161 390 5
216 414 36
240 480 83
117 478 83
248 283 96
5 222 70
359 439 27
327 330 38
334 448 4
113 387 59
229 360 14
26 290 23
263 326 92
136 306 100
31 470 88
344 416 98
145 422 87
134 336 54
228 317 78
142 246 69
371 481 2
146 335 31
325 435 58
287 380 92
1 154 21
323 324 78
33 192 59
74 454 68
2 146 88
256 322 84
295 494 51
132 363 72
122 202 100
17 176 3
186 197 37
238 270 66
59 299 100
81 247 2
94 237 96
166 343 72
54 148 79
96 269 55
171 370 23
155 349 98
24 424 37
405 480 49
118 458 72
25 200 20
20 195 73
82 266 86
328 432 38
383 498 14
214 336 79
253 359 25
1 493 9
69 85 55
89 196 90
253 426 30
83 95 41
140 495 48
35 79 99
39 164 11
221 383 37
264 346 22
204 369 44
60 165 83
3 164 86
100 181 16
35 292 97
6 285 30
90 495 59
21 469 72
127 315 12
407 471 32
372 434 92
342 418 54
271 437 78
140 223 10
297 338 35
120 358 10
111 450 49
134 386 30
118 180 15
83 285 50
130 368 47
342 361 28
66 188 98
391 424 79
27 231 52
186 308 7
193 301 20
148 220 70
45 47 65
347 430 73
40 390 76
283 353 9
310 353 12
82 261 13
5 181 55
469 480 44
3 11 40
339 453 40
50 498 79
107 453 93
407 470 77
163 351 77
12 249 91
185 208 6
24 370 9
55 246 94
250 479 61
222 495 33
48 482 56
198 493 30
221 223 58
123 167 15
168 444 88
352 418 72
12 391 9
378 426 57
15 402 91
210 454 89
96 488 51
209 351 5
171 419 79
19 261 41
4 374 18
87 418 73
284 324 47
221 376 94
128 338 18
83 92 13
460 488 66
155 430 96
22 246 22
224 319 42
136 329 98
43 231 90
162 279 66
449 463 62
50 428 10
173 354 8
274 294 40
60 298 62
10 261 56
325 382 92
303 429 68
355 435 89
87 295 71
79 190 37
17 76 23
75 310 14
134 204 63
306 308 77
11 131 17
284 495 46
307 403 50
167 230 44
135 420 53
293 447 68
207 281 37
135 409 21
221 355 2
108 487 54
330 384 44
183 310 24
145 317 92
421 432 34
206 269 11
110 269 59
387 492 87
69 270 89
112 365 46
73 468 92
133 173 55
35 193 70
125 278 85
82 445 82
131 307 16
114 187 63
39 133 12
29 78 41
17 164 41
1 146 63
87 228 12
315 355 99
72 265 42
360 387 97
125 446 6
20 437 16
148 435 70
165 349 24
172 470 32
106 391 2
187 229 45
253 300 56
81 315 23
217 380 97
211 297 74
90 427 25
114 150 78
166 389 51
335 438 88
221 270 66
435 437 35
374 433 87
14 21 25
236 366 32
112 344 21
204 403 28
222 236 73
67 78 87
307 402 21
361 383 58
47 478 14
24 286 71
16 156 16
54 244 20
337 431 92
192 466 75
234 292 39
185 450 39
102 404 91
186 498 83
405 416 94
360 436 24
14 171 2
243 327 71
61 253 35
465 471 1
344 424 80
262 441 10
379 485 31
8 164 92
328 424 67
215 490 90
157 490 1
227 455 97
72 327 6
132 476 7
155 336 15
47 391 76
119 346 90
208 355 65
8 371 9
35 353 98
12 477 88
411 443 35
20 63 91
51 367 19
23 184 1
118 142 16
82 235 26
53 185 68
55 309 14
280 445 51
168 458 86
103 267 91
53 330 70
76 232 88
185 445 54
245 333 86
125 195 82
31 43 25
52 389 91
27 399 83
175 295 34
192 465 11
214 351 46
10 91 25
125 135 2
215 291 79
96 470 76
370 454 81
12 234 20
233 434 47
25 338 96
35 174 84
54 414 27
42 487 27
269 294 31
108 450 48
277 430 97
256 485 6
186 415 94
150 366 83
374 429 98
22 274 39
197 457 11
154 158 84
23 489 54
223 449 62
408 498 88
111 279 76
283 485 42
104 416 18
192 213 90
162 400 36
316 452 5
68 339 98
98 165 59
298 383 14
32 380 30
192 434 15
210 488 82
372 455 8
261 323 54
46 311 73
150 330 48
49 130 19
349 358 66
166 476 19
69 411 81
301 474 5
125 224 90
21 302 38
78 408 64
15 463 34
272 455 44
68 173 100
185 195 21
53 249 31
5 25 62
398 459 71
251 323 43
167 225 3
146 275 46
240 493 44
207 427 60
350 392 21
99 246 88
122 142 41
139 382 64
119 298 52
80 184 70
133 453 25
144 475 16
115 280 89
10 240 66
383 499 35
19 329 79
49 265 60
124 291 3
133 143 10
34 255 50
185 344 83
76 217 54
448 473 21
289 380 99
97 126 36
468 480 28
225 332 58
229 252 35
443 483 48
0 239 89
43 428 51
134 499 62
197 476 31
70 252 17
25 315 6
382 456 24
14 338 81
89 99 81
381 424 1
88 362 18
104 263 59
333 377 52
161 282 32
93 397 40
183 476 44
234 395 99
67 224 39
86 90 72
172 335 76
130 400 83
381 456 69
206 211 41
237 285 59
63 127 40
35 85 98
181 441 33
83 248 5
134 184 61
235 272 99
257 397 33
10 311 16
93 315 35
65 168 62
213 327 10
81 172 59
130 203 16
165 298 34
357 392 38
151 165 16
334 349 73
76 192 21
321 419 73
314 405 78
28 210 18
368 378 6
161 280 37
170 304 17
154 318 85
152 346 1
236 308 3
308 458 4
123 182 79
115 147 62
366 378 92
120 300 1
309 443 71
19 295 73
110 450 55
368 479 61
38 118 59
23 490 63
158 433 51
120 456 67
277 412 90
114 348 79
321 476 78
358 447 90
172 482 69
37 297 12
289 379 59
76 204 81
147 455 64
131 158 17
165 458 92
322 473 52
223 235 12
306 465 22
254 294 58
105 157 44
58 409 12
360 481 98
37 314 11
28 347 67
315 344 52
183 330 11
142 461 49
173 383 87
298 465 89
83 425 11
85 380 68
188 400 36
167 359 39
132 446 35
57 74 49
17 120 80
111 350 56
225 288 82
241 471 65
189 484 2
198 316 21
78 256 54
68 259 31
124 396 10
204 462 94
31 92 97
112 348 85
318 485 61
128 389 15
237 416 46
146 384 84
426 437 1
208 251 48
171 384 8
37 181 39
344 499 79
133 319 36
266 384 12
309 428 65
224 494 33
158 489 7
444 451 16
50 433 29
171 473 45
157 218 83
72 176 7
160 169 24
123 493 76
287 438 66
378 496 70
324 413 78
98 432 7
106 489 8
94 266 2
91 172 83
320 362 20
152 457 6
191 438 57
141 499 7
158 186 21
32 63 20
74 267 17
119 480 57
367 493 20
213 263 70
246 372 17
90 354 51
55 340 70
118 331 8
282 410 27
374 463 51
443 461 87
233 499 69
226 410 20
367 372 75
66 394 91
124 153 83
131 207 13
4 82 89
14 85 72
201 412 7
168 496 26
172 396 12
213 288 71
207 284 75
148 320 71
73 154 77
194 393 26
249 301 49
187 196 42
2 222 84
82 164 49
125 237 59
74 468 48
314 458 1
157 242 58
41 90 23
226 269 64
296 300 46
81 161 88
191 205 75
63 82 47
40 323 81
20 408 20
87 455 89
45 265 57
312 316 21
289 477 15
322 365 10
299 381 8
107 489 24
23 158 70
253 362 62
88 200 90
8 395 13
137 366 29
215 474 93
13 491 4
4 261 13
3 217 4
34 309 53
457 490 39
406 447 41
29 245 89
15 361 35
276 320 1
208 401 62
320 376 7
182 273 17
24 300 4
216 443 7
456 477 98
336 456 99
107 378 44
102 367 19
190 488 87
336 451 45
333 448 73
234 240 68
83 468 16
379 424 14
43 129 76
252 496 74
250 443 95
7 491 45
255 338 91
319 358 96
345 434 76
188 378 53
15 221 25
98 216 28
97 219 74
28 363 58
292 488 79
310 377 11
102 310 10
304 458 88
110 190 2
108 203 43
100 424 44
262 307 87
154 286 38
402 416 57
317 404 2
368 480 17
436 472 99
260 363 89
248 376 2
113 146 28
69 134 69
362 407 30
145 368 33
58 112 93
101 189 33
113 253 2
308 450 23
382 440 46
157 454 76
137 491 17
7 495 61
8 104 31
114 389 66
188 333 12
37 352 30
1 227 78
16 72 26
231 305 74
40 296 79
220 375 72
25 445 84
147 193 7
80 148 64
16 236 45
138 209 58
8 87 60
115 499 58
183 400 52
37 398 64
168 289 94
109 395 78
66 320 43
248 332 52
269 336 42
168 362 81
442 463 87
138 324 67
56 388 73
210 457 91
179 268 45
114 386 93
109 409 11
64 303 79
374 474 36
386 420 11
265 432 51
90 445 40
118 409 32
32 40 66
118 178 100
191 234 3
90 205 85
253 442 35
182 482 68
337 394 74
78 283 50
142 379 89
331 407 40
256 490 96
136 437 93
365 473 14
138 236 50
143 307 18
85 241 44
46 170 12
86 219 9
0 23 50
399 494 51
58 234 56
194 394 22
36 498 11
59 296 66
58 115 60
40 479 3
114 489 39
7 471 98
109 280 32
4 51 48
146 230 32
181 316 22
372 396 99
153 346 51
88 419 25
358 437 29
187 357 17
173 430 37
104 365 73
372 488 32
242 280 28
231 431 68
19 271 95
63 208 50
10 266 11
30 419 37
313 483 61
222 362 63
317 426 43
169 202 2
233 464 64
363 466 75
9 457 33
230 473 30
208 424 31
301 375 45
231 456 34
107 292 23
38 371 53
454 489 62
222 340 60
252 292 58
381 475 90
149 206 69
206 489 40
139 476 23
71 161 92
53 172 8
313 351 85
215 280 38
275 355 28
156 419 72
384 398 40
72 218 12
180 455 18
232 447 7
240 433 39
214 268 8
15 30 23
20 302 36
248 354 67
99 367 21
89 431 7
455 482 75
107 478 78
80 314 2
239 458 16
184 451 75
151 331 61
408 466 79
92 451 77
40 125 84
371 470 33
21 250 47
16 406 82
111 116 15
36 80 25
123 448 62
43 487 21
323 403 2
202 377 38
447 468 23
285 323 92
36 76 48
165 329 26
128 463 76
38 219 11
221 405 85
294 457 19
277 449 58
76 376 37
32 333 97
73 197 11
153 336 78
28 90 40
127 370 32
62 220 4
374 406 86
155 261 7
169 266 32
97 473 67
265 404 45
1 164 53
385 433 75
438 441 19
394 398 70
17 195 53
98 295 92
79 343 96
176 284 98
106 158 73
69 452 88
401 461 73
199 431 91
183 477 3
173 473 93
10 271 5
130 337 87
283 338 20
40 330 95
104 189 63
490 491 67
255 339 13
199 212 78
108 151 28
37 383 59
27 334 63
432 441 76
82 234 1
172 269 54
96 484 85
124 453 23
129 242 97
160 233 65
54 160 97
10 268 8
310 387 17
28 106 71
204 451 30
27 479 60
230 233 7
419 495 60
167 256 59
355 418 49
106 198 96
68 364 88
125 145 16
84 202 47
271 359 64
327 366 85
29 483 67
78 269 53
376 486 69
233 347 73
46 145 23
188 438 54
193 238 49
71 376 84
174 256 9
448 496 96
344 346 71
202 415 26
169 287 79
107 459 2
128 481 16
156 453 82
27 356 55
234 384 34
48 318 84
194 222 67
319 375 63
353 419 100
114 197 37
3 355 39
15 36 76
30 351 32
127 476 100
89 299 60
367 432 79
28 416 54
18 121 13
369 397 35
137 297 92
440 498 62
373 495 83
227 432 60
92 163 61
199 205 31
207 223 82
429 455 77
184 390 44
158 304 13
254 277 44
133 183 62
9 494 70
215 315 26
8 208 3
200 327 81
81 483 81
33 227 52
420 460 70
4 496 92
9 357 4
189 299 32
125 457 39
226 408 43
97 498 45
317 420 77
361 486 44
14 195 99
237 450 81
114 213 53
171 210 81
201 393 93
149 302 40
253 301 3
305 497 89
198 306 97
311 423 94
165 219 83
38 228 25
134 440 87
191 305 18
434 438 74
30 182 13
111 406 35
180 481 51
131 433 14
72 436 19
257 401 52
22 393 34
417 490 17
38 80 12
121 403 82
368 383 95
338 404 20
47 52 67
123 447 79
3 294 68
44 432 20
76 498 79
19 466 11
169 381 86
101 389 28
131 219 50
8 280 30
194 217 38
152 256 98
164 319 99
25 395 15
65 372 48
114 379 70
179 218 81
430 494 43
15 220 51
239 382 91
68 178 13
269 404 56
130 241 61
218 385 53
111 434 2
101 392 99
62 327 2
155 321 26
20 103 11
210 361 22
1 308 79
167 288 9
394 461 76
198 205 46
58 147 17
407 466 85
191 403 65
33 404 65
319 405 59
174 405 37
199 389 19
141 313 77
31 194 88
109 261 14
40 472 79
108 186 29
481 489 60
178 412 58
251 400 76
397 461 67
218 497 4
443 499 85
255 409 74
115 425 71
202 405 41
4 128 80
41 472 62
170 211 73
175 388 19
132 253 74
78 367 96
21 391 98
214 480 26
219 446 37
210 391 26
311 496 13
59 227 1
302 385 68
209 367 8
31 311 69
417 426 76
223 368 67
128 432 82
315 453 4
214 227 100
136 219 86
94 460 57
311 346 37
11 432 22
18 339 13
314 476 86
63 432 28
13 172 90
85 121 25
208 317 69
48 91 40
153 320 20
22 41 92
31 120 79
295 461 98
163 313 32
26 148 53
135 206 54
198 457 62
317 443 24
319 339 65
52 207 66
319 423 73
102 375 81
9 488 97
411 473 34
33 122 1
105 439 88
435 492 30
159 249 22
351 371 46
167 362 100
187 372 45
334 473 92
106 181 1
20 409 62
124 325 97
69 181 71
31 294 50
121 282 35
9 175 47
254 415 58
69 388 84
23 240 65
110 219 82
201 276 43
284 412 33
220 277 93
225 346 95
85 406 67
64 70 47
202 358 44
128 208 61
115 413 75
189 343 52
235 268 62
27 235 100
34 499 92
261 367 31
187 385 14
468 490 25
3 86 40
356 495 39
302 420 47
358 441 41
409 458 9
253 412 71
323 476 35
7 451 68
407 428 94
10 21 2
307 407 64
43 46 97
122 196 85
49 304 100
297 456 77
325 432 26
162 447 5
202 428 75
226 310 15
233 277 58
170 217 20
462 471 73
61 284 52
443 469 39
159 215 46
43 389 53
79 81 39
0 285 48
22 499 91
357 360 15
139 286 85
151 418 99
9 116 56
336 404 98
65 321 33
254 495 9
46 191 4
79 437 98
83 318 55
103 374 45
120 229 30
4 449 44
76 165 2
485 492 80
376 439 18
298 447 57
185 378 23
6 245 4
31 257 70
54 366 93
8 35 26
255 447 55
135 436 90
124 400 91
9 204 16
58 334 73
219 229 2
311 464 89
387 436 48
85 207 37
64 421 81
477 491 46
59 242 66
201 336 14
232 294 85
439 479 77
170 271 41
64 417 6
252 476 26
14 42 97
279 325 19
73 217 20
209 328 66
10 441 18
347 459 29
105 276 42
125 433 34
195 374 27
415 465 8
388 404 75
81 394 98
289 311 75
157 166 61
64 413 95
33 314 6
239 372 5
176 310 65
198 466 18
121 271 75
185 277 66
413 476 56
21 210 71
349 368 91
334 436 95
104 398 39
399 438 12
173 441 66
5 147 45
317 413 72
359 450 1
286 299 57
262 317 59
231 368 23
395 491 74
151 447 77
228 287 80
342 422 57
184 351 39
148 494 37
105 191 71
313 498 52
435 459 46
4 399 10
159 452 54
358 476 37
221 442 84
96 496 25
155 346 51
6 165 90
225 348 81
289 455 64
336 413 65
119 133 52
45 435 19
223 269 34
259 276 83
158 286 79
157 439 93
98 335 93
31 219 81
237 359 70
14 152 65
161 215 27
359 393 78
265 278 81
307 465 56
291 388 90
350 420 26
97 374 4
113 267 72
370 451 48
23 144 42
205 491 39
329 455 28
78 301 69
141 252 55
82 104 52
212 300 60
129 228 57
48 475 30
336 483 98
204 332 25
26 113 76
341 418 38
17 156 92
112 140 51
116 358 48
23 220 66
182 464 88
184 483 90
261 371 26
319 431 44
207 233 78
409 430 56
374 376 74
16 311 22
289 437 47
145 327 42
115 155 34
398 482 51
186 349 32
275 364 16
170 362 95
19 290 86
99 198 55
23 147 80
226 235 79
170 249 7
82 113 6
15 384 8
119 378 36
41 488 57
264 414 78
256 454 57
7 58 6
75 415 69
195 474 37
122 499 11
30 362 24
258 370 58
24 73 100
70 94 18
71 383 40
233 251 80
322 489 64
0 233 97
340 462 57
412 480 13
200 384 87
217 487 41
24 34 45
67 415 78
54 358 93
133 300 25
245 336 3
116 217 49
16 446 33
38 306 96
122 215 42
396 474 33
80 226 54
344 488 49
99 151 92
394 426 86
34 67 58
98 377 22
38 497 8
220 486 36
247 445 9
152 408 81
32 36 77
311 433 42
241 311 12
78 244 86
247 427 3
144 459 68
48 263 18
185 399 42
194 439 14
113 472 32
8 278 11
14 314 55
435 452 9
74 345 67
175 234 24
35 94 23
180 285 8
342 438 70
39 398 76
267 476 76
182 261 21
71 194 15
22 305 49
37 121 69
227 461 60
337 460 75
169 342 38
226 278 7
114 240 47
115 384 32
293 417 63
354 460 34
23 134 22
276 402 10
152 473 63
104 450 57
101 480 20
254 497 46
28 471 62
58 81 6
30 197 48
227 243 9
389 449 43
189 439 54
16 81 22
45 394 16
27 397 24
182 301 33
247 313 66
148 292 11
101 112 80
200 313 28
331 420 45
170 247 13
149 409 33
46 206 84
127 256 7
10 256 64
232 290 80
446 481 76
179 229 6
38 186 81
47 275 35
110 448 80
110 395 67
326 329 54
21 477 34
16 318 39
298 422 29
246 471 20
1 13 42
102 244 52
387 397 58
60 351 48
62 347 96
351 462 9
393 429 99
123 127 42
58 212 21
119 294 61
279 455 62
110 403 48
375 405 63
18 111 83
60 258 65
152 160 20
190 230 89
59 469 88
143 191 71
231 459 91
78 320 6
3 452 71
347 395 65
294 312 58
48 93 83
17 212 80
375 462 29
21 413 17
185 293 74
458 482 71
184 238 58
203 440 28
12 266 24
182 330 17
24 111 74
87 452 15
314 460 52
191 370 4
76 285 61
128 165 8
384 490 68
18 463 6
172 262 1
157 307 70
315 476 66
108 123 53
30 482 20
54 406 87
57 296 89
406 452 35
147 192 6
232 310 100
115 221 33
63 479 4
165 218 36
52 215 62
344 403 61
135 148 4
120 258 96
176 389 35
139 430 26
193 365 65
57 83 61
78 200 36
296 483 80
250 310 53
428 496 85
176 456 62
143 171 99
192 415 23
290 429 52
58 408 54
344 463 27
14 260 30
369 429 51
460 497 29
412 466 11
407 474 40
198 386 43
269 363 73
46 214 24
117 325 4
303 434 10
226 457 70
101 132 20
47 87 85
6 429 100
351 375 12
208 405 28
160 330 17
297 421 70
188 253 21
352 464 69
108 434 75
37 464 92
99 392 98
37 107 10
6 203 18
135 432 67
273 409 100
107 128 73
112 433 89
227 254 98
369 452 69
51 398 51
189 358 48
291 366 49
42 49 73
261 337 69
134 347 92
371 431 82
217 377 65
184 266 49
13 170 33
169 171 78
222 468 72
314 391 31
128 451 76
278 372 49
148 283 98
330 485 69
83 267 21
321 347 27
319 320 54
229 387 52
97 364 67
92 235 11
181 280 95
325 385 89
102 214 78
71 309 55
8 128 85
69 159 71
131 430 43
102 353 10
271 342 80
208 443 59
104 455 29
121 266 67
111 315 50
422 471 85
286 329 69
192 210 71
119 329 82
5 215 50
42 88 94
52 439 46
173 396 94
247 477 95
76 88 84
141 432 2
39 316 74
315 340 32
98 329 10
344 352 37
299 390 19
294 473 42
68 163 90
178 417 40
151 479 41
170 471 20
331 353 23
94 150 2
73 282 56
206 325 84
281 388 92
62 448 95
191 375 27
31 463 88
392 412 12
123 138 98
3 274 68
384 421 31
130 395 28
66 339 43
454 478 34
407 418 54
189 431 35
97 432 96
9 240 8
241 476 79
151 355 44
179 336 89
99 480 10
367 462 29
207 319 1
257 485 64
157 170 74
88 379 41
376 492 89
151 332 26
186 428 18
316 328 51
3 377 59
183 472 62
332 426 68
34 156 33
277 362 13
69 483 40
120 317 37
276 496 48
37 143 24
142 206 71
48 337 83
53 423 4
44 188 70
96 274 29
39 448 67
226 385 12
227 247 45
22 85 49
423 451 31
110 222 33
229 303 42
418 433 37
388 389 71
285 375 75
399 457 22
318 408 82
100 379 53
63 258 14
362 368 20
186 202 76
165 261 97
76 346 15
363 436 24
104 321 44
494 496 33
371 379 24
208 232 70
27 115 18
121 132 99
403 483 76
7 17 91
204 354 59
24 104 94
238 364 74
178 251 66
396 494 100
87 396 73
42 298 32
83 148 4
80 160 82
243 445 77
173 295 33
156 348 51
240 278 27
268 335 29
61 200 6
76 256 42
409 485 85
294 337 90
120 137 54
172 233 83
27 487 36
37 411 77
142 282 74
21 148 6
129 258 86
132 484 28
151 369 100
41 489 7
278 318 28
171 443 10
205 230 27
265 455 53
221 449 59
376 468 26
382 439 80
242 380 47
251 290 60
14 434 99
56 57 1
160 273 63
292 397 60
123 476 14
64 276 28
225 313 94
134 421 75
70 479 68
232 343 67
130 276 41
40 443 29
359 485 29
74 370 83
150 171 65
272 303 82
382 457 99
86 100 90
225 283 58
188 336 63
44 393 89
311 341 36
115 400 22
389 463 65
126 280 2
280 476 36
387 400 40
234 288 28
218 430 30
94 202 53
96 320 96
127 417 47
191 373 84
107 157 72
232 489 96
50 311 25
358 435 6
280 398 9
101 396 5
154 495 73
49 183 56
5 409 45
96 273 12
192 363 27
249 415 44
218 244 83
282 411 43
259 367 64
316 493 53
437 455 70
185 415 18
223 252 73
172 248 71
84 441 18
39 262 8
372 387 56
275 460 13
256 380 8
29 389 100
72 88 66
0 192 30
274 341 75
95 429 57
83 339 33
49 423 51
62 307 74
217 224 55
222 346 10
221 486 71
106 431 38
88 259 84
9 409 77
380 485 39
192 305 19
150 282 82
198 325 100
337 439 84
330 402 78
46 450 72
284 370 12
71 93 58
58 80 28
272 474 56
60 467 87
45 233 48
12 299 99
140 288 98
52 469 5
31 280 2
308 399 80
20 255 52
283 336 65
282 358 3
333 423 39
172 280 58
50 408 9
148 179 1
80 388 44
325 451 86
481 487 73
58 214 57
87 473 42
43 437 34
10 444 43
58 190 83
58 164 91
52 323 42
197 490 34
128 310 74
3 187 94
378 461 63
48 217 55
112 437 38
62 462 51
318 334 1
46 203 70
162 374 42
205 261 22
116 322 89
234 460 11
173 196 10
111 426 32
4 396 90
251 489 68
158 378 88
101 245 14
262 391 24
96 285 95
72 224 1
345 422 60
328 456 80
3 219 12
17 100 34
153 484 90
277 397 74
325 448 31
15 482 70
339 401 58
28 386 67
29 454 13
76 120 8
387 438 99
182 491 18
241 432 43
72 270 40
111 113 62
272 481 92
181 336 90
187 190 18
10 427 39
275 281 18
66 158 45
187 419 5
27 279 48
68 402 49
14 159 62
117 158 9
152 376 16
77 144 45
129 261 71
177 205 36
38 300 58
264 473 23
55 423 62
17 288 11
46 479 68
23 459 14
87 433 44
41 276 50
277 279 10
318 457 79
126 171 85
293 410 13
196 223 72
352 480 16
69 184 38
186 264 53
384 389 64
145 294 2
197 231 49
121 345 25
274 412 68
117 450 43
218 377 64
393 441 28
27 341 25
229 464 26
267 485 55
162 391 99
4 299 51
36 64 85
3 27 17
6 499 71
272 392 29
304 399 2
26 299 5
10 398 16
95 482 93
95 188 7
369 454 15
44 326 43
211 266 94
256 352 76
403 436 95
127 474 98
40 236 82
64 336 96
211 332 74
10 408 60
142 406 93
396 403 55
427 432 7
212 453 50
62 408 18
83 157 65
248 297 27
409 434 47
264 384 24
337 430 54
192 313 30
7 306 81
306 352 66
141 221 83
305 455 10
340 355 23
34 367 48
303 334 83
180 255 39
95 136 28
242 481 53
130 456 28
145 147 7
1 311 32
267 432 58
9 70 48
200 220 25
363 452 5
6 191 82
141 195 88
163 341 40
68 112 61
263 330 62
48 128 92
332 473 57
87 459 53
83 418 72
249 304 22
105 475 71
129 266 20
227 356 62
17 378 97
172 220 60
77 147 95
249 466 81
103 266 98
22 362 41
40 118 27
201 384 6
401 425 54
299 455 13
137 476 73
222 294 33
90 288 27
219 494 87
75 329 8
93 467 54
159 463 31
140 308 45
192 263 40
136 208 53
201 320 49
121 160 43
198 432 24
129 434 78
94 98 87
124 433 89
126 161 61
132 314 93
238 482 7
310 315 27
70 167 2
38 299 47
231 392 10
119 312 9
329 359 24
13 48 64
1 199 51
166 431 47
25 286 70
0 237 2
118 288 42
370 473 83
59 240 83
201 413 70
342 432 100
34 82 49
191 460 76
262 420 78
43 196 20
227 352 57
51 146 70
179 378 23
175 381 84
326 444 60
89 428 65
86 394 75
137 266 95
206 362 29
6 488 88
62 83 53
13 271 18
92 97 24
22 129 13
240 315 16
174 310 10
367 398 32
182 278 74
73 123 23
393 480 23
101 246 76
111 181 33
34 169 74
184 445 26
167 417 19
114 428 53
343 416 35
86 347 11
161 383 47
290 309 28
10 159 79
132 211 68
0 417 60
168 245 44
64 384 62
44 274 72
386 474 56
217 304 93
51 109 35
97 106 35
426 429 78
103 139 92
228 273 20
150 489 21
14 431 6
35 410 26
31 414 71
42 168 8
44 354 56
145 223 45
101 208 72
216 471 5
233 312 45
23 287 79
258 337 1
342 348 18
38 303 52
381 409 80
170 295 73
39 285 81
300 377 20
78 390 15
192 277 78
262 488 44
36 451 26
159 443 9
166 433 75
229 484 72
75 489 16
271 427 61
44 167 87
144 211 19
65 259 77
205 287 26
108 250 69
265 373 61
223 491 4
205 316 37
194 327 96
234 264 39
118 377 64
416 446 15
11 468 4
22 133 94
118 240 83
391 408 18
112 253 28
44 305 74
70 281 15
194 479 28
117 435 5
288 351 57
145 461 20
28 185 93
116 468 96
53 442 90
232 388 100
374 453 53
38 189 39
74 466 7
229 299 69
86 319 78
42 204 88
174 364 1
155 471 56
160 270 94
168 279 86
98 197 41
270 437 3
20 296 12
214 490 22
192 452 69
409 439 47
302 352 64
312 328 55
230 492 55
262 390 87
432 437 95
16 467 74
200 299 58
442 484 34
182 402 14
252 427 27
2 404 23
337 451 33
153 402 61
62 456 54
22 342 3
295 451 52
80 467 44
277 428 1
88 428 95
86 131 82
116 441 24
141 423 72
84 115 69
190 342 88
207 254 49
151 476 94
221 440 69
306 468 72
204 297 37
151 416 62
361 490 89
321 344 92
193 391 87
96 316 89
151 405 35
166 421 1
75 486 51
351 387 40
73 379 73
19 141 78
228 454 94
156 394 35
36 250 46
83 403 87
12 16 48
104 425 40
144 342 31
207 392 19
16 104 38
38 482 63
420 421 83
124 315 19
16 242 91
348 389 67
308 492 74
47 56 73
52 112 6
144 274 32
276 360 25
224 354 83
54 337 94
219 332 86
179 446 55
117 284 90
130 469 23
410 475 77
418 478 94
79 317 73
16 448 74
175 317 29
66 214 32
108 442 25
178 378 71
421 426 88
121 346 60
79 358 92
223 484 58
51 278 100
406 458 97
355 478 81
59 407 6
160 231 84
160 488 31
120 417 91
50 55 57
108 254 37
181 440 68
169 293 39
69 458 41
70 224 61
172 382 25
23 185 28
237 433 99
191 238 2
406 478 57
169 390 22
274 316 55
221 474 81
330 464 86
387 390 95
150 157 32
210 222 20
225 383 49
368 417 86
206 264 61
31 406 32
319 467 13
273 285 26
345 389 2
1 112 74
64 374 94
251 493 76
119 210 73
340 496 47
240 495 94
59 117 39
258 305 25
129 317 89
243 342 40
226 237 100
165 173 2
113 244 64
399 401 62
86 174 92
61 343 37
126 270 97
93 105 94
399 492 90
291 422 11
11 31 2
317 364 77
87 189 72
120 288 40
374 491 92
198 221 47
12 373 32
278 437 40
283 439 39
95 413 70
331 418 84
15 68 76
68 486 86
212 290 85
78 130 71
36 133 45
59 64 32
146 318 57
15 307 50
21 150 42
110 309 12
112 192 60
147 206 48
333 473 47
46 188 81
325 440 55
95 405 61
271 443 87
285 350 71
398 447 13
67 345 56
415 464 17
371 468 32
66 172 42
148 445 53
341 377 23
156 202 100
119 389 16
22 54 19
263 307 33
86 97 42
90 458 36
155 301 51
78 307 67
106 202 89
228 250 9
292 372 13
127 422 49
62 463 67
112 144 60
75 230 91
83 269 62
64 78 27
207 409 24
249 361 25
230 380 93
195 223 40
164 220 81
106 190 42
178 202 82
121 124 42
72 349 62
141 470 21
216 495 74
9 227 63
359 466 21
392 424 17
205 469 91
79 381 8
86 126 49
128 478 95
259 327 14
99 265 42
247 342 69
180 444 77
52 364 89
328 346 96
303 385 4
253 355 77
394 494 36
11 319 16
80 436 76
216 473 87
196 413 50
85 206 72
74 308 25
414 453 16
132 158 12
47 464 41
72 90 71
24 207 37
156 205 2
31 204 81
200 295 85
201 216 8
69 305 11
14 387 85
116 381 24
81 204 64
61 66 74
238 403 42
190 207 7
217 228 27
226 374 43
121 395 88
445 464 99
369 476 98
260 375 23
417 435 15
61 91 55
56 322 49
88 235 48
347 398 73
232 250 27
5 435 98
329 483 68
60 347 77
154 265 66
28 213 1
39 140 35
26 390 79
383 420 45
128 298 69
298 358 88
113 318 28
117 455 30
241 281 13
233 245 94
207 228 38
26 346 11
402 471 27
158 365 23
80 481 27
269 403 88
106 189 36
2 4 22
161 424 76
47 198 44
56 442 27
34 159 38
107 178 45
113 186 8
155 490 52
228 417 79
223 242 36
158 434 27
151 155 55
309 406 91
44 55 7
359 385 10
101 125 23
185 186 20
77 363 12
155 366 45
72 443 93
184 198 44
236 429 8
123 225 36
71 454 43
229 410 72
271 350 91
7 80 19
92 259 54
352 487 81
129 262 85
149 469 21
346 442 21
292 321 9
312 372 57
254 384 28
363 499 73
381 452 64
98 205 14
141 420 50
166 467 2
197 226 54
120 331 74
121 152 60
116 200 55
163 236 77
7 200 38
52 455 62
104 202 45
96 188 27
142 290 36
241 456 67
265 370 35
340 369 8
10 279 8
45 427 93
11 46 3
0 451 71
89 411 92
213 279 94
105 359 1
19 483 6
103 460 29
35 496 1
202 385 84
247 326 89
276 465 23
72 481 25
379 498 18
274 419 84
135 497 79
215 363 17
157 376 39
127 142 35
327 484 68
74 321 57
83 476 72
58 272 19
106 129 24
388 478 9
410 426 84
0 345 85
405 417 63
20 283 32
94 175 77
99 357 36
174 229 59
151 439 83
76 106 49
38 107 22
141 262 71
60 166 7
55 291 21
184 304 46
317 369 48
185 309 25
264 427 4
17 57 3
78 441 54
72 168 8
338 450 79
2 115 10
136 314 20
347 367 50
225 285 96
197 210 24
178 319 2
25 228 21
428 448 80
113 259 93
127 228 50
8 450 62
25 270 20
445 499 83
176 213 38
29 229 40
160 430 68
37 448 64
133 193 53
244 457 24
259 318 51
18 91 78
478 488 22
263 265 9
94 487 31
335 422 6
267 382 37
122 355 7
95 492 93
9 486 66
51 358 96
69 347 7
22 412 35
136 272 34
273 456 45
209 419 25
145 155 31
200 294 32
226 478 66
429 497 77
116 324 47
271 323 7
84 297 63
7 382 51
55 277 2
82 165 35
248 301 52
24 379 30
118 332 75
107 146 47
34 316 95
4 397 68
71 235 73
42 253 44
324 333 30
91 118 3
343 463 65
408 420 52
3 386 30
12 216 87
124 308 90
71 443 15
31 51 77
250 307 89
22 25 37
328 474 63
232 369 87
69 449 63
386 491 9
203 284 25
98 415 49
149 461 4
261 335 39
78 296 25
442 497 53
301 313 61
157 165 71
117 389 95
385 479 43
39 404 3
105 265 64
304 371 85
7 8 25
59 60 25
386 423 1
76 265 58
153 378 52
17 311 79
122 483 60
17 477 91
174 289 67
169 357 34
154 308 70
73 279 83
232 488 57
268 487 39
248 336 83
377 396 31
60 397 25
155 340 42
157 222 5
159 437 20
343 465 39
23 241 59
339 348 70
139 291 50
124 423 21
13 437 24
146 492 93
21 396 55
62 303 80
148 216 55
441 452 88
84 149 62
14 114 69
322 449 18
74 133 24
78 416 82
109 382 30
305 454 60
86 446 45
134 258 15
289 461 27
210 407 26
86 411 91
8 323 61
137 200 58
281 392 45
369 426 31
178 383 50
70 493 66
222 416 85
254 393 22
55 87 13
128 461 62
143 196 95
113 269 57
141 325 65
224 272 4
356 423 12
120 497 90
277 494 32
285 409 38
13 125 99
140 412 92
152 227 81
12 457 52
85 98 60
202 312 35
49 67 62
1 419 23
363 468 64
95 205 74
124 247 6
344 457 60
161 470 55
121 468 67
250 269 90
48 301 75
279 318 84
377 439 7
15 476 3
152 347 36
136 312 70
13 144 4
102 215 64
126 435 46
174 257 78
455 493 48
4 156 4
26 61 14
384 426 60
109 442 92
239 399 46
382 463 55
213 446 17
406 460 64
175 253 19
408 493 75
218 269 65
159 357 25
326 375 57
329 375 14
80 141 30
73 74 6
115 419 16
155 389 98
25 129 70
55 422 71
108 484 88
19 286 49
241 300 19
45 75 72
50 246 30
156 351 68
259 396 37
206 498 6
261 404 74
326 449 79
157 346 98
2 483 7
60 106 71
318 490 8
78 170 58
285 432 40
19 472 54
23 317 94
5 233 72
202 397 82
45 46 48
185 490 15
3 491 28
150 491 43
363 479 90
119 435 83
302 369 80
182 345 29
18 324 23
278 373 33
89 485 89
157 301 86
254 439 17
241 370 86
54 383 2
90 489 16
46 338 94
316 360 9
66 191 2
87 376 19
432 436 82
190 357 23
90 370 79
144 351 86
9 13 2
107 196 35
157 270 30
359 383 22
27 308 12
238 496 3
274 344 36
114 175 43
237 248 61
350 440 62
135 336 30
474 499 98
44 431 59
251 484 13
180 425 52
235 307 82
145 403 97
115 300 33
140 341 55
333 432 32
86 223 31
54 450 14
113 452 54
278 419 61
27 165 15
86 439 33
88 293 51
299 358 92
193 375 29
28 374 17
32 303 92
264 318 74
25 487 24
232 471 78
108 145 70
222 477 95
21 191 87
244 415 94
386 456 70
19 380 64
52 452 18
211 433 75
88 472 8
112 157 4
237 327 68
398 418 38
152 478 56
234 464 15
128 309 65
179 462 83
21 372 25
34 281 4
46 73 66
96 407 92
123 331 52
4 483 44
373 424 6
359 496 12
303 378 30
186 493 98
84 456 54
114 418 64
137 173 36
180 259 33
120 316 44
97 347 22
254 471 57
163 322 36
204 343 7
172 412 76
253 479 12
127 392 66
97 185 56
112 119 16
418 465 52
372 453 72
22 334 62
18 456 37
105 461 81
283 423 90
113 494 76
249 269 36
149 466 67
87 191 56
56 483 30
13 389 29
20 450 87
220 331 72
94 267 74
223 286 45
125 437 100
198 213 5
291 427 59
225 451 38
241 257 26
267 494 44
260 490 56
38 235 87
89 106 63
338 359 78
73 287 23
62 249 60
23 372 3
47 331 69
62 295 79
134 366 64
57 464 20
110 175 72
270 495 6
62 457 64
233 247 4
139 303 100
138 329 8
247 298 49
220 345 76
89 304 56
59 366 64
87 156 20
410 486 6
83 460 73
168 241 37
1 45 64
201 299 53
57 377 51
106 417 47
90 442 11
336 454 80
49 464 25
247 327 80
294 371 53
43 367 65
68 251 33
351 489 24
44 77 46
68 489 21
78 340 8
157 196 40
109 274 16
119 333 91
76 307 57
127 475 11
196 280 42
365 404 87
3 352 84
67 149 13
135 380 91
346 455 62
344 363 13
78 461 29
428 453 20
282 351 4
278 370 91
135 300 17
171 282 16
315 425 86
155 484 43
12 326 28
88 305 81
118 228 44
64 470 59
67 386 79
89 442 33
300 404 2
24 336 16
176 314 98
177 224 73
63 236 70
58 157 24
168 490 24
171 377 20
18 65 43
202 237 97
376 484 6
40 201 39
438 490 97
143 491 20
117 370 22
80 251 83
160 221 64
1 403 93
55 73 43
40 334 88
81 257 17
427 446 72
12 439 51
179 286 29
41 129 78
363 449 19
86 94 46
126 408 43
254 401 29
76 473 54
233 298 9
51 147 17
194 351 51
110 197 2
176 436 92
149 289 56
8 228 20
269 313 8
207 224 70
459 465 16
23 351 6
234 459 55
143 254 75
235 255 33
252 447 88
95 433 63
358 456 91
27 314 76
228 290 41
394 453 13
421 476 91
90 413 42
473 481 35
249 443 100
268 461 75
180 246 71
243 463 23
53 327 38
16 317 28
47 386 19
81 345 44
107 211 2
93 242 85
24 303 66
105 169 99
50 64 6
257 359 30
422 488 32
216 431 91
276 375 47
185 307 68
58 497 79
118 384 29
83 261 85
71 95 3
134 368 59
49 390 67
126 315 5
90 98 15
126 370 82
114 326 36
78 83 25
262 429 70
183 387 35
31 377 78
418 461 47
195 431 41
213 436 30
194 198 26
42 205 92
349 354 90
152 404 44
20 299 33
49 172 23
41 387 13
383 485 88
141 209 84
96 373 84
250 365 42
92 209 70
234 350 70
136 407 54
52 204 55
148 336 93
177 192 78
222 303 29
57 261 14
242 295 21
224 251 8
125 202 45
49 63 100
11 436 51
130 206 48
48 270 2
122 448 9
121 148 96
330 372 1
385 448 38
116 414 42
20 168 50
307 340 25
87 103 72
258 369 59
40 223 22
213 471 74
74 342 3
144 419 73
388 476 41
437 475 62
350 456 92
39 432 81
69 188 25
380 438 34
216 261 10
22 269 94
326 350 45
370 388 26
18 40 17
423 481 25
259 377 52
256 425 87
249 497 42
60 196 32
21 253 64
78 217 84
304 324 72
17 301 14
151 379 87
185 442 70
106 159 67
57 218 91
152 352 71
199 414 1
24 477 40
164 464 48
25 339 95
39 415 73
303 469 73
58 429 89
201 321 36
74 478 52
39 284 46
242 435 29
201 301 61
45 355 2
132 147 12
325 465 22
274 296 42
7 222 90
6 156 50
315 441 53
323 441 1
133 412 69
259 445 100
28 399 47
58 136 94
305 393 66
225 395 78
34 222 62
254 424 40
65 415 37
330 387 14
237 337 29
23 142 77
182 207 7
185 402 74
243 499 69
90 467 12
187 318 91
411 489 41
5 205 74
191 268 77
96 266 70
174 234 6
218 347 35
69 353 94
52 307 42
172 367 72
84 356 29
70 128 54
54 79 10
43 480 87
265 281 15
103 202 86
402 497 59
386 461 62
156 414 73
414 421 89
392 421 97
51 222 19
211 385 98
93 364 31
133 361 9
161 290 66
261 299 39
135 157 12
105 139 8
48 451 71
172 380 18
382 385 26
19 70 32
160 333 60
118 362 53
55 150 16
239 407 64
16 136 45
216 298 41
294 452 94
29 199 44
112 318 50
124 306 18
93 346 54
40 121 23
245 265 29
209 241 1
131 312 55
236 452 67
54 62 64
104 452 91
43 348 57
217 395 64
100 382 3
60 92 88
19 320 56
51 465 61
193 344 35
294 499 33
318 491 72
112 443 39
375 458 55
176 259 98
46 272 55
76 160 94
90 91 5
238 423 54
67 112 16
69 143 72
236 371 66
7 220 70
60 90 56
156 421 15
63 217 100
77 435 41
25 449 33
139 253 87
218 364 42
65 299 93
183 267 13
186 229 78
115 195 30
219 302 82
215 437 47
97 175 55
10 168 81
259 264 32
240 339 82
1 132 65
226 282 61
17 192 22
292 344 49
105 215 6
44 346 79
205 420 17
3 121 100
4 398 24
212 398 26
331 406 96
78 386 96
237 271 63
344 483 58
428 440 59
2 472 98
84 424 63
29 216 17
44 343 39
186 348 3
77 228 45
18 240 3
60 496 86
67 146 51
66 278 91
68 111 29
220 317 76
324 375 97
203 384 73
207 209 29
59 129 93
107 185 89
275 387 7
144 474 27
235 388 88
135 190 8
53 56 57
48 77 79
19 404 55
85 283 91
38 120 22
61 351 17
111 412 56
175 202 46
242 358 74
21 67 14
100 413 22
55 154 23
14 51 43
346 495 58
113 322 48
138 327 45
364 391 80
88 89 14
134 177 77
158 205 94
25 474 98
143 275 33
137 408 61
20 470 76
77 180 70
88 397 40
268 473 84
158 175 46
261 400 4
72 476 38
188 395 70
284 466 79
347 478 71
226 431 95
122 185 39
212 237 49
41 305 89
486 493 16
43 452 46
52 219 94
121 367 59
85 294 83
35 182 4
279 387 61
100 396 48
389 424 11
79 340 5
51 97 3
208 373 90
13 306 63
27 89 41
112 416 86
213 420 56
110 201 48
213 408 57
110 320 45
258 443 67
194 277 77
2 357 77
15 20 20
180 392 16
200 261 35
54 67 76
128 138 100
12 110 58
85 182 25
336 345 13
302 402 79
31 189 89
137 205 74
133 234 7
28 30 66
364 434 16
60 256 52
99 332 20
143 409 76
177 239 97
167 375 13
299 368 30
123 408 48
71 464 39
34 51 58
196 321 44
86 92 42
122 204 15
362 417 57
99 304 80
370 385 53
138 361 18
233 274 67
129 313 76
3 153 45
247 410 42
444 480 89
62 209 76
97 227 86
191 335 43
98 388 2
156 469 63
129 371 21
18 284 70
18 114 1
76 198 25
353 463 22
266 461 51
258 474 23
100 339 69
165 213 76
144 306 19
111 289 88
4 364 68
103 386 80
140 295 38
297 397 30
174 481 10
42 222 56
85 386 80
262 277 11
335 380 94
69 295 80
121 442 25
327 409 38
56 282 21
314 334 50
113 209 77
122 198 50
143 354 22
126 258 62
333 478 97
9 453 26
183 393 40
159 385 71
121 204 41
4 372 57
60 219 34
305 400 16
23 139 52
280 391 79
28 264 100
135 139 81
282 391 16
328 459 98
184 279 39
115 377 28
74 176 42
64 483 91
197 310 61
203 271 37
135 498 50
15 325 52
160 407 93
117 225 73
245 499 34
204 496 12
285 446 42
38 130 53
142 268 78
27 75 21
282 421 13
137 475 86
97 157 68
83 167 82
68 425 68
311 455 74
148 161 3
314 468 39
243 474 90
301 434 78
53 214 32
210 227 45
219 418 11
109 123 66
88 387 10
187 308 65
265 352 6
16 374 4
33 106 37
86 403 65
106 345 86
220 361 69
237 391 33
392 410 65
184 379 77
64 485 57
77 183 4
157 491 38
2 476 8
205 488 43
8 428 92
203 205 81
87 351 1
233 331 56
88 167 37
163 479 84
29 130 18
29 144 79
154 354 1
30 241 50
83 255 22
89 473 31
56 101 61
283 367 37
231 472 53
285 449 8
150 224 73
151 283 16
69 437 28
154 231 18
50 70 31
11 407 59
185 298 56
457 498 26
264 471 46
362 404 38
170 472 32
176 315 76
70 480 72
409 413 43
216 417 57
2 20 100
61 304 49
68 224 93
77 410 35
404 460 88
410 420 90
453 455 94
276 479 26
14 72 54
237 421 86
268 435 84
91 202 21
6 123 32
84 102 59
394 480 38
285 370 16
7 172 73
298 445 68
423 492 64
458 486 8
30 334 46
354 367 46
425 461 10
401 428 63
480 489 14
192 230 49
51 248 95
222 491 61
24 179 8
439 444 64
41 185 15
5 268 12
382 442 43
205 459 68
42 499 97
429 432 96
248 382 21
277 359 99
138 406 38
12 198 13
394 440 22
169 204 84
205 371 61
88 497 51
12 428 58
210 270 58
42 425 86
143 407 51
117 365 14
16 394 53
217 249 24
30 499 47
212 350 20
366 422 19
216 437 73
420 450 9
136 480 70
87 91 49
224 262 57
93 475 21
131 338 30
174 253 6
107 433 100
36 468 49
262 435 76
226 255 42
232 497 34
437 456 14
329 369 33
142 490 3
32 112 71
333 468 40
298 486 91
26 169 43
112 203 96
99 267 59
364 416 15
197 381 8
44 198 3
182 185 97
38 404 50
111 124 86
161 272 30
186 450 10
24 213 66
227 441 55
296 452 26
404 472 55
230 253 47
178 230 80
225 259 5
278 461 18
3 264 78
307 393 90
317 391 47
186 254 13
108 310 24
41 171 57
240 483 8
145 296 92
14 147 5
332 337 23
233 432 26
218 396 93
27 62 71
126 277 72
84 205 22
20 149 87
135 375 30
8 286 1
62 390 37
81 293 87
472 494 75
26 250 13
155 315 24
210 220 87
131 397 52
298 426 87
109 203 96
151 432 89
25 36 53
149 219 79
81 356 77
294 415 15
183 286 35
192 225 65
130 386 23
316 355 2
326 496 61
153 304 94
407 442 35
233 473 40
130 383 68
145 225 45
149 249 55
333 461 95
140 269 63
281 466 95
192 469 84
336 433 62
89 232 78
150 422 20
271 349 28
122 321 89
139 391 37
292 428 54
48 423 32
275 293 44
209 221 9
210 397 55
12 344 71
11 234 7
164 234 18
15 453 73
205 239 64
429 470 15
207 457 7
236 488 11
167 187 94
274 352 100
396 496 86
139 354 69
173 433 90
119 470 30
9 303 11
135 154 67
63 387 91
101 251 97
142 331 72
258 383 41
158 371 37
345 488 77
73 428 16
52 165 49
120 360 12
274 455 33
377 437 33
239 421 11
323 357 21
19 489 79
84 176 37
9 361 86
79 244 61
157 355 38
378 446 12
58 247 14
317 370 94
196 201 56
28 66 93
16 405 91
145 339 44
161 342 80
68 199 48
264 358 41
169 430 95
325 497 35
61 391 30
5 45 20
421 497 86
27 59 37
266 317 90
179 459 49
55 316 20
325 411 18
28 397 52
12 292 35
283 284 14
129 271 41
308 385 56
121 154 48
176 317 32
311 331 10
109 296 75
136 261 96
219 486 53
55 75 85
214 385 8
54 250 69
186 447 88
26 46 89
337 474 93
105 156 74
186 328 64
283 388 65
84 105 53
171 309 9
46 347 38
395 499 9
247 460 14
275 430 83
303 494 86
229 474 8
38 163 22
241 385 100
23 359 92
216 478 66
9 329 57
116 410 53
139 344 40
30 318 53
313 423 32
345 463 42
277 366 39
15 105 70
192 304 96
189 465 17
50 499 34
3 40 30
7 454 21
130 138 80
52 456 38
105 125 20
159 414 76
162 409 31
139 277 90
198 492 73
154 214 10
130 186 19
269 330 3
305 376 38
272 389 98
36 296 15
13 295 58
51 154 78
107 137 12
19 377 55
56 196 35
120 311 75
220 349 88
61 401 28
85 484 84
283 300 59
348 426 71
288 434 13
30 417 37
197 249 98
244 448 24
165 490 13
236 441 49
181 236 45
121 490 15
192 264 23
83 218 95
22 137 84
316 494 57
224 483 71
181 308 36
8 331 85
275 297 19
191 364 27
38 290 18
231 432 89
143 295 33
1 292 91
366 433 42
88 229 36
398 490 66
51 194 17
377 425 67
291 349 65
267 473 91
174 305 36
95 493 9
299 301 57
293 402 49
216 301 75
383 391 40
4 368 55
90 132 97
15 138 89
180 280 12
122 332 33
103 472 93
21 430 87
281 294 91
21 215 51
281 335 13
17 275 21
29 420 77
40 371 32
35 231 22
82 348 14
312 425 28
149 337 97
43 371 67
13 174 58
73 247 46
423 433 56
66 402 73
193 300 39
185 455 60
2 401 62
76 332 81
93 460 80
247 475 74
303 382 52
146 202 90
81 305 67
35 132 57
424 495 51
188 283 16
373 441 51
0 152 60
303 329 97
147 150 14
5 457 26
80 333 83
193 433 1
127 316 11
26 348 23
93 313 83
110 134 62
377 389 30
90 440 99
24 174 77
230 246 15
17 39 40
190 303 5
88 135 57
254 315 27
22 188 51
248 425 53
188 407 32
228 346 70
181 221 18
5 410 7
227 250 72
37 128 8
193 398 61
356 369 39
95 339 97
62 84 42
455 483 34
70 471 60
36 298 34
36 284 49
44 414 39
264 422 92
50 177 95
219 461 61
190 492 61
184 425 99
70 370 43
239 487 96
135 257 83
172 246 36
143 314 75
265 481 72
53 413 86
232 282 25
79 321 96
58 129 87
221 308 12
62 385 15
119 414 94
132 179 70
470 489 12
175 294 63
339 361 46
184 367 97
191 310 84
242 283 23
90 211 84
266 315 92
130 135 31
68 368 61
260 374 64
200 364 71
154 237 47
31 70 21
13 378 8
333 416 24
299 434 71
16 249 62
16 346 12
99 344 58
25 72 82
61 320 71
68 378 38
123 164 29
207 439 81
229 498 11
104 210 91
413 450 23
89 168 66
108 498 53
268 283 76
305 366 49
52 311 9
305 325 26
0 116 63
218 452 30
233 263 66
236 497 40
332 480 29
28 307 24
223 489 98
192 439 42
486 499 8
5 130 78
239 273 33
126 230 55
4 363 90
259 261 72
439 467 41
251 433 95
147 169 8
167 271 12
207 208 13
253 448 90
449 476 76
31 49 14
137 303 93
127 194 31
31 162 8
206 222 83
251 448 37
23 289 20
298 351 5
257 493 95
236 242 55
189 266 87
76 114 25
17 397 51
238 280 59
197 305 47
281 341 52
33 48 20
28 466 88
189 437 4
73 205 96
305 379 97
358 477 14
55 236 33
40 354 83
390 414 11
179 238 37
10 55 7
45 125 73
63 218 25
207 423 36
3 189 3
240 323 17
127 288 12
212 400 27
119 205 20
38 216 84
43 167 71
146 279 71
152 189 83
166 388 28
181 220 56
107 450 91
200 250 7
275 367 87
219 236 18
243 290 31
220 438 39
30 328 23
131 301 67
190 422 83
25 222 28
141 404 4
80 163 20
36 246 83
284 436 78
25 401 67
92 253 98
55 499 43
380 381 17
102 462 7
126 431 17
48 329 9
316 499 44
109 484 64
335 370 92
91 169 66
47 284 44
107 432 20
347 376 52
176 429 72
256 481 87
304 454 94
262 461 79
335 399 37
10 119 65
2 493 67
198 201 21
330 482 62
366 377 77
129 388 12
376 471 48
56 495 63
23 431 8
481 494 46
49 365 29
112 214 20
146 342 77
283 421 32
1 139 11
168 497 24
120 295 78
164 333 95
52 104 59
70 269 58
29 489 44
34 372 38
174 271 43
171 333 92
324 377 39
203 434 53
316 481 34
46 434 73
238 340 48
58 477 24
14 53 30
185 234 75
8 123 14
249 316 66
291 367 45
9 88 65
235 478 72
63 478 71
294 360 44
257 280 99
325 363 30
394 415 97
45 445 95
259 372 25
297 416 51
37 288 75
345 386 33
272 461 58
355 480 29
114 237 54
82 262 55
305 308 84
197 330 42
22 240 78
123 382 87
70 211 14
60 317 11
151 403 21
165 468 76
286 395 13
142 337 34
457 476 32
52 260 62
156 495 20
17 473 37
52 268 88
239 442 16
140 256 46
167 488 38
188 364 37
220 478 9
142 310 45
149 497 14
196 405 12
64 252 5
15 249 1
27 169 3
253 495 16
98 381 83
43 334 100
282 308 83
173 244 98
416 456 45
151 396 60
373 385 70
244 499 88
102 325 21
137 250 77
106 348 92
178 414 86
421 435 35
57 469 31
96 133 58
160 347 27
268 422 48
87 171 15
358 419 10
155 268 21
184 449 68
270 364 80
116 292 51
4 182 6
0 86 91
170 171 96
362 467 55
19 202 27
137 192 77
199 273 13
63 262 34
333 386 18
129 151 80
227 245 63
89 111 22
321 441 41
5 251 98
155 399 33
39 362 49
48 51 78
104 297 13
285 340 54
221 409 29
173 288 96
295 322 80
8 92 33
97 380 36
101 478 26
84 455 91
183 464 22
279 469 11
230 232 58
365 420 95
321 380 69
26 428 47
37 125 72
65 254 29
187 283 82
209 459 63
146 245 23
223 394 5
9 310 68
152 348 5
331 473 59
71 170 91
37 156 20
131 450 91
44 481 60
229 364 70
108 229 3
36 277 24
397 425 83
76 335 1
2 250 71
433 495 52
264 323 79
315 491 4
288 484 28
268 298 7
128 372 57
113 466 20
79 98 30
233 387 5
126 363 6
84 371 95
178 270 83
56 311 24
108 224 98
289 370 21
59 497 19
117 491 71
364 453 15
7 293 58
50 438 2
55 91 60
7 483 44
81 442 15
47 259 97
237 364 50
3 83 58
65 401 51
300 328 5
109 249 92
245 436 42
9 249 23
27 193 37
219 429 71
401 479 63
215 276 26
248 486 100
60 69 94
10 84 11
69 254 17
483 494 90
12 253 74
98 155 36
73 231 100
145 332 11
434 489 11
33 354 51
281 332 50
106 114 87
28 251 40
105 420 59
263 346 86
196 224 48
270 321 29
50 443 78
4 136 5
8 447 66
297 498 39
288 447 85
102 267 11
350 367 15
271 364 13
57 193 69
36 78 11
75 340 23
11 88 92
69 481 88
222 336 50
387 443 99
45 64 75
188 313 96
193 224 49
131 279 75
179 451 60
279 388 20
343 420 28
114 395 88
258 290 47
209 358 90
291 497 58
18 228 47
156 407 85
119 440 57
23 93 95
415 422 32
326 391 27
133 144 8
12 301 30
171 406 99
170 477 12
31 289 55
131 269 20
258 422 97
312 496 37
219 265 42
223 441 99
95 304 98
394 434 52
205 211 8
117 141 69
92 99 78
340 454 97
266 468 50
35 131 14
47 449 17
202 288 80
87 177 81
119 430 90
130 156 58
171 176 27
255 455 54
128 365 32
247 487 33
287 483 56
245 370 11
181 482 49
275 358 8
228 249 4
101 223 96
11 264 62
344 484 60
227 364 68
172 210 56
93 110 66
212 431 64
225 405 20
155 458 57
50 281 46
175 349 11
135 350 5
423 487 41
187 305 32
263 404 74
293 316 94
164 179 20
194 412 60
384 478 5
60 257 71
163 209 12
281 427 42
184 389 96
2 21 17
128 484 61
443 460 38
236 396 41
133 156 17
228 365 53
25 429 5
25 57 95
51 326 13
224 370 67
1 463 46
283 331 89
253 274 42
18 188 30
239 303 78
31 116 38
309 322 80
51 464 95
5 46 40
332 348 15
247 351 73
3 67 21
419 457 66
373 479 31
69 363 83
95 403 44
344 473 51
302 381 78
238 251 17
214 476 77
31 32 65
143 338 35
256 391 70
244 434 70
83 281 44
59 491 98
21 137 38
165 192 74
323 361 21
48 123 44
32 143 33
316 376 57
68 240 80
123 289 100
170 344 51
15 396 1
75 106 88
32 367 4
282 360 60
289 426 77
42 392 93
69 75 71
25 334 75
58 310 77
350 439 81
256 405 41
142 256 32
24 149 31
6 471 8
157 175 75
60 117 23
277 435 55
5 64 66
155 380 62
19 441 32
13 396 41
0 444 61
145 486 39
188 446 40
138 282 6
1 235 38
137 414 85
41 186 7
421 429 29
48 303 18
62 275 82
155 233 87
187 386 47
12 397 32
53 359 90
246 448 23
162 216 6
127 437 35
157 476 19
115 196 42
79 332 75
389 391 70
88 332 88
368 428 40
235 241 35
383 453 74
254 367 54
261 409 35
289 410 41
192 321 12
45 156 40
235 336 8
23 297 15
78 89 65
338 390 51
164 426 25
162 496 5
272 482 95
225 347 94
10 180 28
372 430 6
170 291 34
162 428 72
44 466 4
247 275 52
174 403 90
308 426 34
422 426 24
134 306 32
466 492 35
140 364 82
1 239 25
8 167 24
150 457 21
101 205 34
81 331 8
80 332 71
161 319 12
226 386 35
101 378 82
21 128 91
395 479 54
115 216 17
63 201 24
183 251 61
283 339 39
212 272 8
267 374 58
180 359 65
164 429 11
234 369 36
193 406 91
134 327 2
14 493 70
98 475 77
237 367 57
162 441 3
104 424 19
342 446 14
160 252 96
92 362 72
93 376 51
100 473 93
6 50 98
72 262 95
267 360 81
430 457 40
77 415 19
18 461 32
238 415 25
121 488 70
153 195 76
118 292 64
378 407 82
41 464 23
281 313 15
145 459 15
25 133 57
127 241 11
90 353 2
2 391 100
110 176 5
179 313 43
19 125 11
298 478 36
158 319 22
177 249 39
373 407 90
339 431 100
153 321 85
170 499 87
16 35 40
7 100 33
89 475 32
156 488 86
18 50 44
29 446 82
97 210 67
409 478 6
9 145 17
93 199 95
113 336 94
279 296 18
333 407 49
41 343 10
347 408 21
418 446 49
229 422 42
369 391 39
270 344 23
287 450 50
106 365 9
153 185 75
125 322 86
221 401 19
391 451 65
83 404 47
316 462 83
365 413 46
91 465 23
23 353 83
21 450 100
38 281 59
202 355 79
48 190 67
181 411 9
360 459 17
84 334 90
35 332 90
6 424 97
229 466 97
426 491 39
69 447 66
345 353 13
195 499 53
388 475 65
216 407 74
198 496 34
61 264 67
209 379 47
21 329 14
178 442 73
383 392 72
217 308 85
43 93 96
425 428 6
82 201 52
95 267 97
35 152 78
65 499 71
209 456 68
61 204 96
11 66 1
275 330 3
226 328 44
79 399 57
277 483 79
193 401 7
75 211 85
36 101 50
46 219 37
218 388 63
84 218 29
215 314 38
103 232 15
148 204 74
12 218 75
108 257 98
106 183 13
101 327 13
147 448 41
248 475 55
353 478 98
120 345 74
211 216 84
391 403 66
362 413 64
50 465 15
340 463 71
477 478 1
15 32 69
107 381 54
28 269 45
187 371 50
178 416 84
150 343 69
32 263 77
80 412 37
342 468 1
368 464 64
209 239 49
35 114 31
220 410 8
208 307 75
139 240 70
63 273 90
242 337 62
320 398 27
124 188 90
120 482 18
23 355 72
162 293 66
97 143 93
2 271 77
4 34 63
169 380 95
244 288 22
167 292 65
259 342 29
89 243 1
74 473 75
225 493 37
86 256 76
39 236 11
197 422 70
437 494 1
334 445 48
195 484 98
246 461 92
125 461 90
227 426 93
53 450 76
334 494 16
381 383 5
293 359 53
82 105 12
9 444 2
86 129 27
115 443 27
131 265 43
133 259 86
148 305 37
141 357 66
238 448 47
116 180 26
76 447 14
138 468 85
136 328 5
431 432 69
25 201 32
128 306 87
51 229 20
53 351 91
320 436 31
160 352 6
332 397 90
194 269 30
70 325 71
188 422 56
416 420 45
487 493 61
61 84 96
460 473 9
276 324 39
34 270 65
96 436 4
81 205 23
28 322 44
144 460 88
116 194 30
81 391 98
85 411 44
43 145 89
286 315 58
85 104 38
181 405 86
440 489 69
78 414 56
303 318 92
75 455 68
13 330 26
119 280 56
165 251 86
228 424 91
222 378 53
33 254 17
152 267 83
176 297 88
59 99 14
128 236 81
332 494 46
131 159 57
106 280 51
146 180 39
394 401 32
42 227 81
149 457 51
98 145 96
159 165 38
22 35 83
353 440 97
218 411 11
142 245 14
104 201 16
92 391 63
125 153 16
197 257 90
18 321 76
238 477 36
327 423 45
91 148 90
103 242 54
227 428 41
244 334 2
50 365 56
192 455 21
414 460 10
35 169 62
259 323 68
17 493 10
315 482 49
187 423 74
142 144 74
44 230 16
238 375 8
182 339 100
74 425 58
126 476 43
228 337 3
87 348 85
34 434 30
92 240 46
307 482 84
461 469 42
232 258 19
230 363 41
94 493 5
132 357 42
284 413 73
50 473 39
49 378 70
96 246 29
245 415 49
463 497 40
26 287 50
92 128 8
248 440 62
15 166 82
361 439 79
244 324 29
318 360 49
276 310 39
185 406 83
336 354 25
196 377 14
411 481 14
103 136 51
103 308 1
38 417 16
188 192 55
0 93 10
18 312 25
40 52 51
44 49 22
31 342 42
359 470 31
111 238 61
68 80 32
142 415 49
126 272 66
137 494 43
118 215 6
86 202 39
196 353 45
89 210 20
230 379 34
100 254 40
326 338 28
248 454 4
187 352 49
198 299 52
250 297 26
158 416 72
374 469 69
165 424 3
179 280 73
217 307 34
190 242 26
32 122 77
79 397 53
286 433 73
186 364 70
273 454 48
37 354 53
321 386 8
19 158 38
80 169 40
75 247 33
114 453 48
140 372 27
400 454 50
68 355 84
123 336 95
208 350 65
96 259 68
425 498 36
54 203 84
29 167 22
55 194 58
90 291 25
2 187 88
88 112 100
79 307 32
16 301 60
167 467 92
280 482 53
45 244 91
131 229 75
417 462 53
111 145 85
62 464 17
15 351 99
421 461 1
11 262 53
34 330 18
422 481 47
33 198 69
248 368 43
112 465 44
239 473 58
394 477 9
34 268 15
311 480 88
142 416 30
263 469 86
199 420 14
222 297 28
74 160 94
269 396 41
101 401 75
51 184 11
224 228 59
239 380 21
292 490 71
89 403 65
367 466 94
122 375 34
236 272 90
71 224 70
341 499 82
72 184 41
397 423 53
31 466 21
95 373 83
86 400 9
78 346 46
331 487 78
146 248 59
491 496 88
87 368 1
273 396 15
116 162 14
260 417 82
431 453 23
37 467 99
248 369 11
218 277 85
397 429 67
184 326 70
85 335 98
454 496 8
114 165 60
187 321 72
72 492 22
7 494 91
199 372 79
266 343 9
254 487 87
343 460 89
29 316 32
124 358 77
193 484 48
399 439 66
311 317 93
59 448 32
116 348 75
162 379 30
72 454 13
62 175 53
299 460 8
62 170 62
36 294 92
29 117 59
283 426 7
75 205 94
119 420 16
19 268 43
70 381 44
156 360 91
224 437 67
130 234 53
114 476 26
14 256 56
354 366 95
39 104 26
280 403 50
11 366 11
105 185 76
163 373 100
207 308 35
109 257 43
38 194 13
212 468 45
194 326 59
275 331 65
191 393 80
238 245 3
6 84 46
57 289 5
254 485 27
324 479 63
178 398 95
151 415 11
69 73 22
277 421 62
201 307 13
140 394 32
89 318 68
264 296 30
224 433 29
86 462 77
328 415 2
195 497 26
196 324 77
104 479 84
29 463 8
115 197 53
16 375 42
91 309 14
401 446 89
143 213 30
297 439 86
349 448 85
85 277 8
85 111 92
78 87 42
104 190 10
344 350 86
113 298 50
158 299 31
10 378 22
280 450 70
110 308 64
39 100 3
85 147 39
65 384 15
295 315 10
246 446 58
437 466 73
362 472 16
371 373 5
105 372 96
316 382 15
57 225 91
262 312 43
122 168 5
200 272 60
51 342 48
18 404 91
114 376 73
195 342 85
333 477 25
218 407 8
126 412 6
350 389 64
301 302 59
362 433 82
426 477 16
142 437 20
136 188 5
355 482 56
65 473 45
416 454 48
78 487 10
363 381 65
97 356 93
188 268 82
35 323 89
144 462 20
256 453 27
84 398 77
333 391 88
447 472 83
5 19 92
140 380 51
194 467 65
107 246 90
95 114 15
410 495 73
47 249 94
56 429 19
23 84 12
10 356 17
156 216 23
93 195 85
86 95 78
184 478 70
59 185 62
157 424 12
19 296 2
9 459 77
120 252 91
81 128 57
51 388 68
366 431 82
289 411 9
63 488 19
261 439 21
3 249 54
164 351 81
46 205 3
212 360 41
368 453 22
335 379 63
73 185 11
355 379 29
379 466 90
343 400 6
280 474 70
49 257 70
133 228 53
155 223 27
131 173 70
219 407 57
365 460 41
423 496 30
410 427 2
83 240 32
29 479 81
287 317 37
327 432 90
61 421 87
220 376 29
15 165 9
427 494 82
53 181 43
39 120 64
262 480 63
72 431 55
347 364 33
94 178 36
87 451 93
221 235 5
0 229 90
228 481 6
461 480 88
222 479 51
370 395 3
85 482 40
26 300 45
43 91 82
384 443 2
111 138 28
143 180 61
19 256 30
52 292 6
255 399 5
27 469 55
157 228 54
29 356 48
440 457 97
139 191 95
68 445 68
115 397 68
165 366 22
0 317 14
4 429 38
350 399 76
95 368 36
298 456 63
49 224 89
154 420 1
88 194 58
113 476 51
184 284 43
220 355 39
169 365 56
55 176 96
33 59 100
132 444 66
37 199 33
69 293 13
156 449 92
104 352 68
42 101 61
155 234 57
314 422 17
444 447 2
260 414 31
198 337 76
436 453 74
143 373 42
397 479 37
463 471 73
37 276 69
77 202 76
352 374 28
35 395 45
204 417 2
57 165 72
121 290 3
164 452 22
134 365 7
319 412 74
313 432 48
180 227 16
225 486 45
82 327 79
45 405 41
149 324 80
65 373 22
211 298 62
44 491 97
436 443 22
434 452 53
266 439 78
321 447 97
235 422 49
168 376 33
327 471 13
380 492 23
131 222 7
36 139 2
158 235 26
193 499 90
23 67 54
167 311 39
16 345 98
151 496 90
402 415 3
119 150 1
169 370 88
12 217 54
323 464 81
207 398 9
32 353 45
107 447 38
313 469 41
95 478 6
74 287 21
235 435 86
201 433 79
181 360 26
105 339 14
21 249 83
96 444 40
82 230 46
141 333 20
24 51 30
88 114 85
210 319 87
165 286 32
161 385 47
351 380 51
380 432 71
27 135 12
308 380 61
215 459 94
27 201 94
191 229 68
292 359 97
150 350 31
116 152 13
11 433 80
326 475 17
324 492 82
81 221 36
0 425 81
105 277 71
226 465 8
44 261 100
142 484 63
283 292 12
69 210 50
25 341 87
357 430 74
63 213 87
217 218 91
168 345 64
286 434 35
303 326 55
93 479 41
223 321 38
153 259 31
237 453 4
43 450 62
13 254 94
250 461 100
75 144 56
215 400 79
208 407 48
282 478 87
107 138 69
337 488 65
217 472 93
76 367 55
219 441 25
162 191 66
178 455 55
171 175 20
238 478 40
48 248 1
104 381 72
56 244 94
282 320 44
74 184 1
350 489 28
241 459 87
361 384 85
44 60 58
393 427 84
194 202 55
125 495 16
76 266 49
167 177 53
358 436 81
225 281 56
0 304 61
80 426 32
250 498 88
23 423 79
86 339 51
134 497 4
161 461 68
42 308 47
93 311 42
200 392 11
459 486 88
18 35 32
114 130 38
25 135 84
108 328 84
177 327 63
72 346 35
20 402 95
46 280 74
234 313 34
38 126 17
27 88 59
163 207 98
425 452 69
74 288 89
283 328 47
399 423 51
33 381 98
62 96 9
213 312 57
46 351 49
88 158 91
84 158 58
34 221 17
253 343 96
309 314 87
480 481 92
163 377 8
149 175 95
53 307 42
82 158 61
234 302 3
351 398 70
122 153 3
200 292 89
156 326 65
276 373 19
312 430 27
61 94 11
329 378 55
36 444 33
136 222 69
237 288 16
381 398 80
198 203 29
229 275 41
397 415 79
71 375 70
224 339 12
81 271 14
4 290 57
248 431 75
393 447 89
206 335 86
187 411 15
27 82 32
44 140 67
119 218 8
53 392 4
308 414 98
182 281 62
150 211 84
319 395 79
69 256 96
280 313 54
165 205 69
237 360 60
2 47 65
95 280 34
221 379 19
184 374 31
317 432 12
222 440 100
2 5 58
317 395 7
107 267 25
47 287 39
29 270 96
430 497 18
193 359 32
204 287 73
262 297 41
56 175 35
120 336 80
23 395 57
66 465 12
179 458 87
98 180 81
218 412 76
30 272 53
349 407 15
128 203 24
25 472 96
336 369 11
114 121 70
319 408 72
219 472 49
229 452 5
212 297 89
299 389 68
414 428 95
138 283 20
162 362 31
17 458 25
155 433 6
98 453 13
0 303 63
37 441 59
269 466 53
41 66 87
236 412 31
2 123 65
93 468 82
170 396 31
369 486 85
42 72 75
53 158 15
294 485 80
38 286 74
343 370 46
2 295 22
193 204 57
241 495 64
337 398 85
443 471 2
172 188 73
309 431 21
23 164 26
285 399 7
103 238 53
43 481 64
125 247 90
274 361 6
90 482 79
106 438 41
9 259 36
206 212 83
229 369 54
65 237 40
29 92 6
88 156 100
200 411 67
143 355 94
368 435 29
59 241 68
244 458 90
40 402 26
73 364 98
196 447 60
238 292 41
196 408 28
365 425 30
137 233 35
453 475 39
317 411 5
14 164 44
30 446 88
277 351 92
178 225 89
100 361 65
30 382 6
142 365 41
75 166 75
94 364 92
302 387 69
38 470 29
205 499 91
170 197 85
87 491 32
181 347 20
187 193 1
218 242 80
91 278 3
108 125 12
88 155 2
64 204 66
26 34 87
281 484 93
223 274 60
190 457 15
48 274 27
12 254 59
57 139 19
328 366 25
135 477 66
111 310 61
26 81 93
89 129 32
282 293 56
108 111 39
36 463 87
241 356 96
195 238 61
94 179 80
223 405 64
153 399 58
60 119 82
389 394 45
75 414 9
192 370 87
61 499 99
229 302 12
267 424 26
122 391 65
347 443 85
227 480 72
91 300 27
29 315 20
270 324 67
223 483 98
192 299 39
307 410 60
57 293 92
15 355 79
53 284 40
1 367 88
230 396 85
133 220 3
104 139 63
250 319 31
136 373 5
25 407 35
176 229 87
197 474 53
273 477 96
452 461 17
82 344 65
78 136 65
357 411 62
101 135 29
82 429 3
33 127 41
382 413 73
33 95 61
179 289 36
11 243 97
303 436 91
28 86 79
159 491 78
22 29 57
105 204 17
100 352 8
163 374 92
215 361 17
90 248 35
17 483 5
203 276 81
152 277 37
186 375 99
245 343 31
53 178 34
22 493 4
185 342 89
184 433 94
275 375 5
432 491 42
141 172 16
139 485 74
75 277 73
202 238 60
17 161 14
327 347 44
232 456 46
128 409 72
368 400 97
191 270 92
141 202 79
265 336 15
233 260 10
83 325 71
176 205 31
298 477 65
12 49 46
78 171 22
181 436 55
25 417 15
15 131 18
347 433 6
18 202 27
281 421 42
147 486 99
180 268 94
288 451 48
275 393 97
73 277 35
186 297 100
153 234 48
169 176 3
229 322 58
100 409 12
314 485 54
175 192 56
88 123 18
47 362 75
251 483 84
160 466 87
43 262 55
288 427 79
323 389 85
103 368 74
98 331 34
111 225 50
257 270 67
260 368 98
341 367 82
332 488 31
388 466 95
286 363 87
288 421 2
99 176 23
250 496 70
255 408 29
288 291 43
99 459 19
238 299 62
483 491 43
46 126 78
108 223 90
206 458 52
210 269 88
363 380 33
16 220 43
15 398 25
13 292 93
112 219 97
126 245 7
167 348 7
134 274 31
76 320 54
352 430 93
72 434 14
256 355 13
163 465 69
89 388 26
66 250 78
77 295 39
205 276 86
251 360 99
47 286 47
232 277 31
15 386 55
78 279 42
126 146 42
142 234 70
319 441 70
103 418 33
437 440 77
345 359 85
139 304 4
17 180 3
199 318 53
250 317 94
111 189 34
7 15 79
294 461 8
105 479 97
71 125 62
55 218 45
75 265 97
2 350 44
175 442 47
275 345 69
145 299 3
143 493 74
96 107 32
95 416 76
35 407 76
31 476 99
98 400 67
42 436 28
276 478 74
163 344 36
107 342 61
35 363 96
249 343 89
63 472 71
411 496 77
82 323 29
289 290 68
151 304 2
219 250 4
104 116 12
217 350 70
122 229 8
345 448 84
174 350 36
237 479 78
57 325 43
291 312 85
347 359 80
31 443 33
5 62 73
72 118 82
240 244 10
29 198 1
104 456 43
62 260 70
282 297 43
234 357 37
0 311 26
140 379 59
243 307 47
51 438 56
116 426 58
185 413 44
2 219 30
59 406 3
210 303 73
91 247 37
38 84 13
28 299 8
36 184 65
302 357 44
63 167 44
86 372 48
182 336 1
198 312 4
135 349 43
31 487 47
245 403 26
135 162 95
181 437 3
373 472 56
466 481 15
197 405 25
156 224 15
264 395 6
127 278 13
217 426 58
166 300 61
351 487 50
10 440 23
242 371 88
23 208 91
319 343 16
394 404 10
243 262 53
382 408 18
88 152 69
190 448 92
110 188 92
274 360 22
46 391 55
24 293 10
68 365 77
24 193 39
298 332 25
208 385 87
339 408 77
18 399 7
181 407 69
67 221 30
29 299 15
256 353 24
87 328 24
247 463 80
297 459 66
54 154 92
308 482 13
78 422 60
29 430 50
220 374 55
180 483 74
162 387 100
14 392 11
56 471 64
260 304 18
282 290 9
335 339 90
98 124 66
61 167 31
211 255 70
31 145 63
78 237 51
422 485 88
266 463 65
117 204 53
69 402 71
86 147 39
415 454 68
152 179 8
32 89 41
101 402 36
101 321 68
224 466 5
196 493 17
71 166 61
290 351 89
176 369 35
79 341 51
365 457 32
320 401 67
103 148 14
269 358 93
23 427 31
368 369 1
135 481 49
366 385 100
296 343 57
352 384 10
121 460 13
131 272 48
62 337 40
37 44 81
111 159 99
180 473 40
121 368 16
158 283 58
231 460 77
425 426 45
14 417 59
132 223 83
22 286 75
295 438 99
228 463 19
32 222 35
123 346 28
186 432 42
176 234 99
98 115 8
347 416 39
256 354 14
102 417 32
300 343 71
22 212 13
460 496 7
2 90 36
390 482 39
49 241 14
264 413 30
149 261 50
121 133 37
274 491 25
12 178 40
314 354 90
426 480 17
2 303 1
80 250 84
254 282 99
375 415 36
119 452 4
138 388 13
347 425 18
48 407 100
14 476 65
219 479 95
68 409 59
59 354 29
142 345 6
167 420 95
226 372 100
126 366 32
67 392 59
25 104 97
124 242 81
163 282 96
107 403 80
284 430 93
135 487 64
213 231 71
180 325 34
266 489 100
242 275 76
126 228 71
173 349 19
36 88 92
254 298 65
6 70 94
82 89 87
99 145 42
104 229 7
70 81 43
57 478 7
244 250 55
153 218 73
178 422 57
426 486 1
92 433 8
21 123 98
132 183 69
291 326 71
339 416 52
68 347 100
49 155 14
99 243 5
271 387 46
408 497 79
76 400 29
20 444 11
59 350 37
359 366 44
209 497 53
63 259 27
166 245 23
280 443 40
452 474 87
15 401 32
375 484 75
163 493 52
116 294 88
201 410 81
36 242 88
313 335 80
151 327 12
284 397 50
91 472 95
190 485 86
209 376 98
58 207 32
270 283 15
35 235 26
215 494 23
66 358 15
229 482 16
136 474 12
66 344 51
193 494 57
52 60 41
206 330 66
102 382 44
1 286 61
48 49 51
51 494 88
64 363 18
101 195 27
161 303 60
0 492 41
31 498 89
373 481 84
326 376 93
229 278 47
378 479 21
54 261 15
336 355 97
452 478 64
51 226 56
206 425 48
134 463 38
234 235 77
463 487 92
196 254 2
181 300 10
298 350 7
257 414 12
75 358 27
146 462 64
150 338 50
136 348 75
59 301 20
337 412 81
273 293 96
44 394 6
209 262 8
143 420 54
405 485 67
8 108 6
115 341 69
75 204 69
152 288 30
242 457 95
241 412 8
21 437 29
88 373 27
46 353 55
154 433 75
217 495 28
328 377 73
105 377 35
408 463 31
294 345 21
162 251 93
60 146 82
8 444 42
215 239 46
252 333 67
206 221 40
120 254 13
48 305 70
67 312 40
245 405 47
87 344 27
55 116 74
330 357 52
114 134 78
26 265 69
5 356 10
61 454 57
26 400 9
131 495 17
42 189 21
91 427 30
122 145 61
243 343 70
132 336 33
196 319 33
10 162 27
100 347 30
229 376 90
351 449 32
152 398 21
280 499 21
111 419 69
177 404 91
190 456 77
262 276 13
111 191 12
195 394 90
153 226 73
7 102 9
486 498 99
104 443 20
7 10 60
10 15 26
14 232 6
118 439 8
208 477 2
63 131 44
194 480 53
94 136 74
123 340 29
117 121 61
306 449 63
272 278 24
218 275 91
196 328 33
38 105 38
32 423 78
80 443 72
38 342 23
25 47 94
85 454 15
179 311 59
144 471 85
256 392 66
110 469 64
202 266 92
21 471 95
24 332 82
429 473 76
190 222 24
4 303 52
336 443 86
65 284 62
351 374 52
63 430 75
139 225 83
228 372 24
18 305 21
59 430 60
132 138 61
114 221 90
142 467 79
281 344 17
254 383 84
317 433 1
32 219 78
133 318 59
195 323 99
68 328 7
35 311 54
212 489 97
388 436 30
396 402 42
0 271 81
278 388 51
123 186 38
349 470 30
122 269 87
55 282 98
113 202 22
56 220 23
160 495 31
72 99 28
1 225 15
32 56 36
94 458 68
93 107 70
381 384 95
97 300 82
289 310 91
115 171 54
19 176 76
140 374 9
72 152 58
21 209 62
199 234 41
109 488 79
15 50 12
40 310 97
155 497 80
245 451 63
25 412 19
149 243 24
99 263 61
116 379 22
62 320 33
85 274 86
186 485 45
257 396 37
51 173 68
364 375 79
78 277 29
151 421 95
327 474 45
135 138 53
104 117 58
351 438 13
142 164 60
55 274 67
310 420 48
206 402 28
150 165 86
104 258 23
397 448 85
30 336 17
33 416 9
180 190 77
52 256 48
200 241 53
181 210 14
60 202 92
59 243 65
166 449 57
171 326 70
120 171 36
461 486 59
27 475 91
6 370 21
148 331 5
145 457 32
144 308 45
231 386 60
119 437 23
195 260 5
278 293 13
120 191 43
85 163 8
78 139 87
56 390 72
164 222 89
305 323 62
53 475 97
87 429 5
186 232 97
94 242 19
299 383 33
234 311 27
112 498 34
233 408 90
9 97 82
187 444 34
228 430 3
122 143 63
152 241 58
335 435 99
225 287 4
105 493 13
297 415 63
115 442 98
4 455 93
142 481 68
161 288 10
48 405 67
147 364 46
302 360 55
155 342 51
32 247 70
81 452 58
318 368 19
30 319 50
20 39 50
179 435 47
248 366 56
236 333 35
33 146 59
326 467 90
11 142 45
198 236 99
74 352 84
157 392 24
40 175 83
203 251 32
66 85 71
151 455 36
132 312 3
182 258 63
105 240 74
138 292 41
261 440 82
428 472 67
258 452 8
129 498 7
9 410 98
29 259 46
111 440 2
111 492 25
97 146 69
93 132 57
109 398 19
168 171 18
65 287 20
36 113 36
27 266 1
74 228 82
150 384 73
433 442 26
229 473 41
324 353 38
145 347 70
27 285 7
312 353 3
168 434 53
58 309 64
17 278 20
205 209 31
278 345 21
72 323 23
55 398 93
232 338 12
5 104 4
