500 7500
0 2 55
2 3 82
3 11 29
11 23 25
23 55 42
55 63 72
63 66 56
66 70 28
70 96 38
96 98 86
98 118 77
118 124 74
124 133 61
133 141 44
141 143 87
143 170 53
170 174 54
174 181 36
181 211 16
211 214 2
214 216 96
216 217 35
217 220 22
220 239 96
239 261 94
261 270 8
270 275 68
275 288 29
288 339 88
339 348 96
348 351 99
351 364 98
364 384 73
384 393 59
393 403 66
403 404 81
404 416 66
416 435 75
435 437 63
437 461 32
461 470 48
470 472 99
472 485 95
485 492 59
492 497 25
497 498 68
498 499 91
139 269 85
193 444 100
378 429 80
250 304 2
310 447 30
194 451 29
87 140 40
238 498 75
209 368 26
148 293 96
45 356 95
9 244 92
144 476 14
398 444 20
106 116 94
301 350 86
4 361 6
57 311 9
190 413 88
69 105 88
332 482 47
429 492 100
145 393 45
108 110 94
52 434 7
237 312 25
21 52 33
56 94 72
95 373 74
73 285 29
322 351 38
36 207 32
217 277 80
194 271 65
71 111 93
122 236 83
241 274 42
56 232 98
89 363 96
16 471 83
4 450 64
151 152 17
1 409 45
271 415 85
53 271 12
307 449 80
18 379 67
92 101 70
115 396 27
306 359 80
179 444 64
193 316 92
86 380 55
253 420 39
33 35 17
96 411 1
281 345 16
96 447 14
225 362 92
8 50 99
400 439 31
19 460 3
332 438 26
30 266 83
360 441 38
30 352 85
36 218 35
292 347 41
242 479 92
449 482 23
266 292 70
60 329 27
123 294 17
80 223 94
200 291 48
226 462 25
459 491 30
74 392 98
49 273 92
184 402 37
294 464 98
39 398 94
177 401 72
171 370 2
22 375 34
102 333 35
88 113 33
232 380 88
145 473 28
8 209 63
56 406 27
56 126 28
384 430 87
227 236 88
110 283 93
31 42 66
19 293 2
144 234 87
192 334 77
47 253 77
18 430 39
389 404 12
215 334 45
25 272 20
297 341 73
307 468 84
404 488 19
182 460 81
223 345 98
253 379 5
285 467 92
312 427 8
288 490 55
194 205 83
45 49 32
317 495 25
418 479 84
15 121 70
185 410 35
149 229 20
225 277 47
155 202 21
483 496 19
36 56 58
6 485 57
429 484 63
126 348 10
106 150 70
164 395 98
399 483 29
135 437 63
267 492 52
28 374 23
234 378 4
183 403 39
419 472 65
4 40 86
42 129 78
155 186 4
47 126 6
287 326 9
464 497 25
181 242 55
383 469 68
95 138 83
313 439 30
74 280 55
239 398 100
297 473 12
215 305 56
298 358 30
140 478 50
23 181 50
47 343 35
224 257 79
150 411 56
32 448 9
114 465 80
101 472 72
224 328 90
28 97 2
15 340 29
218 263 52
113 446 83
76 387 42
234 273 65
206 267 86
52 344 91
115 210 37
37 429 57
91 150 26
82 116 48
120 416 67
49 126 92
283 391 17
7 435 82
70 190 32
259 324 92
35 220 99
13 228 60
26 318 8
138 310 97
291 375 34
73 496 65
337 391 13
138 416 49
466 481 31
345 399 68
69 480 77
37 266 71
313 432 63
225 344 58
244 411 32
231 389 59
234 318 25
53 192 77
85 385 11
144 339 72
447 494 84
414 423 22
306 391 27
52 219 49
346 349 93
199 269 43
253 478 48
205 496 10
4 283 29
227 484 47
375 441 92
200 288 22
383 406 90
173 278 65
34 76 74
108 311 27
332 494 65
165 485 94
179 471 75
68 239 2
144 247 9
36 196 100
238 290 97
203 318 15
203 244 60
59 290 68
258 345 27
76 485 10
102 453 93
133 144 66
298 330 21
139 183 26
14 107 91
177 300 94
125 156 32
345 378 98
8 93 69
111 363 58
97 330 82
82 188 33
333 399 47
117 196 45
148 305 81
6 288 1
8 234 7
77 186 67
32 287 19
174 415 8
263 471 83
239 404 3
83 97 22
222 250 100
88 478 69
192 333 21
313 334 53
26 495 50
128 280 62
162 362 51
448 492 29
122 412 41
272 326 24
264 290 28
239 402 6
274 333 49
305 326 49
128 422 16
3 304 21
117 240 32
174 335 48
370 406 52
101 437 82
22 286 57
35 217 71
93 156 83
45 366 70
91 409 87
303 497 55
169 475 67
128 317 40
92 296 17
224 430 67
55 147 32
174 238 22
109 351 85
22 384 100
144 430 42
129 341 83
99 252 55
128 362 34
23 419 70
99 339 72
117 164 4
497 499 82
46 405 80
41 102 56
14 397 10
106 180 28
209 313 81
183 438 4
111 310 47
358 499 50
106 498 2
214 369 50
63 360 85
204 234 25
196 348 19
38 336 43
286 358 95
429 440 50
303 469 92
1 286 88
327 455 100
409 480 13
44 447 92
278 341 16
190 389 29
54 257 1
334 431 49
114 265 11
59 73 71
270 412 4
241 390 94
148 438 85
32 109 74
50 456 83
469 486 55
11 416 3
79 125 69
231 283 69
2 409 45
343 457 64
282 476 42
160 202 76
354 417 54
264 471 43
42 302 25
54 356 96
34 121 28
87 378 11
261 375 16
89 469 72
258 280 15
161 267 54
141 477 10
273 369 56
62 473 41
79 246 16
177 452 19
375 439 74
310 413 35
193 378 95
3 104 53
215 446 48
435 481 36
67 132 49
74 111 82
128 146 68
117 193 57
27 371 29
29 69 45
25 395 27
31 285 15
99 271 24
319 331 30
273 311 74
39 420 89
280 407 47
82 140 70
264 495 85
126 316 76
121 182 71
0 277 6
289 485 28
287 297 12
132 423 4
170 183 35
258 460 45
212 257 82
183 210 15
162 444 27
110 161 51
23 144 12
125 132 9
143 321 61
58 278 86
50 490 18
65 141 53
153 269 47
26 154 90
182 283 57
164 348 76
210 441 75
158 356 86
20 362 2
298 465 52
69 108 41
67 138 23
47 377 6
83 458 24
121 460 95
9 238 44
27 199 59
20 229 48
30 88 3
46 326 53
165 315 83
232 477 51
357 461 61
138 218 95
256 407 66
82 227 50
141 338 6
289 399 2
370 398 9
2 218 72
463 471 51
41 257 54
408 453 31
101 488 74
446 493 30
265 271 17
115 483 26
126 412 3
26 420 43
34 85 81
100 218 54
386 481 85
213 219 20
413 487 96
289 355 80
305 473 17
87 315 63
211 454 41
297 433 10
37 40 20
125 440 69
198 308 99
68 415 4
425 466 31
94 475 95
35 68 88
61 217 43
147 177 22
46 80 13
37 479 72
22 400 99
244 329 23
286 374 63
44 393 52
43 371 3
286 451 21
27 195 2
122 129 48
14 216 96
119 221 19
317 447 24
243 433 3
161 177 36
93 126 17
274 470 89
57 373 47
192 488 62
186 346 44
86 368 96
294 335 89
103 415 59
132 462 31
204 483 7
89 253 32
57 72 47
253 404 34
86 149 70
275 441 4
162 254 90
13 72 83
102 494 74
115 350 71
277 286 64
5 81 91
289 403 34
173 338 63
99 443 37
122 328 59
173 322 61
48 228 53
26 276 19
237 259 23
52 490 36
21 343 91
36 370 2
334 473 29
322 379 37
62 295 50
357 394 83
84 175 85
333 473 70
394 452 100
20 403 39
205 362 38
141 410 3
298 453 15
298 436 1
97 396 91
375 478 20
0 152 27
301 460 2
8 289 89
37 354 41
262 353 51
16 407 68
341 400 54
101 265 23
48 271 51
316 441 64
174 357 62
131 236 98
100 391 92
30 128 62
321 423 12
159 325 39
232 372 96
12 203 5
157 217 13
84 334 94
386 456 62
98 346 54
158 298 29
436 458 61
299 477 16
138 238 77
274 414 73
424 464 65
33 476 9
213 459 83
224 345 78
142 316 55
117 496 6
48 412 98
50 158 34
298 375 39
189 477 55
63 465 88
275 291 3
174 273 16
450 458 27
97 381 75
174 177 98
348 386 52
100 431 23
162 388 14
233 261 12
287 387 94
142 289 71
345 359 44
6 377 15
266 269 65
21 168 87
276 364 11
334 366 34
435 485 33
0 453 20
183 422 56
151 492 96
414 474 35
102 338 51
114 230 63
65 194 40
200 366 2
240 377 13
7 34 89
74 475 70
427 461 44
194 239 15
435 467 58
81 395 46
163 177 17
117 264 41
196 403 58
170 191 80
86 372 98
23 324 34
311 429 77
19 223 90
17 197 53
152 453 84
170 426 57
266 392 55
81 325 53
284 468 48
366 375 16
203 418 82
28 92 20
58 472 75
56 133 4
85 278 92
316 406 66
289 455 45
104 243 31
299 476 74
208 274 30
47 241 48
367 431 29
35 254 78
328 426 76
164 237 70
295 456 74
174 241 11
7 228 48
340 421 8
184 304 72
226 231 26
57 443 2
480 487 91
125 365 17
5 243 90
231 373 76
17 256 38
60 403 47
361 465 35
289 359 82
169 317 90
24 310 72
255 315 48
89 409 17
2 119 51
98 482 10
257 429 92
255 394 99
30 113 84
100 481 8
92 361 11
4 353 8
33 254 16
196 318 44
160 454 99
36 119 75
232 273 70
177 362 75
174 386 13
169 466 69
43 212 28
72 163 34
75 276 13
230 279 89
17 378 90
249 395 36
298 362 37
42 235 20
220 495 49
88 353 5
61 256 73
32 338 10
146 202 89
144 257 68
275 395 65
44 213 70
329 364 18
62 496 66
25 156 88
37 279 78
288 300 22
221 328 18
248 334 42
359 458 4
457 473 21
284 329 6
302 494 69
276 449 35
51 497 22
121 327 12
106 132 75
24 485 87
117 281 20
100 249 46
25 374 30
158 462 40
354 355 75
191 372 50
219 376 33
46 185 4
358 479 64
369 472 85
131 260 64
154 231 90
180 469 49
206 363 60
186 209 98
33 291 37
334 452 44
327 436 4
9 231 47
29 344 86
196 237 39
39 186 32
99 179 34
80 322 5
215 274 4
169 173 28
221 414 64
292 299 29
83 421 44
182 498 47
366 388 35
188 483 86
1 399 77
299 392 83
171 409 26
302 362 7
406 473 6
280 332 99
134 235 5
81 459 58
10 403 59
276 469 39
128 287 25
321 417 19
27 151 74
264 457 72
409 460 100
144 294 60
114 303 61
261 296 76
85 362 22
347 441 30
73 117 15
30 204 84
189 207 40
225 432 43
278 397 97
29 30 63
66 452 80
36 117 67
197 289 11
93 394 13
228 484 28
81 425 91
185 354 29
272 372 10
9 402 15
334 462 51
65 122 38
73 475 32
30 466 95
186 483 5
364 423 95
116 441 55
170 325 31
469 480 87
425 497 12
173 423 31
155 345 28
334 463 20
49 134 63
11 328 21
275 486 100
25 254 25
155 499 75
105 153 29
169 256 36
156 238 98
193 369 73
317 415 45
160 320 89
164 336 7
92 343 83
276 457 19
360 415 22
109 204 61
389 470 14
114 215 56
1 331 18
33 367 34
120 223 44
326 334 65
83 282 51
195 258 24
76 238 90
10 103 35
140 309 29
286 440 41
212 259 50
202 272 64
8 199 90
100 251 72
80 302 29
120 173 48
14 484 78
3 221 94
103 287 91
455 493 60
112 472 85
417 465 26
182 289 64
56 252 98
457 470 48
151 488 38
54 198 91
15 347 100
173 397 26
73 217 81
194 395 64
12 368 79
29 316 58
82 444 74
224 284 61
48 298 4
286 337 68
273 313 92
47 55 95
296 372 28
295 302 13
270 422 53
339 415 29
108 323 6
75 363 30
81 187 51
10 455 70
23 66 42
203 402 82
198 492 18
30 441 100
112 345 62
228 236 81
58 458 1
293 445 14
358 484 16
163 275 11
115 290 74
287 325 72
270 398 43
93 266 50
299 380 25
405 494 39
226 469 65
99 495 12
211 311 65
11 113 82
13 280 82
357 390 58
330 394 5
366 418 44
24 265 79
270 446 75
22 156 5
163 426 90
6 47 33
356 416 24
254 418 43
301 428 22
21 228 64
10 45 5
22 293 20
96 120 3
445 446 75
25 33 45
58 221 23
79 264 66
30 180 55
225 480 9
2 235 59
150 412 39
113 384 78
244 436 75
304 337 69
234 486 92
13 182 21
32 201 14
194 232 23
202 258 70
57 81 80
75 484 52
86 129 31
186 264 91
482 493 34
117 189 79
150 161 32
187 251 58
23 266 68
421 463 93
247 430 94
66 284 65
234 423 99
127 249 23
157 385 24
40 166 88
67 471 25
0 190 85
150 209 60
97 185 95
73 188 22
206 385 85
75 150 43
103 420 30
259 414 42
327 357 95
116 326 42
198 235 98
254 436 16
92 251 15
150 238 94
107 142 14
78 341 18
190 412 81
99 253 78
6 226 79
310 412 66
77 499 57
179 189 87
274 339 18
22 164 78
67 252 64
46 106 12
41 193 90
34 186 92
27 261 68
340 360 3
38 378 82
146 495 2
28 144 13
70 210 91
21 247 69
326 433 19
23 227 35
275 336 26
5 159 49
213 472 30
93 123 81
255 402 79
143 365 10
206 353 99
385 414 97
352 455 54
217 313 91
255 483 59
119 444 74
223 323 28
26 94 98
409 496 88
175 497 16
157 426 98
119 185 58
222 480 72
37 169 88
431 475 74
292 303 80
95 150 89
211 461 64
193 338 32
283 374 42
44 132 19
36 244 11
97 449 49
1 206 99
256 290 5
15 207 61
236 384 30
240 243 76
122 364 15
83 156 53
274 380 34
223 321 15
120 333 48
334 411 98
234 250 69
259 453 56
251 393 7
254 465 65
327 339 73
3 294 50
242 354 100
202 234 59
57 188 5
188 259 43
226 245 10
320 324 83
131 178 6
280 380 27
308 375 28
242 431 58
145 280 96
31 273 80
77 425 34
72 405 8
94 355 34
50 461 56
113 395 1
291 303 20
105 174 74
415 427 66
246 487 58
113 202 26
39 373 90
360 399 5
311 381 24
5 41 38
38 121 72
132 460 71
60 118 15
59 370 59
23 368 29
216 309 13
183 405 46
229 482 47
1 271 84
11 228 27
10 445 10
63 381 45
14 205 44
100 470 69
39 449 72
25 75 49
279 495 100
66 420 55
30 189 8
247 254 17
348 433 28
191 433 53
205 351 82
328 416 48
53 199 75
119 457 84
363 498 92
79 210 91
149 286 55
74 424 78
6 334 77
410 476 47
126 345 73
209 485 71
20 306 4
272 386 96
104 473 4
130 205 28
340 442 46
25 456 27
258 402 39
76 103 39
237 373 100
413 457 20
199 379 93
58 175 81
476 488 58
67 152 22
264 490 17
144 365 29
3 158 78
201 386 46
248 338 30
142 462 15
51 383 54
183 359 64
9 281 44
354 402 72
185 439 9
298 423 45
200 382 37
315 393 8
402 472 22
440 442 65
132 353 25
126 420 4
138 245 59
133 273 39
324 469 74
136 321 34
88 268 66
22 259 34
284 471 43
146 396 49
208 385 62
112 366 42
18 458 32
23 275 46
271 318 10
205 334 80
156 192 79
270 347 1
179 238 90
199 491 80
247 426 49
37 308 77
118 458 68
437 458 46
6 16 28
308 370 7
118 379 42
392 492 86
167 444 54
1 38 45
279 329 50
156 323 64
282 395 21
251 281 52
208 433 29
196 336 72
284 391 60
448 489 42
77 230 88
177 246 5
322 416 60
189 224 15
83 91 72
195 409 3
225 240 15
271 363 93
350 465 3
422 436 85
386 470 48
37 489 79
141 394 62
299 389 92
221 266 3
18 389 64
209 247 17
370 417 54
144 200 9
12 164 82
464 466 15
129 494 96
334 446 97
115 218 66
74 287 46
430 460 60
252 487 48
198 372 50
41 379 22
306 401 18
21 156 7
36 343 87
263 329 98
121 366 56
161 224 65
296 496 89
72 295 58
24 27 8
9 236 67
56 355 37
149 417 95
56 152 42
53 456 84
274 418 4
56 63 64
369 413 21
377 430 11
36 152 87
123 374 84
481 493 78
350 427 2
1 332 7
2 341 4
93 169 97
148 156 97
43 112 76
382 470 26
451 473 32
2 264 64
274 350 6
24 336 1
342 479 60
131 444 57
70 151 52
9 324 17
6 29 48
15 334 40
154 184 5
375 458 41
396 421 89
440 461 50
29 393 83
175 426 25
358 434 35
229 323 30
37 306 53
150 291 69
318 332 55
98 143 74
218 368 53
67 155 79
258 425 10
172 226 63
330 397 12
352 478 75
122 226 100
129 437 42
41 92 13
317 324 45
239 379 36
105 159 48
218 258 55
147 412 80
197 471 23
395 421 70
110 346 70
162 170 37
142 329 61
279 344 41
364 447 37
423 490 16
28 184 20
373 438 77
71 213 19
50 307 56
111 458 37
142 379 89
146 448 14
111 268 21
319 408 27
46 141 96
0 435 29
221 314 72
161 165 6
425 438 82
282 416 34
169 331 20
43 177 74
243 424 71
21 172 53
201 214 7
125 258 13
268 467 45
262 409 42
184 379 20
156 250 18
47 121 99
233 385 2
298 470 37
71 189 48
181 438 100
315 385 14
401 423 43
96 323 94
5 412 40
269 293 31
213 360 7
237 488 41
264 351 23
216 475 18
154 317 21
7 122 91
165 329 79
62 423 8
189 257 51
156 178 21
105 368 5
41 265 65
108 459 80
220 377 38
254 258 47
87 96 33
117 431 61
105 454 93
100 238 94
212 422 78
256 296 29
398 451 98
180 254 27
340 385 29
107 417 43
292 380 20
284 437 14
32 330 89
421 482 50
16 420 23
63 460 81
113 125 50
317 342 61
309 493 98
40 479 30
159 498 11
203 235 34
254 385 82
165 199 2
268 320 3
163 254 38
174 249 48
74 398 59
284 351 89
125 377 94
291 300 36
163 286 8
207 326 49
41 286 1
209 382 92
18 454 51
105 430 67
382 482 44
186 335 26
327 404 23
146 375 51
383 487 40
62 381 32
261 376 20
9 85 62
423 442 32
95 131 18
241 405 85
44 86 4
214 332 5
234 368 84
122 219 66
345 495 66
20 128 16
133 248 1
296 431 61
5 172 74
17 182 89
302 320 84
47 263 15
315 339 36
228 409 56
37 434 7
180 241 99
266 371 96
84 299 93
7 352 46
26 321 67
80 202 69
38 482 27
338 450 82
166 293 23
277 404 82
23 75 10
40 343 93
72 103 60
20 203 59
186 192 34
10 462 49
28 383 43
30 135 50
82 139 36
231 253 93
167 448 80
14 438 76
8 188 20
276 420 39
175 361 22
70 188 83
28 369 91
305 394 97
88 354 61
243 282 40
18 329 1
61 260 75
40 101 60
311 418 49
174 198 6
247 431 55
305 475 91
66 453 14
205 396 46
51 104 63
398 402 76
237 471 41
304 465 80
129 183 24
455 482 94
85 352 99
12 110 66
207 486 72
18 400 48
208 467 97
127 358 58
86 88 75
100 146 4
43 464 51
40 218 75
174 311 18
92 148 58
283 366 38
211 240 43
152 158 19
50 253 15
5 388 28
78 414 45
36 426 78
448 486 99
188 242 48
6 38 11
47 480 58
341 357 68
139 199 49
318 445 31
216 310 34
201 467 74
70 462 42
140 470 50
253 279 35
25 158 39
266 457 50
357 381 83
245 324 73
434 491 32
40 294 94
124 417 66
267 442 34
159 338 95
72 209 55
6 60 70
396 455 78
403 430 10
16 35 14
431 449 21
56 450 16
129 138 82
45 319 58
265 284 69
103 379 95
158 167 32
184 277 71
33 76 46
152 221 95
16 128 95
37 376 100
424 490 1
384 481 25
201 210 88
105 289 57
4 133 32
56 273 72
118 351 63
113 226 6
22 497 72
124 252 32
335 355 50
161 353 81
2 234 91
26 205 76
161 212 53
111 484 92
178 290 12
260 384 11
192 468 84
21 385 3
178 257 58
250 349 99
183 382 81
160 480 80
233 246 84
302 327 58
205 236 31
18 342 22
405 462 86
193 458 77
259 426 35
157 276 41
243 384 10
312 399 59
112 424 70
194 289 61
136 174 95
291 483 70
87 171 31
128 236 49
149 239 85
234 463 85
326 379 43
124 367 31
2 86 21
189 416 100
70 465 40
62 355 82
125 187 77
167 193 73
325 477 90
83 257 2
7 264 95
76 499 29
377 415 97
255 352 95
48 174 68
222 251 35
25 41 78
42 226 83
137 316 73
50 468 75
136 276 87
225 365 72
301 391 37
170 439 11
112 285 97
35 83 65
263 408 49
290 462 99
162 278 84
341 414 88
255 433 79
38 443 51
56 410 73
148 344 91
31 96 10
25 412 74
102 477 29
31 426 27
121 153 15
228 444 27
138 142 70
98 204 27
147 442 43
7 256 86
81 116 56
186 305 65
69 353 10
248 386 87
262 300 53
235 386 64
273 462 82
393 481 76
225 453 83
121 261 65
243 285 43
73 224 75
104 321 6
209 267 98
324 470 90
254 262 75
223 334 89
283 342 38
4 211 45
80 215 75
94 409 4
219 447 10
282 462 13
217 228 27
199 340 57
78 105 74
26 195 27
140 260 72
115 439 9
128 330 37
106 331 37
22 348 24
238 351 75
51 75 18
170 220 92
202 444 24
105 371 66
277 475 79
246 499 58
225 354 70
20 258 52
62 190 79
159 299 70
158 258 64
12 235 43
162 234 93
83 309 27
294 391 88
32 462 68
389 419 70
15 211 75
312 432 73
470 477 63
90 203 81
358 477 38
262 281 11
394 407 97
176 403 87
19 400 87
84 301 47
242 333 51
163 409 79
404 490 37
181 337 60
192 242 80
47 364 6
46 365 98
283 464 69
219 450 24
434 467 50
65 421 62
117 421 68
48 314 43
152 413 36
296 492 98
207 317 70
93 341 43
3 130 12
101 366 34
148 488 84
407 425 88
382 423 84
214 410 44
344 380 90
114 158 12
367 475 31
100 239 35
115 327 78
254 443 53
211 403 26
104 289 55
84 333 67
218 282 64
204 451 95
49 298 82
135 186 3
62 312 62
148 262 93
162 206 50
189 390 48
32 245 51
287 443 86
36 442 18
119 178 67
298 370 14
32 438 9
117 195 49
231 493 7
360 468 70
333 485 63
358 459 20
106 205 30
95 303 39
244 310 40
197 438 53
130 380 60
152 333 35
0 403 33
21 149 84
7 219 90
222 427 99
226 247 38
493 496 79
8 333 80
302 316 76
35 238 58
90 206 89
108 228 91
321 438 98
13 193 51
2 64 58
351 416 64
300 330 98
115 342 82
314 470 91
216 280 94
100 182 59
107 175 11
32 453 67
294 396 7
141 207 19
106 318 47
220 371 7
228 387 54
100 314 79
289 378 96
167 177 36
243 444 29
159 167 72
149 153 62
344 442 92
102 372 17
244 407 88
220 379 9
40 327 17
152 403 52
192 358 83
223 231 33
107 184 23
375 481 35
264 274 77
199 321 92
235 324 62
97 377 51
252 453 46
56 145 35
35 113 45
159 199 83
21 109 57
460 486 6
240 276 49
234 358 68
62 144 71
82 462 61
178 484 96
113 253 54
64 270 64
313 366 60
210 462 28
63 329 11
45 225 55
436 495 56
213 422 29
224 358 10
57 175 22
68 198 9
317 390 5
200 268 16
77 123 92
195 338 1
88 357 26
69 319 91
72 206 75
0 211 88
70 223 11
276 341 55
93 165 84
261 399 70
32 436 48
287 441 77
332 455 4
35 415 54
220 467 68
196 335 41
313 483 95
196 354 14
306 467 29
345 492 99
190 222 87
137 437 9
87 242 13
122 228 42
65 402 87
52 468 37
307 335 12
70 403 94
112 253 59
285 499 7
120 295 73
159 215 15
343 485 47
178 401 97
97 171 72
76 132 37
6 382 72
162 373 29
136 304 57
301 487 28
205 272 77
39 246 27
341 376 33
168 228 29
76 163 2
59 405 98
72 449 79
141 430 54
96 414 84
326 356 48
327 478 84
46 242 20
420 458 48
365 384 19
352 393 68
267 291 79
45 243 52
165 245 10
258 421 2
219 350 82
336 399 46
146 367 33
4 465 21
338 466 44
351 483 72
178 445 63
161 188 78
346 496 51
244 440 65
147 195 45
191 304 99
285 480 96
98 375 22
93 425 55
181 208 59
196 473 96
14 368 44
130 264 40
122 450 86
353 428 94
62 109 46
227 244 98
251 254 73
58 78 88
256 273 93
442 488 27
293 401 29
151 236 23
31 310 62
269 371 37
92 171 36
414 427 67
287 472 41
79 389 61
290 415 67
142 361 17
200 386 61
311 448 66
284 368 95
397 460 31
252 277 24
312 367 6
7 116 10
343 369 85
89 184 54
36 212 98
147 423 90
251 412 7
193 282 22
133 380 23
133 462 5
18 59 26
231 296 94
56 76 43
197 226 45
5 126 94
212 418 63
94 490 1
103 483 60
389 467 26
212 312 98
271 485 57
218 411 87
39 234 14
328 380 1
176 250 50
49 123 27
53 402 1
281 352 51
48 58 82
66 476 9
43 104 48
181 347 57
23 334 13
118 213 7
20 464 8
80 153 34
68 354 33
79 439 50
38 361 58
5 462 32
81 246 92
70 180 44
238 426 53
305 410 95
486 492 20
107 294 53
202 302 51
310 331 7
40 339 40
88 94 65
404 419 82
174 398 69
25 50 66
319 429 4
61 324 65
328 412 33
92 262 22
45 112 5
6 310 19
143 311 27
51 286 40
252 399 12
2 173 38
221 244 18
26 37 85
295 479 80
113 465 65
179 206 57
276 315 20
213 330 33
142 204 91
36 187 55
220 225 50
65 276 9
62 221 100
14 114 43
89 432 25
26 437 79
109 483 25
271 281 35
282 337 45
204 352 1
34 304 5
49 304 98
312 409 37
46 73 44
199 382 52
397 407 14
167 182 30
104 308 94
296 427 75
103 159 75
160 388 38
56 440 84
16 461 88
0 452 42
154 455 86
207 458 34
77 483 8
6 149 28
238 428 54
29 189 78
99 483 82
12 188 60
313 385 56
248 360 36
135 313 63
93 320 41
138 324 25
284 401 76
54 293 62
242 477 47
191 198 77
90 192 89
105 236 88
69 233 76
188 198 33
147 425 34
102 308 84
170 346 57
27 70 86
61 490 10
344 450 17
206 350 31
156 473 97
58 268 64
227 432 10
380 482 21
103 225 63
223 490 37
379 435 88
78 212 25
484 487 72
252 479 63
174 490 26
139 234 28
68 182 27
102 267 55
81 205 31
62 145 58
415 486 73
91 347 52
172 262 90
192 421 76
129 271 91
455 463 10
146 267 65
229 476 89
77 267 67
175 352 36
438 486 5
281 465 43
42 107 56
199 385 22
99 320 69
54 193 27
343 392 51
63 254 17
146 212 48
418 449 20
82 367 19
20 494 80
103 132 25
10 30 48
105 338 89
63 104 36
49 487 20
136 199 33
301 359 48
280 416 92
111 445 49
30 114 31
277 312 46
30 363 55
236 452 35
179 251 2
191 250 66
218 425 33
81 103 75
120 383 80
170 266 22
151 300 18
94 326 58
75 256 29
17 60 51
349 498 79
272 439 66
294 412 82
354 406 54
277 300 96
76 435 34
105 198 12
254 289 13
48 427 34
343 422 89
225 297 71
75 421 78
69 437 6
194 350 13
53 147 48
352 376 81
47 76 37
114 346 23
62 270 59
210 321 50
108 141 23
305 435 52
324 412 7
219 342 73
184 433 82
201 486 8
16 345 86
77 287 48
239 445 88
160 373 50
206 409 44
1 40 51
441 488 59
87 463 59
44 68 22
295 366 38
8 136 74
114 390 7
116 291 11
265 316 51
144 327 28
208 469 29
385 410 46
399 498 85
336 488 83
110 327 13
121 209 98
84 463 79
170 352 50
201 450 82
132 144 18
3 266 84
389 471 34
138 369 45
335 367 78
170 308 10
359 364 67
283 431 28
161 440 48
105 121 3
170 327 87
130 136 96
201 356 25
43 463 66
284 413 1
322 377 44
22 86 36
106 349 86
164 476 76
140 349 9
199 482 68
308 446 57
297 384 57
376 491 43
143 158 31
50 189 56
214 343 95
91 488 25
1 215 6
64 273 10
159 247 60
233 398 72
241 296 60
72 300 25
119 247 2
126 359 99
175 351 30
106 357 76
291 477 62
36 462 11
267 292 82
149 378 12
71 112 39
54 336 14
164 194 74
38 219 76
90 441 70
128 326 45
84 171 26
172 360 22
183 491 66
265 440 58
267 312 61
289 298 93
55 246 41
102 388 93
26 407 85
77 93 53
194 490 63
319 352 39
65 335 69
304 359 37
77 232 27
192 318 95
198 254 22
86 400 24
99 302 85
201 469 94
281 329 96
40 411 95
56 451 7
50 161 17
1 107 38
56 218 49
225 472 5
203 409 82
138 278 42
57 457 61
329 365 66
43 70 20
22 488 20
66 499 37
235 313 5
46 186 54
90 198 99
56 462 97
73 192 70
277 373 31
26 333 80
63 146 91
79 275 71
21 271 51
244 330 27
185 487 53
132 432 5
40 177 34
137 374 11
18 295 59
96 426 20
186 329 12
216 420 1
56 372 95
15 219 89
247 298 30
49 403 100
31 207 22
61 463 18
47 404 14
119 277 82
20 190 40
0 462 67
91 436 84
166 372 78
7 458 19
25 129 67
142 203 55
129 493 85
106 112 85
170 452 54
119 488 44
207 262 18
222 382 91
33 302 24
175 178 12
155 293 83
278 291 36
38 82 56
7 207 72
141 311 66
137 397 81
379 465 98
179 479 77
165 482 61
239 394 8
355 393 31
242 305 13
435 449 96
234 350 13
439 494 17
68 352 87
96 158 58
33 281 78
89 344 96
233 404 16
168 273 87
133 390 99
112 319 14
193 427 16
51 95 49
234 329 77
139 449 19
30 106 93
234 275 74
80 428 87
250 435 13
332 354 25
112 377 45
49 431 21
194 411 4
123 492 97
22 458 36
369 399 6
76 149 52
204 489 12
207 221 44
318 490 15
102 304 65
82 493 66
393 462 61
244 252 79
381 430 21
79 132 16
152 377 63
38 196 48
375 406 23
293 458 36
351 415 81
78 221 37
77 299 20
12 88 16
262 474 99
95 283 5
386 412 86
52 471 71
24 164 78
362 372 29
124 156 95
79 131 1
274 492 78
161 316 71
156 242 3
255 396 97
256 258 58
2 324 97
355 449 93
59 265 83
221 287 5
24 465 68
462 495 83
159 168 62
150 293 66
153 227 54
75 455 38
156 353 61
37 367 66
219 467 10
165 451 87
44 134 30
35 173 51
475 478 97
173 233 63
167 218 9
67 473 73
50 399 11
273 329 58
29 283 7
103 425 17
270 413 53
47 356 53
170 481 47
238 496 42
191 215 69
90 415 15
38 134 20
109 393 29
426 445 44
17 448 49
76 290 52
43 436 12
7 354 66
14 225 46
329 407 68
12 43 49
107 469 96
174 340 68
152 240 18
31 180 62
159 287 77
346 386 77
142 450 94
170 223 64
247 353 33
109 165 99
110 488 2
374 448 99
79 153 36
314 424 79
295 373 57
205 386 34
86 188 46
34 229 41
59 246 89
397 481 11
401 485 91
328 484 21
112 151 89
4 102 92
216 326 6
408 440 35
30 446 7
91 491 27
302 455 73
3 316 47
26 402 41
249 374 31
110 117 74
308 485 40
63 298 74
165 475 100
238 394 66
132 345 63
87 101 63
3 365 45
13 409 92
123 238 83
237 422 42
50 130 47
27 171 90
131 228 1
357 472 3
154 452 82
197 215 75
52 225 63
83 494 82
304 498 78
41 474 6
150 464 89
49 470 71
116 252 68
222 429 27
29 77 23
97 315 59
103 141 50
319 402 42
325 408 57
30 153 13
150 252 48
60 427 7
250 291 63
269 354 7
181 380 87
136 162 31
357 419 77
136 382 74
99 463 73
481 483 8
72 283 76
264 464 56
202 439 39
119 252 51
186 478 77
397 497 49
439 497 66
189 486 88
114 288 54
125 458 68
289 464 55
66 344 67
318 440 58
59 219 40
311 378 49
275 414 93
220 460 16
275 426 87
53 158 27
237 415 8
337 447 75
28 201 61
184 216 44
93 158 65
151 221 38
13 475 94
130 370 79
205 262 78
133 166 83
42 214 50
244 385 8
332 355 96
343 462 27
79 89 50
410 416 77
95 428 30
215 265 73
44 74 46
360 427 52
74 309 77
377 450 85
89 323 6
190 317 16
95 301 80
29 483 94
51 421 29
39 493 39
17 202 14
47 214 35
138 315 46
36 364 51
160 381 2
132 200 98
115 470 93
49 177 73
13 412 69
115 242 26
44 312 63
98 139 47
55 473 89
77 384 89
315 468 91
250 281 89
351 354 1
4 69 77
47 493 18
19 287 73
51 407 51
216 331 24
46 115 44
21 382 63
196 326 58
270 365 88
374 395 48
74 102 60
35 380 69
446 449 82
20 106 60
295 416 21
462 487 48
22 211 15
47 116 66
33 301 41
207 249 6
134 177 81
254 408 54
40 438 7
123 345 91
113 447 4
109 246 98
37 129 9
244 245 86
291 488 36
420 424 79
122 306 46
124 236 86
35 322 82
4 87 42
269 304 56
225 250 40
260 276 2
160 182 91
19 336 90
5 485 37
365 385 46
47 205 56
250 416 55
44 455 35
27 148 43
205 269 77
0 265 78
220 285 45
60 62 99
51 127 41
239 408 65
32 128 85
116 265 78
142 254 44
79 256 35
91 393 47
147 339 97
189 222 82
118 185 56
62 175 77
145 373 38
175 418 37
168 312 71
10 378 17
180 285 62
80 270 74
117 215 30
16 214 6
45 487 61
53 98 81
18 481 84
79 105 20
58 188 54
60 379 21
103 465 74
347 352 67
336 483 100
359 437 42
138 335 55
356 377 65
62 216 44
151 455 32
80 277 80
135 301 26
389 437 4
132 227 89
204 341 70
171 369 22
59 297 88
16 322 31
286 423 74
125 432 65
177 389 67
161 371 31
96 190 32
161 249 99
13 434 73
163 385 3
116 174 60
19 121 25
73 295 13
343 484 99
288 482 6
252 271 75
86 141 91
107 428 98
197 230 28
378 436 26
215 226 8
61 174 97
112 133 3
163 280 81
8 288 91
474 499 49
165 435 43
229 366 91
380 438 49
209 323 27
322 428 21
29 87 97
176 473 25
169 241 56
65 488 60
114 227 90
187 195 59
79 308 48
116 445 64
253 269 96
285 382 83
0 240 98
107 285 89
15 421 32
3 217 90
209 405 89
2 102 52
251 478 100
246 342 2
146 392 64
271 490 81
18 471 50
55 496 53
171 310 26
167 347 39
97 100 57
139 328 92
7 353 89
415 440 9
235 445 94
1 231 75
163 173 2
187 365 5
6 460 95
49 309 51
239 333 85
23 343 34
141 164 14
163 451 2
363 459 71
262 293 2
309 419 14
249 437 8
233 294 79
59 262 51
181 316 60
303 423 16
68 77 63
44 207 92
255 373 60
90 157 10
60 129 59
24 387 23
294 491 44
58 64 32
56 80 41
117 429 83
95 203 99
90 344 56
275 293 42
346 448 77
166 431 27
28 494 74
52 483 4
149 402 21
167 447 70
223 301 56
87 181 48
70 480 90
153 387 13
154 426 82
150 285 18
202 254 16
397 495 24
163 392 42
193 468 1
120 191 48
86 469 95
140 455 38
302 310 83
110 381 96
177 406 21
322 409 16
12 497 41
237 287 94
58 127 35
29 412 50
191 420 12
144 487 82
187 406 80
221 335 73
80 484 41
17 42 37
274 368 87
266 486 47
117 227 79
140 299 13
180 196 69
247 469 54
285 345 89
116 188 54
180 299 12
41 410 90
119 136 58
24 397 64
120 375 45
164 269 76
202 320 75
18 306 5
80 193 3
117 239 64
2 352 70
141 395 99
409 478 37
7 291 58
101 470 74
43 105 25
260 455 11
360 443 48
116 446 67
18 464 100
463 482 81
385 459 100
115 488 29
442 495 38
198 374 61
346 419 85
67 226 26
200 301 87
7 370 54
333 400 54
6 373 69
128 214 82
188 308 26
318 366 7
78 423 46
236 272 81
18 407 64
137 164 61
6 409 88
123 133 40
171 395 25
123 417 92
150 457 42
182 366 70
122 186 31
88 326 43
274 396 80
250 334 38
130 460 53
324 446 56
132 156 7
155 338 47
377 392 76
98 229 16
19 248 77
403 485 76
372 375 11
126 219 42
170 297 10
162 354 44
19 332 96
283 353 1
117 451 39
133 343 83
120 268 48
39 263 44
212 419 45
73 338 51
88 254 5
290 442 31
132 307 7
119 478 82
20 271 40
258 478 55
243 383 99
44 168 67
248 354 18
3 197 4
93 430 45
39 417 57
311 391 41
316 334 41
127 335 59
422 495 31
34 389 38
190 366 60
142 216 70
41 487 16
442 484 77
164 218 45
295 437 56
79 353 45
225 268 77
137 372 95
57 499 61
18 323 67
43 431 79
303 327 22
268 322 36
147 150 62
55 457 48
321 339 57
150 247 28
19 484 32
157 181 67
370 415 93
194 354 28
23 409 29
19 407 38
56 216 39
299 471 33
53 392 42
40 376 80
74 254 95
122 418 30
98 499 86
223 469 74
156 348 45
340 434 84
153 217 12
75 357 14
218 287 25
35 378 22
127 250 60
317 322 90
62 69 53
40 428 22
184 491 53
283 289 93
109 423 59
328 376 91
426 434 53
212 330 22
141 151 99
151 447 51
11 242 95
54 292 60
120 228 48
159 401 73
144 202 13
191 393 63
493 495 72
87 329 27
25 313 66
168 364 28
182 371 27
221 352 60
105 222 9
381 486 51
3 141 54
30 71 90
66 215 75
394 453 28
131 230 64
74 103 79
29 318 16
126 336 6
192 286 74
79 374 6
199 412 66
25 214 74
104 372 16
243 427 76
422 491 79
68 207 49
17 260 82
172 376 20
295 404 48
118 236 93
202 323 83
255 431 50
38 194 98
379 494 90
183 298 32
229 303 95
202 262 100
202 474 53
60 83 100
29 351 13
185 378 82
255 341 83
174 440 77
332 484 42
72 84 47
57 281 36
101 199 84
212 327 7
339 435 88
26 451 42
147 342 16
269 322 89
273 288 58
84 413 76
285 475 5
191 255 64
448 483 4
310 333 33
105 226 4
109 172 59
136 146 64
343 463 30
178 309 62
236 269 13
181 359 96
100 110 88
63 124 21
371 405 58
293 471 79
218 231 17
289 424 72
263 397 11
329 378 76
9 235 55
434 466 11
73 230 35
200 411 58
350 423 50
304 309 28
16 441 42
229 382 54
393 455 42
108 409 33
19 85 75
249 439 56
184 355 8
126 237 77
364 376 22
203 468 70
13 469 6
270 394 46
172 209 16
453 486 4
382 391 92
142 180 23
38 330 81
316 447 12
293 389 81
315 491 13
6 49 73
134 200 45
10 105 44
25 216 53
245 290 70
236 421 72
382 454 42
14 476 1
64 472 7
287 420 42
417 446 6
218 281 31
99 269 58
127 480 39
367 419 15
37 42 89
110 333 22
161 468 68
392 484 19
89 316 2
123 343 96
148 495 37
283 318 27
62 174 86
265 297 63
11 439 81
293 380 91
61 317 99
361 461 12
39 317 58
490 498 96
283 426 79
8 29 46
27 453 12
235 327 47
147 356 53
120 252 62
31 245 33
156 422 18
40 416 83
40 271 89
154 179 79
341 483 2
115 257 61
38 321 19
260 311 95
55 161 33
61 185 17
429 469 78
294 390 55
232 442 72
55 333 65
245 331 4
195 491 84
365 424 59
54 405 77
91 474 100
110 439 45
132 387 70
56 74 84
336 460 57
266 469 5
422 463 57
282 459 94
179 226 49
160 334 93
342 482 80
138 479 75
75 412 77
145 418 84
144 352 26
10 248 99
140 248 43
45 199 24
97 216 76
180 364 28
244 297 88
29 196 99
243 343 79
326 453 9
75 481 9
11 249 31
393 440 73
102 231 83
117 143 23
70 92 62
71 453 66
98 190 30
40 242 13
331 453 71
108 408 2
327 368 82
109 309 57
157 312 59
272 378 63
207 407 84
3 477 62
19 404 92
145 284 100
217 264 97
259 270 79
7 429 1
31 169 42
214 432 11
387 496 69
330 350 85
367 484 23
379 478 63
378 435 38
98 437 79
80 439 58
425 430 16
242 432 63
324 404 86
210 352 66
181 363 80
282 336 53
364 472 21
21 94 23
103 239 75
284 392 32
114 436 71
89 467 48
254 371 19
38 183 59
236 423 41
59 122 75
110 415 27
173 220 89
74 248 44
329 425 36
229 295 93
68 359 57
237 249 17
37 490 100
266 433 9
387 389 48
15 472 46
76 264 1
84 448 6
31 32 99
49 138 74
258 334 11
41 424 40
372 391 81
20 409 65
330 453 36
209 386 59
140 437 67
347 453 70
226 302 66
103 168 27
149 381 62
30 219 25
133 325 55
190 251 67
44 280 28
337 459 4
444 470 75
176 355 91
466 499 28
387 406 25
27 132 36
3 100 92
415 444 11
297 453 18
19 452 51
243 459 15
223 283 78
33 368 45
65 346 79
32 238 76
186 446 42
347 399 86
10 219 69
355 451 86
35 475 10
185 344 54
160 461 24
271 414 54
183 236 84
190 410 66
1 42 74
42 251 14
50 245 46
391 418 92
321 469 25
76 483 80
41 246 72
58 98 90
124 126 55
112 476 21
298 393 92
161 344 44
214 248 66
237 344 79
137 177 16
52 134 32
15 379 26
43 282 10
154 468 34
26 474 98
190 202 40
90 134 97
263 441 63
89 327 89
98 306 23
157 256 6
50 398 86
123 371 8
222 292 99
219 267 97
237 353 99
206 488 33
374 431 3
86 256 94
261 433 56
79 99 82
13 211 23
36 314 44
10 410 77
456 486 76
93 172 62
56 301 35
461 479 72
49 93 95
122 441 83
216 218 76
76 253 17
68 325 62
127 233 28
228 393 67
245 261 52
225 383 26
59 152 3
250 309 97
78 197 39
168 284 51
388 403 38
37 47 86
21 450 35
104 460 75
45 195 29
149 274 16
101 278 46
99 286 60
197 458 19
117 338 19
45 206 17
112 295 58
169 481 13
166 490 85
313 426 74
159 260 25
312 403 28
331 393 82
275 306 81
282 309 43
309 312 93
241 325 55
271 469 25
74 281 96
223 358 1
271 342 51
65 162 80
242 401 22
34 314 15
184 188 4
190 432 74
10 46 11
182 221 92
474 477 69
266 489 42
172 186 64
196 212 83
262 399 78
65 146 24
349 456 18
249 274 91
254 306 22
52 89 30
253 464 58
13 184 61
5 394 30
100 321 56
105 260 13
60 353 51
210 394 32
40 300 59
187 333 87
137 446 42
407 441 46
187 459 99
29 152 36
93 335 45
19 299 37
170 411 59
55 332 57
9 375 6
165 382 57
31 386 68
41 147 75
176 314 12
258 453 92
84 89 39
201 422 57
10 429 65
360 451 78
47 191 45
202 282 88
250 351 74
373 412 55
276 330 75
83 484 38
79 84 78
179 278 95
312 490 97
123 401 44
286 464 51
38 66 2
171 365 3
259 347 31
162 392 94
243 288 95
83 188 40
201 281 67
240 328 86
153 322 82
82 166 5
8 179 6
146 473 6
129 174 77
73 346 92
29 441 1
59 494 94
380 457 88
311 407 24
60 253 32
368 393 84
76 491 46
287 408 46
117 319 91
247 378 71
207 454 76
41 301 12
40 466 92
40 344 95
283 468 83
241 403 90
54 130 91
35 491 68
416 468 20
126 347 76
58 196 75
217 447 63
57 80 27
152 481 23
176 329 35
57 104 35
172 441 84
317 338 1
348 479 92
62 234 3
102 323 52
78 327 4
5 91 19
2 414 71
88 492 10
114 137 8
173 227 60
35 355 36
14 47 72
343 452 94
312 334 88
224 320 49
183 261 66
149 468 2
303 381 33
370 467 66
473 496 30
290 292 99
262 369 9
277 424 74
378 463 69
275 408 87
37 305 57
347 457 8
132 475 18
230 265 51
30 87 32
62 340 49
103 119 61
162 247 65
8 412 46
249 483 29
195 278 62
62 71 26
141 163 96
307 436 94
66 379 13
32 215 43
391 437 65
368 403 62
10 486 49
110 486 15
402 494 8
173 420 85
89 291 95
155 307 90
88 194 80
18 321 25
216 229 28
297 498 8
3 122 42
113 232 59
33 246 15
122 329 73
208 479 79
207 398 83
207 211 84
11 119 74
22 425 53
210 492 4
72 456 62
204 353 44
88 235 69
44 149 43
93 148 34
44 183 53
48 456 14
467 492 47
239 262 75
248 251 29
214 221 71
217 474 85
18 472 56
219 362 38
9 257 36
106 368 8
290 474 16
140 337 65
174 289 54
9 490 39
126 158 16
87 476 99
31 317 11
213 270 77
13 215 72
443 478 49
58 218 58
320 476 82
23 92 28
362 444 40
124 446 56
399 428 60
30 170 15
233 412 53
173 180 31
41 206 25
133 334 14
318 389 73
294 487 77
359 477 26
279 355 47
51 196 98
120 384 78
1 253 60
190 364 17
125 388 20
67 329 82
84 489 20
188 410 81
437 467 86
41 317 50
302 315 79
15 71 100
432 453 52
151 417 60
64 173 45
43 378 33
13 185 95
248 362 80
237 417 32
260 429 18
105 374 90
292 434 51
373 420 19
172 482 35
382 478 12
72 176 43
289 489 99
130 442 53
393 459 50
66 211 39
99 172 65
123 393 33
59 326 76
321 377 16
126 478 93
474 478 11
225 470 99
253 489 64
251 379 17
138 340 76
83 451 44
335 364 26
244 355 83
308 499 89
136 191 68
413 468 89
91 465 52
2 36 23
78 207 100
25 473 24
109 206 55
157 469 56
171 186 50
12 122 2
408 482 79
98 195 21
170 335 97
57 409 74
133 312 55
24 353 83
101 311 6
46 184 28
47 52 33
294 376 59
103 295 38
387 399 6
101 476 90
126 429 65
32 281 36
96 316 37
301 499 82
260 476 14
95 398 10
106 253 86
248 448 70
98 436 13
72 491 45
154 473 82
297 353 84
89 444 15
132 220 18
172 452 84
99 194 52
122 403 44
151 356 12
215 269 64
256 431 61
165 173 73
354 485 21
17 95 72
51 138 66
141 328 48
293 298 66
170 371 45
71 442 18
63 484 76
362 496 31
249 465 28
125 297 47
108 247 69
10 295 40
129 455 31
451 463 32
53 150 3
248 465 36
290 450 71
76 342 59
56 175 80
136 484 7
279 420 24
390 474 57
202 482 8
281 395 17
13 384 3
402 432 65
7 120 77
55 350 38
173 297 56
241 461 4
246 336 41
40 399 50
43 162 43
288 408 56
173 421 36
299 377 49
114 269 84
105 160 16
226 290 26
335 449 77
93 412 30
95 277 55
128 445 11
147 257 30
1 305 40
65 418 52
25 252 48
37 140 35
259 322 46
86 390 79
320 363 38
197 491 64
50 305 14
147 180 30
317 428 1
205 260 59
85 337 30
109 400 10
218 441 10
278 474 1
77 447 57
103 337 55
133 450 12
227 255 62
295 444 74
118 241 60
224 312 19
181 296 69
96 147 64
64 252 61
148 425 99
48 340 92
110 280 6
12 384 34
183 314 60
338 432 94
189 309 28
27 293 4
148 466 33
200 229 87
180 228 77
117 341 34
359 489 62
198 307 24
133 287 11
336 459 86
192 380 25
188 218 29
254 266 4
184 358 86
87 353 38
133 210 36
380 408 60
27 33 13
121 277 30
111 123 1
275 308 86
3 279 67
133 278 87
22 124 4
1 262 5
112 268 76
167 172 89
248 340 84
176 197 23
27 197 80
418 419 20
14 458 87
25 307 46
99 325 11
225 234 12
108 402 9
101 219 16
359 422 29
288 292 85
212 471 84
57 142 43
166 461 99
195 485 11
173 175 68
109 166 26
307 353 45
209 336 88
177 268 57
55 303 43
117 270 8
209 426 45
199 490 6
330 415 90
304 372 3
257 463 60
212 467 95
3 328 23
107 118 29
66 302 10
270 434 29
113 448 76
365 406 61
462 493 38
389 451 94
291 452 98
390 413 87
0 69 68
10 118 7
122 499 97
456 464 54
17 276 66
79 325 83
59 144 68
30 176 7
152 338 20
308 459 30
123 453 31
311 486 82
23 139 36
246 405 40
91 333 74
88 145 97
234 267 19
42 335 15
222 344 71
168 347 29
48 361 5
20 130 2
28 335 30
53 482 64
202 281 57
138 348 12
51 123 95
183 364 43
273 387 63
297 424 64
59 199 24
262 275 77
296 414 94
8 195 8
266 309 25
405 467 42
45 434 62
58 257 65
259 487 88
306 394 61
176 350 24
285 416 63
128 469 66
203 444 93
82 421 72
15 297 86
1 58 69
57 481 1
98 188 68
213 364 34
7 423 35
156 318 31
157 224 46
84 116 93
47 463 76
77 346 40
163 257 17
56 493 55
48 483 33
190 398 16
217 334 86
387 497 83
417 434 51
203 487 94
12 327 35
188 220 26
145 447 20
219 223 56
208 287 25
132 400 58
0 357 92
432 463 57
218 346 27
11 437 57
18 41 12
38 401 21
245 443 95
131 201 48
312 435 91
83 325 95
8 137 22
136 266 89
228 485 48
50 257 100
106 264 74
161 479 79
241 452 21
11 468 3
364 365 41
87 106 52
105 184 75
171 479 8
426 496 90
28 451 76
57 205 82
241 355 26
28 133 88
337 340 99
351 496 68
46 385 8
162 300 62
270 485 1
255 276 31
53 394 15
84 160 99
27 46 1
257 495 76
125 249 16
195 453 6
102 277 6
329 416 36
318 466 59
253 414 73
235 464 32
427 496 75
424 443 44
157 306 28
255 429 21
400 473 89
100 459 60
127 378 67
110 194 10
61 246 100
122 251 45
2 247 81
133 381 1
70 217 35
254 426 100
183 274 71
270 294 32
194 249 81
200 496 16
54 445 99
106 168 73
136 142 52
266 306 6
45 259 77
393 418 14
75 342 2
94 329 34
41 207 100
202 447 95
170 248 13
12 206 37
133 316 48
191 387 52
379 477 48
410 440 90
27 346 43
296 416 37
225 414 28
200 409 81
249 369 83
0 123 28
14 32 38
30 392 100
163 224 28
238 366 21
115 324 3
307 421 18
375 483 1
322 478 21
125 217 91
122 452 36
237 298 89
65 221 92
153 444 92
179 280 23
310 397 84
198 494 31
124 231 41
180 440 10
299 470 22
295 345 68
100 337 18
417 472 94
79 485 36
169 324 40
217 459 5
225 395 24
98 414 63
248 264 23
43 486 88
359 432 84
63 233 38
128 303 38
457 483 77
283 375 13
174 360 69
291 294 46
28 417 97
335 456 29
15 124 96
296 466 100
28 493 80
234 307 68
139 303 28
165 407 15
344 422 39
258 487 91
82 498 75
209 424 98
43 492 86
269 324 33
43 221 61
208 383 86
384 439 72
27 94 4
370 377 7
1 422 84
41 244 64
107 128 95
216 446 90
39 72 40
2 225 44
178 273 48
222 358 82
113 353 94
370 494 65
54 482 87
218 393 12
234 395 17
116 189 96
376 427 18
218 310 61
157 381 94
219 261 92
198 399 1
345 369 34
300 320 43
128 403 92
97 280 21
150 372 91
72 346 31
358 476 97
130 184 34
302 324 8
128 281 41
70 228 67
161 407 81
124 362 9
272 486 12
289 325 5
132 211 58
102 259 14
208 437 13
164 266 92
120 349 73
137 174 83
117 375 3
98 362 27
79 359 19
299 351 82
192 402 50
170 414 68
412 449 47
122 440 23
94 147 23
182 213 15
49 296 88
313 474 2
202 412 47
320 415 96
12 333 32
36 219 51
102 484 94
24 204 4
228 341 59
347 445 42
170 221 73
199 357 93
150 394 71
54 387 12
159 277 92
140 358 9
195 434 20
222 436 61
51 315 69
29 150 95
123 451 4
193 240 69
15 122 10
93 273 78
64 191 65
304 486 69
208 309 2
76 173 8
367 386 12
6 402 73
115 119 2
84 283 19
222 385 52
126 222 67
181 496 77
121 248 81
111 342 60
131 202 79
119 256 84
181 446 42
212 291 15
340 350 22
116 491 30
39 265 12
152 425 8
151 181 98
287 304 85
124 353 5
169 300 74
173 358 26
347 458 73
162 337 48
69 422 77
217 438 40
313 392 19
46 225 24
300 397 39
312 454 49
163 329 77
70 166 67
400 489 54
215 342 20
10 315 83
154 286 41
183 486 16
335 441 80
282 325 98
51 399 44
192 417 61
197 223 21
222 458 15
308 461 19
245 247 16
74 360 44
108 111 20
21 198 82
83 341 72
230 232 86
12 150 67
68 387 43
146 411 94
367 492 59
152 306 97
115 370 99
289 303 31
340 444 86
77 375 75
209 257 89
292 327 41
317 346 55
48 163 79
292 314 75
148 437 22
240 460 21
271 437 89
108 475 97
277 366 89
102 208 99
189 223 8
323 367 77
66 236 16
68 348 62
167 242 35
289 451 5
232 474 48
383 394 99
157 454 31
93 316 50
4 257 31
421 474 82
27 489 2
35 139 2
114 195 41
39 408 13
121 423 19
129 429 22
198 346 42
130 466 58
272 451 12
214 414 70
290 446 36
235 480 92
359 467 42
171 249 10
63 152 97
76 461 62
43 443 58
150 370 55
80 438 2
211 348 80
63 65 41
104 262 21
174 197 71
200 310 71
101 350 69
9 89 7
225 386 64
143 201 58
78 129 97
251 340 4
149 355 3
360 393 63
200 305 15
246 382 47
263 459 37
160 382 28
77 481 71
24 269 98
238 350 59
223 299 42
117 468 89
154 404 91
228 307 85
280 389 51
303 383 12
21 305 27
174 395 64
285 444 24
51 64 39
213 407 100
86 212 81
8 370 75
179 187 74
44 76 98
321 416 6
328 377 86
202 408 84
321 328 100
304 426 55
149 261 79
264 278 11
2 356 19
319 488 86
172 495 22
252 259 77
14 316 29
118 339 45
186 333 49
288 406 72
34 446 2
14 37 79
174 405 55
181 484 57
7 86 42
33 417 74
130 485 15
97 205 26
178 378 74
124 215 56
246 319 57
48 262 22
351 393 25
62 219 30
57 383 16
27 435 93
28 216 82
58 99 30
6 257 96
18 338 97
39 305 64
176 400 20
2 487 52
203 221 85
252 425 53
64 96 25
61 435 6
200 277 90
118 421 84
47 212 60
310 354 1
460 469 24
82 187 19
43 188 63
253 359 4
25 112 39
207 311 65
87 299 54
74 448 20
398 430 84
35 483 11
139 261 59
448 478 45
52 397 83
286 499 20
61 151 2
8 65 24
164 263 7
321 371 40
196 445 96
204 376 45
433 499 86
153 304 69
362 483 27
16 155 58
18 83 68
257 274 30
257 275 30
118 385 12
8 220 84
41 404 27
54 409 79
347 466 40
186 229 80
18 147 92
131 147 100
294 455 62
188 439 45
141 404 41
119 406 54
115 254 82
199 290 53
455 480 26
140 279 65
113 383 18
161 387 35
42 296 39
186 479 92
418 498 17
175 329 92
348 358 15
10 310 72
56 190 5
47 252 42
10 137 68
56 338 29
17 112 95
266 471 6
217 235 40
20 237 1
4 146 73
334 436 26
61 352 25
21 423 25
283 395 87
243 390 84
130 349 64
380 445 35
46 328 19
191 276 38
213 373 30
223 241 32
231 473 98
300 497 58
24 77 97
145 491 90
130 383 4
20 230 82
55 82 23
44 262 57
276 377 11
243 265 13
300 493 17
346 375 8
28 340 55
21 376 46
188 421 4
404 498 98
323 364 64
312 341 34
193 380 46
131 368 90
89 164 81
74 483 74
34 320 55
174 302 45
180 327 31
28 262 51
379 449 50
55 467 34
84 465 43
369 492 29
37 226 83
181 335 40
407 424 55
243 245 38
176 189 68
96 370 6
65 442 59
239 437 10
35 120 65
42 220 29
59 98 51
75 368 21
303 304 98
213 315 99
213 281 61
126 281 3
123 385 95
31 414 5
228 418 59
120 388 8
138 293 100
216 418 9
231 272 46
353 390 80
108 397 43
179 411 46
207 438 77
158 329 60
398 460 93
41 292 36
176 392 77
141 409 30
357 429 79
45 352 16
39 155 75
339 387 53
184 479 32
47 395 81
133 308 83
56 172 18
198 200 65
143 443 90
116 151 20
83 456 32
213 332 2
73 378 53
126 388 48
359 383 57
222 260 11
7 318 9
267 354 99
112 202 91
55 231 71
193 439 11
81 467 38
315 387 100
134 319 83
265 362 12
28 489 5
170 231 2
65 169 12
7 261 45
307 451 40
26 70 30
179 236 19
216 226 44
55 186 8
484 486 22
147 228 55
135 494 38
360 389 23
12 136 53
154 499 16
191 466 59
124 311 27
33 167 99
323 384 83
212 424 100
68 213 43
278 460 31
273 300 81
144 208 61
264 456 75
138 482 78
361 484 59
213 440 65
361 473 23
226 464 51
111 312 19
60 108 36
152 185 72
326 353 34
406 416 79
16 490 29
287 448 89
198 361 14
99 309 94
243 409 22
398 464 92
293 436 18
299 362 15
16 418 23
172 232 23
98 168 59
491 496 42
15 70 29
106 455 7
74 180 73
332 479 62
236 252 13
88 264 45
12 114 5
410 481 75
263 314 47
244 492 25
184 213 79
179 245 63
188 466 3
284 292 67
62 77 60
35 148 36
30 80 85
129 282 49
363 485 41
294 465 22
298 331 33
193 456 50
0 228 88
92 107 21
230 280 83
101 454 83
262 388 9
146 408 49
53 478 67
70 296 7
357 445 17
11 319 73
196 345 10
257 441 42
146 474 75
35 211 38
20 76 25
163 225 83
245 394 67
48 471 39
431 495 43
207 257 42
331 396 36
41 61 90
263 344 53
189 299 48
91 309 76
87 129 26
374 389 72
70 301 87
5 373 19
411 433 43
198 333 89
317 392 78
290 347 62
251 302 23
164 232 2
44 305 90
294 428 96
188 268 81
44 178 28
18 332 64
17 198 68
211 476 69
114 419 96
271 394 57
236 318 67
45 221 11
10 117 94
251 267 74
199 409 62
210 426 19
143 188 43
72 200 30
175 196 13
327 336 27
178 299 26
9 172 6
53 116 59
10 401 13
390 415 45
365 371 96
80 412 59
105 284 88
279 322 47
46 163 37
164 261 41
186 475 30
192 312 28
39 71 53
33 345 89
136 148 42
132 379 17
173 458 7
9 376 94
226 288 10
50 263 91
125 287 10
170 456 54
77 225 54
37 292 31
52 486 58
47 143 100
379 470 58
6 14 96
42 237 42
46 498 24
105 340 41
77 211 5
100 272 46
253 281 81
145 374 52
292 296 86
100 366 81
230 480 7
42 429 84
23 267 73
8 457 80
167 410 29
366 459 71
79 484 42
113 216 56
140 350 66
30 203 22
293 392 15
37 92 94
275 357 79
360 463 66
292 450 5
149 397 99
131 169 72
161 247 49
272 335 40
27 471 55
12 389 4
235 398 38
25 433 54
92 215 19
84 420 3
91 177 66
208 351 61
384 463 11
240 434 93
220 237 55
124 247 2
181 231 99
130 379 6
113 295 14
37 218 63
152 329 88
134 215 76
103 433 85
482 486 44
293 359 64
448 455 46
17 352 8
9 448 18
28 414 84
152 225 48
382 433 42
353 426 45
395 409 56
350 496 39
64 373 79
65 416 86
120 414 39
441 465 32
251 256 47
451 481 91
122 394 55
332 378 62
146 414 18
86 399 22
2 91 61
232 489 80
195 282 81
22 257 26
101 140 73
29 108 78
164 262 13
0 53 74
54 81 31
27 218 90
18 145 2
260 343 18
363 468 40
101 494 47
251 440 100
118 492 94
147 488 20
0 456 8
11 405 88
329 379 17
142 189 75
80 388 92
113 398 72
209 468 83
88 129 52
218 394 83
98 418 82
21 493 42
87 358 75
82 168 30
112 423 72
158 236 60
75 343 6
128 175 73
41 475 14
77 295 38
356 468 26
83 214 8
164 450 76
16 260 96
321 435 90
167 189 43
257 358 21
2 137 100
239 254 2
68 450 72
348 420 84
274 331 68
255 321 51
292 395 87
281 449 76
5 312 10
356 398 18
58 375 8
4 224 53
47 376 93
417 462 35
125 257 84
202 270 1
103 475 52
214 392 52
185 293 1
46 254 8
319 447 19
406 490 51
109 292 10
86 226 96
223 451 72
60 159 93
318 384 70
47 199 4
260 352 81
260 425 64
48 145 10
112 144 22
390 407 33
303 322 82
112 212 26
193 315 76
321 367 14
132 333 63
46 152 44
133 159 12
101 455 92
356 440 88
312 461 20
1 370 59
211 472 77
86 205 77
242 248 32
125 390 18
42 238 82
320 450 100
223 239 87
81 88 58
16 54 74
68 307 43
120 204 71
169 347 37
299 434 53
3 133 74
208 367 7
176 424 85
303 316 61
8 354 92
22 427 3
17 465 41
31 334 81
152 210 19
46 372 82
4 121 12
313 341 6
207 260 37
107 461 12
313 440 89
8 22 90
308 413 5
119 263 8
112 153 90
228 367 32
58 184 6
341 368 80
10 29 84
206 220 11
309 491 32
96 483 18
129 307 23
210 371 8
362 386 98
228 389 8
122 478 34
13 32 62
119 148 11
13 457 32
129 360 94
55 256 3
161 370 67
181 435 71
231 277 79
40 369 32
129 405 54
216 382 92
28 65 30
108 315 45
247 258 59
128 234 58
309 376 19
331 404 87
115 349 29
31 193 57
6 440 87
208 355 6
17 252 46
336 397 31
317 388 24
143 322 36
242 441 33
288 379 9
45 149 17
248 381 29
87 192 86
434 499 80
303 341 71
34 155 80
127 315 9
225 417 66
69 301 58
191 437 5
92 360 13
25 60 3
68 379 42
75 426 79
64 358 82
257 261 20
91 223 89
197 275 6
340 405 51
52 63 80
311 369 47
16 81 83
301 386 65
232 470 79
193 430 50
237 326 30
28 250 45
86 316 2
126 481 69
54 279 18
81 382 11
323 391 82
396 398 89
288 399 28
231 313 96
333 409 19
24 46 41
52 322 77
92 329 13
132 145 6
67 369 31
49 95 80
138 350 28
269 392 63
31 149 67
17 327 31
80 197 7
287 335 2
383 470 94
66 186 52
340 409 35
230 349 86
159 174 68
22 222 79
46 282 5
200 208 92
208 343 89
144 411 64
27 231 57
24 151 99
221 480 14
368 371 68
448 473 83
49 363 4
42 159 1
65 82 3
20 184 1
133 389 97
123 421 14
118 363 84
150 276 73
78 255 75
320 377 77
383 431 95
124 303 71
13 161 30
35 309 19
225 452 61
450 490 20
3 25 31
24 133 22
150 176 82
36 273 10
191 404 95
374 417 87
93 475 42
84 315 87
39 288 33
200 400 5
153 495 91
143 351 49
116 192 16
233 285 87
418 487 45
240 493 71
176 265 40
186 361 87
15 101 72
95 468 34
10 177 23
429 475 92
212 239 4
5 349 22
50 204 9
238 281 68
11 44 25
67 86 6
114 146 23
6 197 96
400 449 40
100 390 43
25 117 69
301 458 8
178 195 1
29 37 65
317 367 98
267 476 3
87 312 92
51 202 92
228 375 14
94 327 16
261 386 5
68 273 3
11 31 29
47 195 52
203 291 40
419 446 65
78 109 73
326 440 89
96 337 49
165 321 84
89 163 83
110 231 84
180 499 49
341 480 86
89 92 76
124 398 93
22 316 78
76 293 40
111 323 61
49 110 55
276 447 29
424 463 80
60 470 69
116 417 40
283 285 18
277 338 75
186 252 16
163 423 64
174 374 3
233 377 19
247 412 42
262 365 93
203 344 49
78 399 42
29 199 82
30 194 31
71 157 21
66 153 18
9 425 93
58 426 80
23 80 34
206 413 46
280 381 63
106 128 92
166 443 94
54 481 60
41 349 15
22 441 88
169 358 19
290 332 81
86 425 36
219 309 69
216 476 76
229 428 60
109 177 49
10 37 2
213 490 21
104 458 78
149 268 61
64 98 99
185 195 5
293 485 92
28 247 18
20 483 84
26 242 52
72 467 54
183 404 6
169 180 11
158 160 62
81 328 70
70 252 64
294 494 5
82 98 63
329 477 83
85 296 61
92 387 92
252 468 71
156 362 9
127 246 3
266 343 96
321 346 14
122 240 14
134 287 83
224 285 96
375 397 30
98 290 95
196 451 26
206 216 2
169 421 18
131 171 96
5 382 70
48 135 37
382 432 25
52 297 9
24 207 68
61 135 78
32 455 59
352 355 82
420 442 42
229 292 83
126 166 30
27 140 18
144 493 1
143 348 19
136 348 52
279 330 47
79 432 83
0 130 54
423 434 72
114 209 19
27 177 86
98 484 40
139 437 53
241 420 79
71 377 34
76 289 57
401 467 75
125 278 20
12 64 18
105 165 89
267 475 39
15 325 28
40 443 29
186 368 77
58 496 18
88 322 93
164 287 25
146 332 11
177 380 40
195 358 74
51 170 27
77 88 2
372 450 78
224 341 27
234 303 39
46 431 47
210 319 13
59 196 53
191 412 84
263 422 55
102 179 82
85 451 56
55 71 37
215 362 45
333 442 64
91 93 67
124 449 28
14 376 29
214 232 84
303 366 44
61 93 14
375 417 53
45 455 44
378 438 90
130 282 56
161 332 24
92 192 45
82 267 23
308 322 42
361 374 81
302 431 93
70 127 61
69 187 97
191 315 87
127 191 84
15 244 21
273 302 86
124 164 57
127 170 34
117 418 20
82 109 48
99 426 98
194 336 81
363 375 97
261 359 70
152 236 58
23 94 95
280 465 13
139 381 80
112 124 29
324 468 97
54 448 14
99 499 29
285 418 38
267 324 14
345 478 2
43 497 2
123 173 47
212 233 73
299 310 4
2 304 68
290 478 92
135 454 22
99 265 25
293 311 20
228 454 69
52 263 11
114 157 73
171 387 41
55 174 99
66 478 92
0 135 9
234 262 72
306 439 41
92 483 32
52 432 73
153 450 40
211 485 98
72 401 31
391 417 79
228 400 49
41 146 84
236 334 74
118 143 75
142 163 50
167 267 40
124 498 66
279 380 72
304 438 80
265 464 84
230 384 52
340 396 50
145 346 37
241 469 16
51 249 92
235 456 24
9 266 61
233 449 22
121 137 11
142 275 9
208 222 70
106 224 55
113 158 36
259 318 64
31 423 70
176 262 75
134 199 3
278 447 68
146 445 75
28 243 35
97 268 91
54 131 10
117 324 30
311 424 21
224 242 96
101 477 10
347 437 10
59 82 12
256 377 73
12 149 85
331 482 27
2 395 54
94 254 66
33 180 80
51 393 45
167 175 90
438 448 34
171 271 67
154 216 44
33 237 43
103 317 28
73 400 38
132 283 34
149 254 95
96 201 41
67 276 42
281 393 14
102 310 76
112 198 42
324 347 61
265 283 32
158 182 45
345 480 94
164 386 88
286 394 38
97 472 24
104 135 82
18 292 86
366 401 46
183 350 45
211 344 6
147 319 4
146 294 21
194 474 94
362 422 8
298 305 77
18 392 73
162 352 43
121 268 32
60 191 42
88 420 53
10 71 30
270 465 37
371 408 24
132 360 54
92 205 87
436 478 53
349 469 47
134 360 25
113 371 33
185 319 64
151 214 10
24 245 18
199 300 42
12 218 19
343 499 40
260 280 60
172 220 73
290 445 96
136 256 42
257 446 25
262 436 20
2 147 62
424 447 41
9 463 91
285 383 58
33 87 31
166 442 3
315 495 97
208 456 81
54 312 35
13 264 41
93 416 11
164 327 33
444 454 18
323 443 35
256 395 89
229 330 84
84 145 39
5 488 82
272 454 15
33 56 17
4 109 44
236 263 16
292 317 24
174 264 100
376 475 52
226 318 10
357 446 30
45 91 38
100 159 66
264 283 75
6 214 84
45 135 88
382 439 40
259 277 82
185 479 7
456 466 20
80 285 74
35 205 20
0 347 92
308 463 71
16 412 9
169 459 23
194 381 45
24 126 87
307 320 52
148 477 36
222 461 1
268 413 47
209 324 9
446 471 40
375 477 70
118 181 62
88 494 10
351 396 48
438 468 80
3 128 29
69 313 30
439 448 70
284 466 22
62 230 41
59 107 75
4 7 22
126 318 22
240 439 59
143 408 48
329 417 83
124 181 80
34 267 84
4 55 52
361 367 77
77 275 95
364 412 37
233 236 26
380 416 23
0 342 90
94 373 80
421 486 23
117 489 79
304 374 25
384 471 27
372 430 97
192 406 74
154 329 90
233 313 85
98 153 84
167 245 61
292 316 12
324 419 3
111 168 10
170 329 45
241 473 33
443 488 63
55 66 71
51 267 95
231 497 99
142 432 55
114 312 93
257 340 41
30 138 49
355 372 38
199 296 2
186 270 2
39 114 90
196 386 31
40 234 69
69 463 83
118 295 22
415 457 78
14 66 52
20 143 56
73 222 96
240 419 3
245 449 32
171 182 80
142 333 81
319 380 3
214 470 40
129 132 26
66 382 71
163 269 77
105 111 24
139 405 7
72 479 69
4 392 11
19 64 80
148 200 25
233 428 53
49 116 90
180 240 73
313 343 16
370 470 35
116 322 53
159 198 73
62 452 74
236 324 7
100 455 1
149 394 96
182 190 77
144 452 75
263 338 91
108 373 16
223 227 96
160 258 96
193 492 23
155 230 91
217 419 98
61 277 8
280 292 29
147 491 99
223 320 68
13 340 66
22 163 37
100 162 16
58 95 75
374 442 13
153 248 91
5 125 83
465 475 8
259 484 35
188 407 7
39 125 96
309 489 51
102 121 32
180 262 40
3 139 62
222 418 20
154 385 51
102 247 13
63 250 72
187 247 88
263 446 67
304 451 54
289 332 69
440 449 46
113 366 6
322 437 88
169 451 51
13 314 47
355 382 75
103 467 9
97 323 67
68 246 34
136 372 47
90 225 97
15 461 90
236 428 82
16 479 40
349 489 5
347 392 49
96 115 83
26 65 89
201 490 75
84 479 58
341 365 79
32 342 13
14 94 26
276 398 84
118 192 20
116 339 37
10 363 59
139 429 81
158 384 42
258 499 49
206 304 42
65 354 60
190 295 1
115 368 54
159 413 76
225 471 70
122 267 46
66 461 67
403 439 79
321 387 85
325 425 98
163 349 83
247 364 18
132 439 93
56 442 15
150 310 73
346 459 18
224 414 43
80 227 42
161 265 19
209 352 22
48 419 5
91 322 97
53 198 79
443 452 62
285 433 17
15 128 65
156 479 13
113 496 76
6 133 27
135 465 38
49 215 54
106 133 70
54 58 21
248 274 27
25 170 99
217 240 21
172 177 36
170 253 23
384 407 81
394 405 70
213 479 27
60 260 57
46 217 49
200 487 54
243 277 100
298 322 12
255 421 15
184 264 77
88 278 5
147 337 31
236 243 80
259 483 65
3 462 45
256 454 54
3 230 78
407 467 31
146 330 20
193 257 84
81 274 11
102 133 94
80 345 37
251 409 30
42 462 37
132 451 75
205 477 98
373 433 17
15 305 37
75 498 31
254 340 7
140 305 74
289 307 78
127 427 16
37 157 71
60 289 26
310 481 81
46 234 76
334 422 21
56 178 48
249 419 90
191 283 82
87 202 60
281 411 31
200 215 40
31 299 10
15 273 90
235 455 97
128 313 64
129 277 40
310 428 69
14 457 81
105 158 95
150 358 97
43 484 53
229 269 88
362 381 80
105 320 82
35 259 51
136 458 47
134 253 37
81 291 70
105 319 66
410 418 36
228 304 81
154 314 5
40 47 12
60 315 93
225 308 43
195 404 97
227 271 19
102 273 29
327 369 68
79 480 81
316 362 59
24 59 31
56 468 36
157 340 77
238 339 14
34 77 79
55 471 76
379 455 81
75 254 37
287 383 49
193 298 31
124 347 30
101 440 83
41 55 88
344 373 3
330 367 86
364 499 89
182 309 63
210 290 95
24 380 86
296 376 84
198 335 54
256 418 93
124 320 39
280 459 96
147 215 54
230 367 13
39 131 76
275 334 3
305 463 10
203 301 19
120 264 11
26 456 88
239 371 82
31 490 50
89 255 100
21 422 39
255 494 7
137 206 49
159 211 38
17 225 83
350 458 94
401 455 10
101 266 64
150 203 83
261 450 53
125 224 47
157 332 89
13 126 50
16 170 6
134 214 11
327 395 45
244 267 79
286 315 82
141 200 57
360 379 76
65 390 64
392 487 31
241 406 84
118 231 92
108 152 47
9 293 31
443 459 78
130 489 48
85 323 48
197 309 34
179 352 95
284 353 71
52 398 88
373 466 48
125 352 33
92 187 25
46 75 87
238 385 35
425 447 92
199 364 1
459 470 43
17 93 53
26 356 31
41 284 4
76 495 33
374 414 3
167 180 31
153 335 7
83 273 28
13 71 39
60 262 24
281 409 77
324 396 36
58 143 52
65 105 12
317 478 87
38 213 83
25 475 5
5 277 27
25 471 26
85 198 96
286 388 46
102 155 22
187 369 45
87 264 89
410 474 38
72 227 10
67 180 98
80 121 92
291 498 5
87 182 96
7 216 38
155 390 64
105 278 54
244 263 55
370 434 58
282 447 8
91 448 63
254 473 62
333 482 77
66 361 28
60 345 39
180 314 17
233 376 29
6 474 7
56 365 55
46 440 81
348 490 37
21 210 24
6 109 32
315 437 81
23 63 36
91 423 77
259 304 59
124 276 37
59 207 13
158 209 47
48 132 65
438 485 1
335 496 91
337 415 61
252 338 27
19 431 42
183 383 2
124 421 74
149 233 76
237 413 91
406 462 60
69 83 3
216 306 37
36 202 41
339 451 36
86 276 7
143 312 26
2 246 71
39 495 75
119 259 68
96 164 3
210 310 16
137 293 66
10 114 76
83 289 58
71 258 50
98 400 56
212 478 44
215 409 39
265 274 51
23 44 51
378 458 39
95 218 3
236 295 93
103 286 27
238 381 6
367 470 36
54 226 78
324 486 83
113 162 24
44 82 70
104 420 30
48 282 42
182 375 25
414 454 80
58 197 93
256 317 95
29 403 74
94 122 26
15 250 90
319 443 28
233 245 76
425 452 33
178 267 92
158 213 24
420 443 19
288 476 98
216 387 89
292 378 27
18 173 57
256 355 77
191 223 62
182 474 74
100 341 96
32 100 60
6 492 56
154 481 70
416 445 15
148 476 97
76 363 86
70 434 3
330 376 63
299 374 98
159 456 65
82 312 56
47 355 67
164 465 27
90 421 78
115 314 37
267 497 50
70 147 80
17 114 1
32 376 53
7 437 21
292 432 21
110 463 11
12 440 40
314 404 85
310 425 70
315 380 29
151 272 96
252 371 43
227 297 19
137 361 43
128 291 23
112 427 32
378 414 57
381 407 97
147 454 11
110 182 65
15 391 43
384 487 88
166 349 28
48 198 46
73 229 49
6 261 83
405 433 53
75 195 28
113 222 2
205 268 23
389 477 66
104 446 78
31 132 97
0 454 28
228 264 19
6 116 30
23 112 71
258 283 77
120 354 36
56 114 61
48 177 58
36 89 91
90 448 61
300 420 48
41 346 37
309 485 17
58 170 53
31 305 68
142 309 21
191 239 14
2 411 63
193 306 95
57 461 54
74 480 41
57 116 94
197 283 91
34 182 73
70 203 72
91 256 90
97 279 2
155 354 27
257 479 21
335 432 53
38 103 34
373 488 27
337 487 17
455 483 93
84 306 87
239 450 76
375 475 3
299 347 59
74 138 62
394 406 30
128 335 11
75 499 4
89 437 15
67 411 22
222 375 53
136 144 65
64 486 53
67 413 65
93 374 74
238 275 84
0 93 66
26 31 30
343 347 55
60 414 49
54 118 68
129 134 76
58 135 43
273 408 49
30 244 96
45 189 26
74 96 2
160 352 56
219 273 38
235 418 47
56 187 60
377 410 58
441 492 11
264 331 3
26 234 25
9 377 15
296 326 2
348 422 77
157 162 17
283 402 31
96 334 71
255 491 20
337 348 100
202 278 92
31 116 44
39 240 36
230 414 31
84 428 62
440 445 91
275 400 46
96 235 57
107 250 41
403 466 46
117 176 54
341 416 60
39 255 5
140 174 38
17 389 6
292 351 72
124 159 47
66 331 71
23 206 68
144 191 93
183 272 15
77 184 16
35 430 23
17 462 63
367 392 62
381 450 24
113 156 90
152 347 45
161 487 86
226 397 80
14 317 36
23 67 47
351 427 96
216 287 4
52 181 42
89 387 51
34 332 65
71 217 89
77 241 65
224 232 13
104 250 89
10 304 11
219 305 35
74 425 61
102 358 3
383 439 76
148 273 26
46 255 33
234 377 16
72 168 45
39 367 99
98 201 61
66 79 1
257 486 36
251 313 90
174 364 2
140 457 31
26 145 62
68 303 55
276 345 85
10 301 93
15 197 70
17 92 90
374 386 65
422 450 35
7 242 11
129 343 54
124 160 34
35 291 38
154 476 54
188 473 6
186 292 68
112 300 43
24 236 34
290 494 75
23 69 18
113 391 59
229 320 19
92 496 13
108 123 87
354 370 94
108 456 5
264 304 72
23 470 79
31 164 78
10 494 31
21 218 79
265 341 55
227 282 6
240 355 76
480 495 33
199 431 94
91 339 83
116 397 36
153 247 53
164 217 61
371 499 25
383 409 50
37 335 95
33 303 25
5 114 97
23 125 47
37 96 65
13 106 34
129 491 68
169 323 46
123 138 32
13 306 94
331 353 38
207 234 75
92 395 88
274 301 51
206 315 30
99 377 46
19 226 21
156 386 99
64 194 93
58 307 59
81 230 60
131 187 32
353 481 9
8 215 69
319 497 76
34 377 32
66 81 80
76 327 19
178 482 43
156 339 38
43 409 98
97 484 36
14 329 66
86 287 41
206 232 74
158 447 83
116 197 12
8 318 89
39 77 71
9 302 19
78 496 42
69 367 10
323 483 92
30 496 6
419 436 91
171 441 7
239 474 1
4 228 7
22 354 30
81 360 74
122 442 21
155 192 34
102 381 68
28 450 1
19 278 7
107 267 54
91 236 10
148 355 5
239 452 53
84 282 81
52 86 23
348 401 12
314 401 83
285 316 75
26 499 20
65 126 64
99 412 9
233 426 11
27 295 2
169 457 36
371 439 93
77 162 12
427 452 58
336 337 74
87 199 3
311 335 86
97 450 66
272 346 19
63 480 21
88 125 89
262 400 17
372 474 95
304 305 41
149 183 82
62 287 44
283 494 63
55 304 56
78 134 71
87 363 90
328 343 87
308 353 64
228 412 47
94 449 39
383 465 81
233 451 67
23 440 80
265 393 66
140 172 24
404 487 97
242 324 12
148 317 75
102 224 95
379 499 27
0 90 44
113 430 84
204 401 82
242 313 5
73 431 94
184 374 98
278 421 33
145 449 72
7 130 98
209 252 44
16 255 84
72 79 45
76 306 50
73 243 44
37 71 9
65 209 41
78 338 26
138 150 57
179 193 74
155 227 33
65 170 8
136 235 79
143 429 98
50 364 34
164 351 100
24 179 46
200 247 21
144 378 56
29 271 43
77 206 60
282 385 75
357 476 54
292 423 87
71 150 47
185 218 100
33 447 14
373 414 97
108 163 64
175 218 21
436 494 84
412 424 47
358 391 85
316 463 53
8 222 51
28 109 50
197 290 1
31 362 85
67 121 52
132 280 73
271 452 90
101 377 82
40 90 99
193 216 39
268 271 66
120 355 14
76 355 13
93 177 22
8 380 70
64 232 7
261 336 37
63 91 39
145 203 79
224 422 18
322 426 34
238 253 31
42 359 25
1 117 16
212 342 17
181 454 21
76 385 32
87 217 76
47 378 26
94 116 5
239 265 4
110 477 68
0 343 77
295 328 99
175 214 29
225 265 56
184 348 52
279 421 58
176 356 81
347 360 41
236 296 23
407 469 96
180 460 41
17 104 58
418 464 32
79 116 35
134 257 16
78 492 89
6 55 84
305 403 45
106 443 28
434 443 26
69 238 75
289 460 14
90 227 7
107 214 73
73 226 48
78 347 5
157 458 64
237 334 96
52 317 52
77 254 46
120 135 23
382 497 97
69 371 85
124 492 15
400 424 32
69 387 38
162 244 74
281 370 52
326 402 44
49 417 54
404 421 80
177 187 94
79 180 40
28 407 62
348 452 50
3 160 80
1 178 92
32 46 71
197 311 20
46 62 99
402 474 9
235 262 2
77 453 11
195 224 64
241 284 19
182 362 91
33 287 94
434 454 3
333 495 48
8 96 27
214 311 43
221 223 14
183 463 97
311 409 44
330 334 60
191 382 22
63 122 94
379 454 1
252 471 28
292 469 35
135 317 70
18 346 72
132 272 100
133 331 82
89 485 31
129 452 90
106 439 74
349 458 97
10 92 58
81 493 75
223 473 89
115 275 9
166 397 30
166 235 94
73 314 17
159 214 89
6 172 95
91 315 5
29 467 92
36 383 81
169 193 27
332 405 15
94 437 65
264 319 38
340 412 61
50 492 100
18 312 93
8 202 94
148 374 64
89 231 21
227 335 34
305 424 68
69 434 87
123 135 32
432 497 37
170 465 16
24 175 73
94 194 55
240 489 93
208 362 94
72 406 23
114 363 77
142 404 17
43 368 51
161 338 7
0 143 42
79 339 62
224 477 44
142 291 69
178 233 64
157 465 3
82 301 81
5 233 20
17 268 49
442 449 88
335 395 6
206 239 25
235 364 48
228 427 84
283 495 9
387 428 15
216 469 54
77 462 73
47 134 12
133 395 25
200 314 87
153 433 10
416 429 14
47 434 16
256 404 85
284 496 53
282 485 22
289 475 80
127 174 18
121 369 64
222 477 26
409 473 3
138 376 27
226 427 43
106 453 6
139 346 61
60 168 22
29 249 60
169 179 13
128 215 3
107 350 33
266 310 24
303 311 84
125 366 8
183 205 32
140 468 11
217 413 99
115 264 31
254 297 10
400 469 1
9 304 46
144 455 29
52 186 36
308 341 25
228 399 1
264 415 94
106 214 37
396 497 95
62 127 93
206 408 70
1 431 46
232 421 24
13 364 32
448 493 80
222 270 37
346 450 57
70 125 68
46 61 12
166 323 31
120 488 26
353 416 54
109 128 37
104 318 25
84 318 85
58 389 72
175 308 81
419 467 64
267 491 80
319 446 71
30 211 65
32 377 63
254 315 47
152 416 69
68 373 29
97 275 34
8 56 32
341 375 67
268 435 72
292 444 91
107 211 100
295 440 49
171 349 5
175 491 7
187 300 54
91 334 71
97 181 46
37 268 60
40 423 89
301 302 11
211 393 89
163 478 2
406 423 69
242 286 80
104 267 48
108 313 69
120 391 34
44 245 51
30 130 37
52 399 27
65 431 48
33 224 78
80 316 7
159 363 45
143 411 97
18 441 85
134 396 74
109 253 31
193 289 47
395 427 64
13 212 59
15 256 36
202 268 80
197 241 13
39 356 100
3 106 14
209 470 57
102 205 42
301 470 23
135 237 65
255 371 19
259 293 44
29 74 79
363 382 50
87 377 8
21 117 69
267 487 70
48 204 89
20 427 41
409 455 74
403 458 8
208 363 5
107 146 4
80 431 72
231 318 5
149 305 40
363 443 47
301 334 21
275 431 78
14 28 40
106 356 82
92 379 60
133 466 80
216 410 65
112 452 45
78 101 64
191 194 55
15 280 81
336 410 64
89 148 48
462 479 63
276 307 41
225 387 70
198 426 13
204 314 42
68 200 65
55 434 57
268 304 29
71 94 13
176 322 70
3 358 52
283 290 86
402 475 27
18 146 11
62 271 43
396 447 39
94 177 11
31 178 72
28 100 1
110 350 7
327 435 59
4 349 32
223 428 72
78 132 82
84 381 14
292 494 61
88 338 76
53 338 47
119 368 11
119 373 28
180 396 36
137 492 6
181 402 24
22 172 31
225 248 11
1 180 69
233 399 32
258 307 42
45 375 68
50 222 84
77 465 94
352 439 87
131 251 93
263 440 2
319 321 58
279 361 37
9 204 75
360 400 58
396 441 83
113 363 22
186 378 47
106 350 55
130 199 90
106 444 10
111 185 50
242 464 43
83 335 10
324 377 62
358 423 63
393 478 2
136 272 82
376 452 4
136 442 42
39 424 51
65 190 34
139 465 22
125 183 23
177 220 14
75 108 68
341 429 89
184 294 24
411 461 89
160 430 81
79 352 44
235 290 27
81 273 17
109 225 88
133 260 51
271 418 66
214 465 95
281 351 71
337 390 62
17 262 39
213 244 44
130 467 45
181 298 32
389 396 53
25 455 32
369 491 88
441 476 29
111 243 89
25 61 91
49 432 56
311 423 9
134 249 94
219 276 17
329 488 67
291 305 58
35 316 15
122 315 20
296 428 73
314 326 16
465 498 82
116 286 81
224 238 19
324 417 38
121 192 67
240 461 97
316 394 62
59 241 54
250 294 50
53 262 76
231 393 75
169 443 98
55 439 50
271 396 24
399 427 60
27 42 38
197 302 49
10 24 42
111 375 67
112 257 11
246 273 32
22 301 84
157 327 41
19 108 81
383 436 26
194 459 87
396 432 97
270 484 69
343 354 2
59 453 100
83 139 35
322 325 55
74 390 22
92 283 82
10 194 66
269 497 43
241 480 78
299 491 7
297 332 97
96 480 31
73 323 92
381 481 3
93 360 70
206 293 57
98 297 95
170 276 47
158 419 61
276 356 22
69 347 21
349 400 71
166 278 61
143 398 57
286 461 19
401 414 29
246 435 99
214 375 63
15 341 70
337 474 33
360 381 48
117 457 87
11 290 78
27 35 2
117 355 3
104 258 30
361 471 33
167 393 79
90 187 91
85 244 28
180 340 81
140 222 12
364 491 6
270 320 14
34 463 54
47 334 68
19 148 59
308 440 15
166 360 85
390 475 49
31 494 73
239 297 50
126 234 27
104 344 59
142 215 13
115 122 69
243 434 45
72 228 89
291 462 57
59 357 74
32 451 36
252 336 8
67 314 55
116 307 49
20 196 46
123 187 25
78 468 37
289 445 67
189 498 20
119 464 59
265 415 56
184 238 9
208 335 4
23 280 7
18 64 4
136 296 54
115 351 70
21 301 91
25 229 61
137 247 32
107 434 60
38 489 82
227 334 82
48 64 41
178 239 79
10 162 36
185 239 90
185 428 55
100 312 23
256 309 96
101 408 79
300 357 37
49 442 75
45 255 86
12 433 12
310 461 21
4 329 16
44 387 72
73 423 26
338 498 90
435 456 78
218 338 61
22 331 61
219 419 33
219 406 66
211 400 4
35 130 35
91 163 42
255 339 85
44 273 79
403 465 94
70 173 16
116 152 44
4 378 82
446 475 78
46 460 43
90 469 32
220 455 13
427 449 63
84 349 29
59 66 78
77 461 78
307 475 25
136 403 32
35 53 88
282 287 93
200 316 60
12 201 22
337 491 43
171 317 3
91 432 81
425 431 59
376 379 61
136 445 73
258 335 91
69 461 1
336 477 98
143 192 52
24 347 2
47 299 47
29 314 91
350 382 40
111 483 6
80 298 95
124 405 92
143 254 82
137 202 2
309 365 76
141 335 37
63 494 3
71 118 54
223 489 24
197 252 61
336 400 35
36 355 84
63 378 47
196 482 65
352 436 77
372 388 57
219 319 44
80 145 50
60 330 9
96 271 61
166 347 7
216 294 3
288 329 22
367 442 44
37 81 71
97 253 84
191 290 68
200 265 55
10 235 71
138 326 79
23 308 73
240 303 100
152 256 19
451 484 30
39 252 98
401 494 37
21 200 75
224 446 13
151 198 59
357 398 17
297 464 9
189 397 6
15 323 57
45 133 46
19 97 58
177 442 38
41 195 51
169 390 40
20 459 82
296 406 24
147 259 13
243 484 46
403 462 88
77 363 83
59 232 76
141 176 2
215 461 4
149 158 20
468 497 66
104 272 33
80 404 4
107 291 17
29 172 61
90 179 14
12 279 32
320 443 85
206 264 59
262 292 27
135 275 88
95 475 29
164 280 47
5 287 47
362 471 52
25 110 54
124 238 67
42 367 7
42 361 71
62 63 30
163 219 52
102 451 12
298 395 4
15 205 14
43 239 79
280 352 62
63 117 80
426 448 83
80 445 65
299 402 85
324 359 72
379 497 35
58 113 53
399 407 44
184 427 86
161 400 41
11 329 48
70 318 97
22 209 10
332 469 58
108 171 12
194 300 63
16 72 85
303 407 32
355 359 95
33 290 23
201 226 73
186 494 58
109 401 31
404 434 22
60 478 64
191 333 64
209 295 28
144 380 3
33 337 12
320 493 25
26 485 41
330 418 49
291 308 6
150 167 44
237 461 12
41 468 17
371 406 84
108 114 14
0 92 9
87 128 88
338 425 19
144 415 92
89 146 61
109 366 46
91 113 39
3 499 95
335 479 57
266 411 49
70 344 93
93 487 16
349 364 91
157 343 2
15 498 97
219 390 51
242 416 55
426 495 57
303 339 85
330 444 35
75 120 14
268 310 37
307 473 2
84 221 59
52 60 40
168 332 96
161 475 20
147 451 76
298 397 99
129 366 15
250 368 52
308 407 97
25 325 26
210 338 30
181 495 51
113 244 81
159 251 28
377 446 45
185 463 50
14 447 18
163 231 42
10 61 40
129 472 50
160 315 88
41 471 19
216 288 16
107 396 72
319 434 70
251 423 35
372 415 43
199 313 17
111 290 43
3 198 81
422 488 1
183 320 69
32 246 29
336 353 77
29 285 88
42 489 58
343 426 43
162 490 25
67 200 58
70 120 45
146 331 82
161 312 65
96 475 18
202 419 92
192 250 26
123 408 80
210 327 41
28 156 92
148 181 97
221 361 83
273 359 21
189 331 7
132 394 36
59 348 14
79 86 5
138 367 60
179 426 25
260 479 55
81 499 61
78 385 76
198 489 16
12 205 64
100 440 89
153 298 64
36 319 84
341 431 93
130 148 12
171 219 82
30 399 46
230 303 67
15 73 88
360 366 53
226 241 93
365 430 7
209 449 24
36 131 67
370 493 18
7 275 76
157 218 64
189 325 86
248 275 69
16 377 17
6 46 99
6 359 20
351 377 17
172 384 69
278 283 46
178 460 2
74 324 90
290 408 57
34 306 68
417 420 14
123 190 97
206 335 57
45 124 21
108 288 21
113 358 85
336 436 97
92 130 32
327 403 17
8 418 34
131 400 82
9 205 32
176 293 69
6 468 22
209 383 79
56 413 35
165 254 44
139 319 12
179 480 4
260 366 21
13 194 29
40 458 85
55 74 73
331 392 16
198 318 80
189 487 86
96 263 91
14 404 48
307 461 14
285 394 36
60 317 13
91 451 74
70 386 84
138 158 34
77 196 53
246 249 32
361 362 54
80 334 41
75 95 72
317 448 5
37 64 98
56 427 62
57 211 31
331 403 90
435 475 91
77 109 30
331 360 88
16 303 95
3 460 100
52 115 50
446 477 83
171 299 76
73 418 62
143 432 100
313 437 66
79 238 13
115 303 94
309 464 97
159 442 12
175 449 34
311 376 56
192 220 11
177 460 97
165 203 30
364 377 69
58 390 86
406 487 38
101 142 47
360 363 9
210 456 49
47 245 12
181 365 19
31 117 12
174 244 30
77 92 76
87 318 59
20 305 55
391 459 35
411 466 30
219 468 76
3 115 88
291 346 66
123 397 37
197 246 28
60 417 78
90 450 89
12 91 64
18 194 95
101 151 77
57 103 9
175 201 69
53 190 11
308 401 83
244 379 38
449 468 24
151 452 74
431 467 35
61 198 78
209 241 84
59 142 7
96 389 70
58 138 96
175 202 11
37 447 82
211 236 61
13 276 41
205 425 76
5 459 48
138 449 95
59 289 37
244 419 96
223 333 71
64 496 66
278 399 74
136 193 54
44 405 15
53 384 33
258 276 39
193 376 60
38 154 17
60 410 58
323 433 33
228 487 28
325 388 47
171 460 8
111 196 3
28 78 82
179 259 1
96 412 90
148 390 83
42 364 72
1 48 13
27 490 69
404 466 32
72 318 68
235 279 39
295 478 49
421 467 66
66 154 3
78 427 34
120 181 77
220 357 24
64 474 6
305 426 78
178 322 90
109 152 56
131 397 98
158 435 7
416 491 47
74 131 44
139 198 45
289 320 43
119 364 57
201 217 9
303 378 64
185 490 44
15 488 67
254 295 82
223 304 64
433 481 6
283 365 100
330 447 79
50 447 98
177 328 93
83 446 38
1 12 93
91 499 43
155 377 37
286 342 7
102 291 34
363 413 46
136 345 52
191 196 44
140 390 16
135 298 88
255 259 91
72 167 86
70 408 57
129 152 27
161 392 44
19 109 80
429 449 42
156 308 74
0 7 18
69 118 45
195 424 16
144 482 25
63 96 49
163 249 35
65 176 87
7 172 62
407 444 8
275 378 62
305 378 85
155 469 63
221 415 88
56 259 11
37 463 53
115 485 34
72 426 91
72 432 99
200 260 97
486 494 69
116 172 8
97 311 63
258 377 92
85 333 86
246 248 18
263 404 83
128 364 94
46 48 5
82 486 95
183 341 66
274 499 88
336 369 81
12 266 74
253 490 57
166 192 29
78 356 34
118 411 95
117 192 69
57 263 100
424 455 42
112 344 62
71 433 81
271 422 25
159 324 41
20 207 39
0 382 13
142 437 39
36 405 40
32 82 78
23 219 26
132 197 50
421 498 20
36 133 99
347 447 24
300 460 52
171 417 60
220 437 22
78 342 74
18 30 92
101 451 42
259 358 93
251 444 67
111 201 91
89 345 49
45 498 92
31 185 25
197 378 58
87 488 13
374 419 26
404 452 28
108 305 40
143 290 43
68 498 100
268 447 5
1 227 57
370 402 68
255 456 60
10 290 48
471 478 78
175 364 73
291 481 79
147 266 73
63 286 57
208 255 70
210 261 31
117 491 21
293 466 91
204 331 51
145 252 19
127 265 86
104 390 13
5 368 57
335 485 92
45 409 77
230 301 60
32 59 39
185 294 45
261 300 62
120 198 64
368 411 40
120 413 49
128 159 65
82 121 82
0 476 59
278 473 78
99 341 87
329 404 98
30 464 3
3 491 17
303 382 7
198 466 50
133 140 77
0 348 98
173 266 67
76 390 99
186 381 97
87 208 75
166 247 3
251 279 65
1 243 89
236 321 12
75 145 44
137 243 32
59 253 86
420 490 51
351 470 28
76 107 85
121 392 4
40 373 83
129 374 23
395 495 89
126 279 58
451 466 44
247 260 48
13 357 88
173 345 58
37 349 37
209 273 6
412 432 3
283 359 23
264 314 4
258 440 24
335 345 8
413 465 18
32 306 64
258 492 23
61 381 79
78 288 82
18 232 38
46 499 84
434 477 30
249 428 19
86 152 3
371 432 92
203 325 45
93 464 12
245 273 53
154 441 94
284 430 45
37 272 60
21 367 49
118 170 60
253 367 29
11 286 10
107 222 6
76 312 56
190 228 8
111 352 14
11 415 22
258 488 88
264 419 46
267 425 52
252 279 72
221 235 39
105 187 65
3 467 83
397 461 57
113 273 71
370 442 66
3 385 42
25 165 100
325 479 48
375 449 91
164 445 51
88 481 73
295 361 56
32 105 16
122 196 78
15 344 56
379 476 54
112 174 82
284 349 98
311 466 88
59 318 19
47 433 42
319 389 97
3 108 73
61 132 33
249 261 12
15 28 35
364 492 3
72 452 66
4 160 51
380 469 49
4 14 76
240 475 50
158 354 27
266 439 30
142 210 39
108 185 51
70 206 98
109 119 2
363 444 97
179 450 27
4 496 37
24 362 41
275 434 80
18 67 83
228 424 94
176 448 50
75 187 90
54 381 68
48 488 13
41 256 37
215 466 72
45 468 68
78 167 50
250 472 28
321 431 42
83 108 83
213 228 75
78 123 70
96 104 97
140 236 26
117 191 83
34 220 30
56 257 59
44 303 74
245 416 32
191 267 91
69 415 10
44 331 43
97 184 86
171 423 90
384 418 67
24 54 89
388 454 27
89 111 7
54 319 4
321 456 35
269 415 78
125 163 33
375 414 32
468 498 97
57 126 100
219 386 100
132 199 2
41 209 30
75 364 63
104 492 82
22 23 66
55 253 96
53 268 100
171 172 40
84 110 43
220 280 6
141 195 81
135 227 13
149 379 10
164 235 97
20 99 12
290 362 18
253 349 43
338 402 94
48 292 46
299 448 88
127 429 63
299 473 45
266 429 81
361 492 78
281 333 35
167 476 49
112 219 94
41 156 19
294 435 14
225 253 92
47 322 98
142 192 70
153 209 7
155 182 81
363 438 91
186 345 13
126 385 97
359 409 40
153 382 74
139 236 59
22 339 84
66 141 16
442 483 16
117 275 22
61 105 86
186 232 8
55 469 75
240 466 82
46 364 46
22 414 64
137 191 17
452 481 67
119 397 9
207 327 28
270 287 91
141 348 11
87 469 60
49 81 15
117 161 72
31 69 88
113 325 20
413 480 15
38 328 78
374 445 11
175 298 4
336 401 31
74 323 64
185 464 19
469 493 85
3 86 73
158 480 94
262 419 28
122 261 25
193 219 14
11 451 86
268 461 14
219 366 14
99 130 78
39 482 69
39 351 17
193 194 6
51 88 66
18 485 44
39 162 70
144 467 97
247 361 81
149 180 66
335 340 26
133 315 7
228 335 7
46 68 50
82 239 29
45 458 91
170 212 1
333 417 9
309 330 64
48 214 51
164 182 95
93 184 31
292 476 71
385 399 96
222 378 83
156 430 17
280 294 1
75 163 94
129 384 45
274 305 46
41 494 83
32 343 22
382 463 75
126 370 22
150 319 48
83 311 23
133 453 49
360 469 57
75 284 95
67 324 78
41 216 78
278 289 49
264 328 1
298 355 57
191 273 64
117 350 67
48 303 19
97 477 4
13 220 75
120 219 86
439 464 47
226 294 94
290 382 57
303 337 5
130 301 43
367 422 6
268 305 22
79 331 65
5 400 80
86 196 49
406 470 14
267 271 100
371 417 80
310 389 53
41 182 41
74 246 34
367 413 47
133 482 32
39 264 99
397 457 63
309 400 46
268 483 7
42 93 40
93 137 83
220 415 32
203 292 46
135 447 84
281 463 7
378 388 77
10 376 88
420 430 55
80 254 43
25 302 60
42 370 20
50 281 85
61 432 96
160 340 30
0 387 21
121 383 1
42 180 70
81 95 64
396 494 98
44 324 74
101 340 81
192 243 45
411 476 35
372 428 52
106 186 5
188 478 15
156 278 48
137 463 27
44 116 32
89 416 100
305 425 22
217 231 3
83 225 36
358 436 18
167 233 47
204 435 78
356 438 62
157 316 56
443 458 31
192 381 86
254 369 80
178 356 99
27 134 55
25 483 67
154 181 95
378 460 98
52 313 21
128 308 75
262 332 53
218 298 39
228 336 82
168 487 27
414 483 99
136 318 32
131 342 10
211 362 51
472 493 64
28 241 73
230 231 78
343 406 31
103 152 34
192 492 43
263 499 20
194 339 20
166 214 96
41 179 30
150 244 4
27 240 21
49 285 38
138 192 63
30 316 29
405 483 14
150 232 86
173 440 85
108 234 56
327 433 51
174 488 20
121 414 24
69 141 70
24 284 75
241 267 91
228 358 70
198 467 51
35 375 53
6 98 94
264 475 97
62 260 58
138 234 93
214 284 33
100 450 86
253 436 68
102 422 55
180 431 5
19 83 92
117 335 33
306 478 49
385 420 9
29 402 23
332 352 81
137 354 59
33 159 43
135 375 48
471 489 20
157 262 64
339 447 30
107 485 95
315 360 43
39 172 3
21 388 7
343 475 28
139 188 9
164 236 38
157 419 80
54 322 62
212 377 39
157 257 29
259 405 52
66 406 50
64 140 22
256 328 73
48 250 73
27 266 12
235 298 9
423 485 54
325 428 79
189 356 13
21 311 42
86 206 28
136 237 72
255 357 38
229 282 21
121 273 69
58 340 95
213 326 79
369 483 25
20 310 82
38 352 90
152 154 91
175 185 30
176 490 39
305 329 67
190 498 32
2 244 10
172 432 69
20 102 80
388 437 15
270 273 19
290 396 75
441 482 8
238 306 34
239 279 11
240 492 72
16 274 61
54 460 43
294 368 87
33 196 93
18 63 67
442 477 70
81 464 76
373 426 14
101 379 96
359 447 26
242 302 55
408 449 30
119 249 29
255 322 98
195 385 89
87 252 6
414 458 70
276 401 87
156 285 88
65 439 50
342 422 92
12 314 87
318 475 72
200 464 24
53 114 12
92 276 74
402 434 26
402 411 66
95 324 17
93 175 85
131 346 74
417 487 38
