500 8100
0 5 12
5 25 94
25 28 75
28 36 67
36 38 6
38 53 19
53 58 4
58 61 94
61 64 9
64 65 89
65 71 88
71 80 32
80 99 34
99 102 9
102 106 39
106 125 78
125 127 28
127 135 59
135 144 58
144 147 47
147 151 95
151 152 16
152 163 87
163 165 34
165 171 34
171 186 58
186 190 51
190 195 46
195 196 73
196 200 69
200 205 4
205 206 81
206 228 16
228 231 32
231 234 34
234 237 45
237 239 63
239 243 29
243 246 77
246 256 76
256 259 90
259 269 45
269 289 44
289 292 10
292 295 38
295 303 94
303 313 82
313 326 48
326 351 28
351 353 34
353 356 63
356 357 74
357 359 78
359 372 75
372 374 65
374 380 6
380 381 15
381 392 9
392 396 8
396 411 100
411 425 24
425 431 50
431 444 7
444 447 95
447 448 61
448 455 35
455 468 83
468 469 14
469 484 24
484 494 68
494 495 39
495 499 89
258 348 99
53 461 59
218 332 71
68 289 50
218 491 48
99 122 53
157 435 43
394 496 52
139 344 76
159 322 31
241 331 96
22 238 13
108 225 40
112 362 67
92 377 56
6 457 90
155 250 14
13 355 73
183 287 40
175 288 100
132 446 49
71 455 22
60 273 13
72 97 31
97 169 21
14 157 13
212 249 69
212 362 31
400 459 73
268 424 64
151 156 40
52 359 68
24 153 17
297 383 87
80 474 52
0 122 22
82 185 92
169 224 19
313 323 32
416 496 83
329 374 18
22 223 75
294 321 18
103 434 97
30 221 23
410 466 79
256 282 92
3 365 46
245 420 38
102 464 47
243 473 86
138 167 54
16 134 64
106 301 2
180 365 92
84 243 6
73 240 22
312 461 14
77 457 6
147 327 2
97 282 90
340 430 2
65 72 1
389 411 18
50 450 39
130 291 27
129 445 27
62 217 28
227 251 42
318 467 74
94 261 40
205 314 25
237 335 74
287 463 83
55 321 24
103 420 6
73 95 79
144 240 13
162 468 40
353 418 11
234 433 40
100 466 55
141 446 64
27 256 61
43 350 92
121 380 19
342 467 97
159 459 88
117 283 29
27 267 96
336 423 88
275 407 15
390 418 82
208 303 78
22 136 50
50 479 10
188 269 48
427 438 72
92 119 13
296 318 28
374 438 50
150 173 37
296 467 15
81 321 20
28 412 89
6 446 28
102 271 47
229 444 16
223 400 53
307 385 37
128 188 11
48 58 18
356 368 23
0 93 68
257 382 47
45 456 72
314 400 26
228 415 95
103 212 99
9 84 14
42 421 92
383 427 9
174 336 5
456 495 69
260 319 86
91 319 46
218 409 46
88 333 24
41 412 12
238 281 22
39 116 28
219 441 75
219 481 76
55 409 12
188 323 30
151 226 75
286 351 32
270 486 89
51 317 27
17 65 7
74 422 68
212 347 71
144 356 2
69 299 59
9 339 91
12 44 73
81 190 8
12 152 6
107 407 98
345 449 43
405 495 37
0 427 30
130 442 44
371 424 6
103 126 10
215 327 56
145 481 90
41 410 58
129 134 78
481 497 65
211 224 19
275 343 1
122 353 10
9 452 18
113 467 2
131 395 49
134 281 54
81 345 29
134 226 71
148 149 4
34 459 89
238 287 37
78 119 53
95 241 19
114 424 46
141 217 80
131 235 94
19 445 1
192 267 14
287 415 74
41 286 53
334 408 26
1 35 17
91 397 89
101 195 73
439 463 76
221 392 41
305 374 43
66 165 2
358 388 38
77 230 82
76 179 75
481 487 63
245 484 3
137 474 76
109 466 40
476 480 61
204 282 36
395 403 21
0 455 97
236 431 52
259 496 88
430 460 31
5 34 53
216 284 49
138 240 44
10 152 44
136 314 48
326 479 46
180 430 13
216 465 19
85 101 68
75 108 41
111 265 62
223 401 32
172 316 21
30 283 12
119 379 76
327 360 47
117 459 12
56 492 79
313 399 75
200 304 92
147 401 92
237 361 27
278 474 21
50 70 79
299 422 10
255 392 74
34 482 97
23 89 56
171 462 9
6 490 39
92 159 66
328 470 11
132 225 92
200 232 76
203 284 30
61 430 47
76 429 77
79 100 4
71 434 14
145 354 46
79 451 84
153 346 14
350 473 22
57 77 9
36 111 76
154 336 23
13 21 17
194 306 41
308 471 85
169 276 80
28 434 36
472 489 77
328 452 79
273 497 73
190 372 63
114 223 46
250 284 12
120 322 25
143 366 56
161 162 5
81 323 4
249 303 85
327 450 39
5 57 20
20 442 25
159 345 93
222 383 89
231 379 55
329 438 74
327 467 90
340 415 71
20 175 89
176 386 3
52 66 10
70 438 87
353 458 54
206 422 37
113 440 86
114 286 5
210 303 39
44 161 39
42 93 12
14 178 75
52 455 63
6 104 45
221 308 33
202 379 56
84 116 47
414 417 82
277 327 97
53 97 85
177 257 99
136 480 74
189 330 73
23 229 31
213 478 19
31 291 98
24 33 94
136 482 99
31 89 67
206 276 28
30 337 80
288 364 86
248 367 96
90 102 99
194 442 13
95 134 11
350 360 79
269 302 62
52 454 83
112 157 20
374 459 44
273 314 71
8 424 46
175 467 13
31 423 77
6 257 46
243 331 81
456 464 45
30 480 82
181 309 38
212 438 39
199 297 58
235 419 72
249 441 78
104 169 37
3 36 39
155 262 50
197 363 61
154 481 87
38 56 96
0 491 61
70 153 98
24 119 31
203 430 20
257 463 50
122 176 76
3 163 14
182 204 84
45 293 13
212 444 34
75 303 24
24 126 99
224 253 80
198 433 87
301 478 61
50 430 37
56 197 1
116 220 86
347 405 86
4 400 26
98 414 34
65 383 43
328 419 29
145 363 24
171 333 71
127 427 34
132 150 91
395 473 19
11 303 71
61 463 86
156 440 55
211 347 41
40 463 85
351 467 77
128 419 65
322 457 3
208 484 3
341 413 71
123 282 80
255 283 29
129 459 83
146 476 6
43 431 99
124 263 21
30 374 82
276 422 31
175 465 14
69 71 98
74 273 80
232 336 1
305 345 15
272 281 47
71 494 28
362 376 67
10 213 75
25 367 42
385 484 55
201 342 100
200 356 13
230 307 80
169 202 85
70 497 26
239 271 97
242 355 38
296 300 74
248 452 1
96 179 64
350 428 91
125 305 75
26 238 95
161 364 15
259 303 29
137 471 74
32 174 99
327 445 68
145 429 26
39 324 7
32 390 74
153 321 75
139 475 14
219 263 45
92 348 24
187 305 23
480 490 52
203 490 64
263 499 5
231 404 98
150 460 8
86 172 85
218 447 36
166 419 2
218 243 64
22 422 74
238 467 97
87 425 1
195 328 56
349 446 84
26 151 71
372 465 88
349 464 82
115 355 64
276 416 34
108 302 27
481 483 67
85 230 91
148 493 42
295 305 17
196 498 48
74 163 94
87 359 34
369 492 15
243 359 24
131 384 55
187 267 35
89 111 63
234 276 24
343 484 48
106 251 47
90 446 85
394 444 20
405 438 87
28 304 4
114 338 70
100 224 38
87 360 91
47 377 57
359 425 65
33 295 37
225 488 68
412 488 36
178 368 45
122 165 70
82 493 100
141 449 40
398 474 35
268 395 63
287 466 65
135 326 72
156 230 84
194 281 69
166 379 83
70 455 15
310 350 72
184 319 48
185 475 97
106 383 49
291 487 44
49 331 60
36 273 53
168 382 45
142 447 55
43 182 12
5 467 29
212 390 25
121 466 24
140 256 30
179 310 85
91 434 41
73 180 55
154 393 38
3 197 95
63 107 58
167 339 81
271 342 90
225 267 88
33 387 68
358 402 9
108 293 50
13 303 4
90 226 32
266 297 55
174 263 85
107 151 98
150 189 31
93 494 94
201 391 70
77 195 14
144 156 14
119 185 12
177 251 80
12 406 70
349 381 16
115 150 92
217 366 6
24 210 95
142 382 10
39 95 79
147 241 30
179 223 88
116 130 59
137 459 78
293 436 54
307 312 27
160 431 100
155 312 74
159 332 62
229 390 48
289 449 6
38 51 18
150 247 21
222 314 25
341 468 85
373 422 92
199 305 4
67 296 33
125 198 39
42 484 41
101 343 7
72 88 16
37 50 27
81 400 15
11 336 6
333 427 82
113 255 65
252 418 49
198 275 35
141 377 100
39 422 23
25 308 85
40 193 15
81 253 75
383 441 17
81 180 36
274 364 87
7 412 9
13 199 88
433 440 81
18 193 48
65 223 97
28 378 29
233 420 66
28 405 21
130 363 27
344 424 52
374 406 6
200 263 71
430 463 10
274 303 41
126 239 28
37 355 85
4 113 55
18 411 10
33 160 5
30 280 30
221 379 65
125 133 85
161 222 93
28 496 56
255 393 71
43 295 5
29 173 48
319 325 26
79 324 87
14 148 39
54 214 77
249 263 51
272 347 23
98 301 5
68 223 13
107 350 33
419 439 87
115 179 37
215 253 70
402 423 38
380 405 31
125 273 11
133 343 62
418 422 59
328 423 4
93 333 64
242 420 10
23 333 96
263 431 66
148 442 52
298 497 9
403 486 37
45 123 94
28 50 87
15 415 23
297 422 51
90 177 72
62 69 23
123 318 50
102 436 76
481 490 80
20 288 42
210 431 93
211 452 17
7 423 81
45 90 90
366 437 93
111 207 70
44 210 45
63 186 80
38 79 51
186 341 15
48 360 3
128 294 20
20 257 46
29 93 94
158 194 95
44 492 30
175 470 88
322 407 41
338 490 33
17 367 34
49 80 88
51 194 10
451 491 37
223 473 63
333 336 7
67 77 15
19 390 18
226 395 24
303 448 14
32 405 11
310 388 49
3 326 56
438 481 75
226 458 77
175 390 9
338 362 29
287 389 92
171 388 53
25 386 15
287 334 93
302 315 92
389 400 63
181 376 39
224 345 66
31 215 46
170 366 80
97 245 50
257 454 44
53 401 29
37 266 16
274 315 67
72 468 66
40 427 27
423 431 61
321 482 91
132 312 37
393 494 97
290 445 24
143 425 36
66 112 75
186 473 88
279 498 41
20 282 38
17 316 85
122 185 76
397 407 38
97 283 62
71 117 79
233 410 72
313 368 70
124 352 96
313 471 35
104 216 14
195 264 38
457 493 77
104 303 66
61 281 40
106 284 99
25 349 86
55 88 47
46 240 17
268 421 16
150 372 4
353 473 57
54 457 76
107 138 33
146 326 10
105 177 73
113 235 1
2 329 42
352 453 100
173 402 66
41 486 68
319 359 11
324 466 33
6 420 47
186 207 33
265 411 25
234 456 6
157 167 29
370 382 31
141 495 78
287 320 51
23 118 68
53 294 13
138 485 56
337 439 89
166 217 88
142 471 32
99 451 80
404 447 81
105 283 8
310 436 82
142 493 22
10 117 89
238 366 94
108 327 40
123 261 15
58 397 60
68 309 60
18 369 51
158 292 98
209 344 81
23 233 25
162 376 69
45 474 90
255 342 88
192 296 79
36 398 29
37 314 96
216 410 7
79 473 14
43 141 43
194 245 45
6 167 97
6 322 9
246 404 33
158 316 93
12 323 14
357 367 54
180 406 92
336 341 80
122 154 24
76 308 90
94 344 86
4 296 9
206 374 29
354 449 53
6 197 69
71 150 62
321 497 55
70 398 88
190 290 83
123 465 9
32 268 37
202 393 25
96 193 60
414 472 9
148 395 27
16 91 24
79 246 95
370 377 52
92 386 89
235 337 40
51 132 13
332 381 74
100 485 1
236 464 89
70 343 100
359 477 62
195 249 30
265 313 11
189 238 94
95 105 44
252 308 1
164 283 79
18 384 36
239 373 48
4 51 35
232 338 89
295 457 45
303 330 62
349 435 40
206 451 29
338 483 45
45 326 74
422 485 90
11 417 16
135 318 76
91 472 10
255 495 15
155 163 61
50 471 34
34 211 20
99 232 13
124 157 40
130 483 64
52 167 37
190 207 41
147 156 4
33 159 75
12 168 36
170 184 60
211 477 30
190 379 93
263 418 89
246 267 78
93 461 60
113 269 32
417 451 33
71 227 48
328 489 90
233 296 73
101 326 54
242 485 69
243 332 54
114 305 85
65 412 69
59 282 74
135 386 73
84 332 45
347 450 49
163 272 46
289 457 87
41 262 86
28 220 15
216 449 26
372 479 44
254 307 92
132 159 96
79 466 22
382 453 53
407 458 58
24 59 80
179 264 52
370 495 67
23 425 79
234 352 73
11 441 49
191 417 25
210 493 13
53 142 56
183 383 43
336 495 49
73 336 78
84 144 46
162 479 31
173 326 36
268 453 68
362 442 97
122 128 41
5 229 76
88 483 7
14 232 21
29 167 31
48 87 16
47 269 18
129 442 25
239 321 84
24 481 60
408 475 62
67 72 56
91 290 78
25 63 13
253 325 62
37 60 73
198 367 78
67 83 23
171 357 70
120 321 64
301 304 7
79 230 80
249 411 16
221 314 97
104 424 56
228 388 58
10 404 91
190 325 27
49 188 48
144 309 37
262 381 53
157 445 50
79 393 27
325 472 88
331 410 31
377 460 50
275 435 39
11 276 13
225 487 60
478 482 8
119 455 91
136 383 13
135 315 98
207 373 89
318 373 58
273 361 12
43 444 70
161 303 32
144 351 33
138 235 30
303 394 97
172 382 32
136 391 37
100 270 80
95 429 45
44 361 40
437 473 47
253 494 20
137 485 70
119 261 51
152 279 91
201 358 10
115 182 28
209 265 61
50 349 87
1 222 59
154 366 77
164 367 40
114 479 53
50 288 89
178 416 15
95 232 81
121 182 65
26 381 44
79 308 13
53 432 85
78 199 6
63 262 56
224 342 10
13 79 93
104 402 79
200 288 10
158 332 71
111 473 41
28 178 30
75 382 23
337 444 7
363 388 60
325 357 6
231 477 38
377 404 44
357 489 19
317 414 22
369 450 9
232 433 20
411 424 3
63 322 11
100 469 2
172 444 88
94 337 9
143 364 34
250 409 85
108 479 23
22 73 1
121 242 87
261 344 6
123 179 31
205 478 65
69 394 59
55 397 3
279 378 58
219 477 98
227 266 92
21 490 17
375 473 89
367 474 57
249 319 3
97 317 45
67 346 76
64 102 81
399 454 99
58 293 79
93 459 96
57 446 71
62 398 42
68 422 60
96 380 92
365 372 27
95 316 60
33 253 77
81 95 32
192 350 43
119 362 99
5 151 26
205 483 90
48 428 57
68 427 22
268 356 40
272 324 30
257 465 83
180 326 64
359 384 59
271 272 39
291 343 20
96 100 59
33 314 51
128 439 93
125 228 75
120 393 61
63 263 3
146 323 50
67 178 15
139 310 97
153 231 91
62 396 39
133 411 18
43 421 99
143 429 91
275 291 87
94 448 67
187 289 51
36 53 16
36 347 44
4 165 88
187 476 99
138 380 1
136 330 97
147 396 88
263 484 26
239 393 67
217 453 78
50 67 83
66 446 14
165 423 67
349 479 63
219 224 74
38 63 17
187 367 99
273 310 96
92 144 8
109 403 18
18 475 21
138 197 58
187 496 64
279 354 81
202 421 92
249 288 69
95 353 93
242 304 14
0 381 56
351 436 32
261 276 97
120 388 84
298 392 69
78 320 73
427 488 72
318 431 57
109 321 96
307 462 21
347 443 69
287 375 66
229 462 7
189 265 96
33 115 9
144 295 2
8 186 6
181 358 43
152 319 83
288 397 48
72 296 81
35 436 35
26 198 71
195 315 18
415 439 75
189 431 52
231 452 23
199 495 10
30 102 6
82 480 84
292 367 99
307 409 52
201 380 49
38 343 47
72 93 1
94 254 86
216 307 17
201 268 20
396 406 46
181 430 63
244 339 83
368 444 20
328 343 5
34 312 4
286 488 5
63 484 90
136 190 48
65 226 45
251 254 88
15 313 25
99 319 47
98 462 49
214 412 13
158 301 57
97 425 5
390 425 20
379 409 8
1 389 4
173 473 10
69 327 19
160 294 95
300 309 24
64 402 9
42 345 11
59 322 97
19 55 57
35 318 32
382 468 67
107 221 72
122 137 21
140 465 78
181 247 38
94 424 39
7 175 100
48 271 87
187 383 3
282 304 37
53 212 55
204 499 65
137 480 14
15 44 43
363 447 19
225 431 73
124 442 41
348 487 52
257 422 2
246 448 36
85 485 71
112 484 35
227 496 6
19 454 7
484 498 77
132 388 25
137 286 32
200 224 25
205 405 52
122 435 37
9 493 80
53 291 4
38 186 80
367 423 45
319 421 63
131 389 37
36 124 88
258 489 8
111 475 52
165 244 31
43 277 44
182 216 50
62 402 64
254 382 3
300 464 94
346 499 55
112 390 29
83 144 75
212 412 62
38 133 13
122 184 9
94 288 50
214 440 65
232 353 47
303 489 66
70 377 7
333 434 62
282 315 87
121 233 65
141 204 22
95 495 85
117 313 55
11 360 35
157 430 6
132 485 44
160 334 95
156 446 92
210 283 45
38 106 41
32 44 12
8 283 27
20 384 92
32 317 83
36 289 19
3 169 49
144 223 64
162 344 78
111 492 67
46 165 16
157 249 31
0 487 48
190 434 12
248 482 43
240 490 100
49 259 65
363 441 96
63 261 98
160 335 84
85 281 83
68 410 61
72 130 87
57 338 31
216 248 41
11 461 29
45 99 92
234 373 39
331 422 14
50 443 27
49 279 48
153 460 85
380 411 6
26 118 24
300 344 95
289 348 88
286 317 19
125 221 20
386 404 17
112 195 73
123 199 19
219 227 63
124 284 78
434 493 19
63 398 71
197 268 18
45 333 86
342 441 37
121 147 87
65 99 65
61 339 49
119 237 85
293 499 30
166 220 54
198 353 53
115 360 11
245 374 67
129 357 22
128 272 47
420 433 14
147 242 76
354 413 81
386 467 7
114 366 10
213 306 56
217 452 43
120 333 53
63 332 82
63 84 6
184 468 39
261 319 31
54 218 1
175 447 28
8 247 87
23 244 42
270 300 8
234 412 3
329 468 94
297 304 54
333 424 11
153 475 11
221 275 5
45 117 25
353 426 90
98 177 82
28 188 52
266 386 47
81 395 27
352 428 34
397 480 68
193 359 74
216 359 3
388 490 99
73 87 29
155 236 36
3 125 49
30 73 23
40 478 71
215 319 45
52 374 99
39 483 58
60 461 99
343 493 52
189 401 35
7 266 61
47 389 53
36 204 72
101 264 43
24 304 6
381 428 90
252 254 97
259 452 100
64 269 61
24 437 75
238 476 79
94 425 71
94 279 33
6 278 95
73 477 83
103 483 23
135 259 42
215 273 37
22 464 1
130 209 64
29 76 93
83 191 27
52 200 2
137 410 1
230 304 26
84 345 45
183 320 1
265 296 58
435 451 49
265 413 72
114 397 19
407 499 34
182 205 99
4 26 83
186 354 11
36 397 40
97 477 42
133 383 3
270 420 36
182 311 1
120 422 2
469 470 69
311 440 72
71 188 87
202 265 48
303 451 68
121 384 60
284 315 65
190 477 45
19 190 42
233 414 13
271 308 76
175 320 7
221 222 9
307 407 79
75 241 98
194 338 26
2 30 76
293 370 71
131 336 52
28 235 90
157 392 12
248 421 86
252 426 21
55 460 25
184 318 53
340 375 58
338 478 7
121 310 62
140 492 54
123 345 51
248 450 100
169 365 73
258 459 29
259 427 45
52 472 69
291 360 28
100 367 56
268 430 54
8 63 2
188 192 36
10 292 78
234 305 22
26 76 89
142 269 30
233 433 55
199 274 59
133 174 67
203 398 88
129 195 34
416 446 80
89 188 95
9 48 93
214 346 3
108 485 52
228 416 23
86 146 17
224 270 65
148 297 75
343 399 82
191 342 62
14 99 89
78 348 57
89 458 77
64 452 36
280 393 1
23 440 68
410 436 44
150 255 22
42 238 11
140 158 23
165 427 79
10 368 83
77 440 40
243 432 77
84 249 95
267 324 39
21 303 7
67 351 56
4 362 44
246 306 55
422 429 23
406 454 61
431 489 5
135 258 80
185 280 64
42 190 40
353 379 5
230 464 54
152 395 35
134 408 53
159 391 74
270 303 7
472 497 35
161 236 53
209 262 8
424 491 55
37 269 9
5 474 82
69 420 78
202 251 33
208 316 25
189 466 28
64 151 77
27 237 26
219 359 47
305 354 16
371 455 70
142 174 17
37 127 70
101 413 42
15 380 6
91 438 26
5 491 58
162 184 19
48 379 60
119 415 68
60 217 83
5 43 23
87 195 84
80 267 65
62 331 21
107 324 78
98 493 77
217 297 49
77 221 50
0 74 74
293 294 26
92 132 68
239 327 47
337 435 40
173 446 4
103 380 32
224 293 22
131 383 78
104 114 69
191 335 47
132 289 24
171 280 81
163 294 31
31 48 92
22 271 57
70 371 92
11 317 76
307 339 10
462 481 22
240 400 67
167 420 10
16 344 68
142 424 1
0 449 50
179 263 6
124 482 34
231 359 38
297 474 7
32 229 87
140 216 34
104 184 10
80 211 96
130 272 32
307 316 82
120 437 65
139 340 94
120 176 83
91 327 50
138 303 73
67 401 41
45 195 30
140 175 21
192 257 4
9 241 99
273 390 39
158 495 62
421 446 13
458 468 63
301 370 66
216 254 75
372 457 65
214 302 73
103 163 52
80 437 86
32 94 3
45 381 49
230 246 75
272 462 84
6 415 29
375 491 32
210 382 50
424 456 15
108 436 4
131 334 78
61 286 71
5 207 49
375 400 95
10 38 81
17 102 92
245 325 61
336 377 78
165 271 13
246 294 55
23 147 99
463 472 74
284 354 76
303 389 6
20 210 58
58 388 50
29 329 10
389 481 99
196 470 70
305 331 49
5 377 93
4 233 66
118 256 19
111 145 91
400 454 72
110 286 96
237 405 39
63 425 49
179 309 64
278 387 50
86 88 7
241 488 71
335 436 66
31 284 29
53 60 49
311 365 87
185 318 23
175 422 21
364 415 44
149 428 92
310 401 88
324 325 68
21 416 80
284 464 33
33 79 22
180 276 52
65 187 100
145 172 24
138 181 61
167 321 4
41 421 47
24 284 26
324 493 61
110 388 38
18 321 76
121 391 38
329 474 37
90 423 76
158 169 35
266 429 97
257 452 63
150 321 76
79 127 25
69 423 51
254 447 5
7 169 64
186 368 83
253 340 12
146 166 96
169 484 83
121 156 99
305 330 58
237 310 98
456 466 39
92 433 34
206 420 25
29 423 18
56 239 34
51 442 73
140 426 60
71 409 61
269 334 49
414 487 10
236 371 17
59 335 97
188 419 13
15 250 42
274 455 20
139 198 61
201 474 6
274 427 43
151 287 30
318 363 36
27 451 79
8 446 94
152 253 47
16 76 28
85 253 16
128 492 64
191 327 41
23 230 13
25 93 42
7 212 56
31 150 77
242 423 95
14 96 69
70 311 90
134 356 41
86 232 78
130 185 9
32 378 9
275 342 55
25 165 24
319 353 92
424 448 93
248 298 25
5 265 59
220 329 28
137 339 28
36 300 9
80 198 16
209 247 35
102 485 17
182 318 62
19 92 59
75 214 85
89 166 81
13 485 62
364 401 9
313 359 68
380 494 68
292 358 21
242 369 86
237 314 97
118 122 19
359 465 28
27 268 49
202 351 36
371 393 62
151 430 21
186 470 86
23 356 53
189 237 83
24 175 77
246 441 5
59 419 23
68 276 48
30 334 25
270 389 43
36 409 32
134 308 54
201 461 97
125 294 19
227 408 25
429 442 89
1 133 83
288 358 75
379 479 58
31 273 26
182 236 11
170 327 86
75 152 3
170 490 84
88 180 36
35 345 41
190 399 46
155 358 100
272 438 68
127 461 64
23 162 94
113 317 87
32 116 85
377 432 48
418 483 69
345 441 63
194 230 8
125 238 20
5 206 48
11 319 54
393 429 98
278 299 10
196 359 27
302 407 100
38 200 6
3 312 22
109 416 50
58 443 89
82 117 15
15 432 16
99 379 96
38 447 72
250 416 63
112 463 96
79 161 11
153 165 57
7 324 54
124 326 80
60 323 42
148 434 30
44 89 52
148 407 62
190 484 17
11 468 18
106 290 84
257 440 44
136 406 53
252 486 6
83 399 91
308 336 87
230 332 30
54 252 98
26 116 47
27 419 71
41 154 18
53 346 62
218 231 91
383 425 3
405 409 39
54 275 90
207 289 15
68 377 50
121 304 54
46 54 78
17 417 96
234 235 42
92 259 73
13 487 27
107 425 43
67 462 25
196 457 52
230 496 44
115 120 30
410 427 8
162 305 31
388 394 76
150 313 39
156 447 27
171 395 20
44 149 47
71 141 58
337 354 49
237 360 7
126 133 10
395 445 36
241 430 66
385 418 58
81 109 44
36 393 72
21 398 71
3 327 96
243 343 33
16 223 42
133 345 63
0 217 49
78 137 86
112 366 87
371 474 25
177 349 33
241 401 43
186 264 17
223 302 17
77 329 75
7 204 90
2 491 72
19 35 88
422 492 56
84 189 75
204 266 27
196 307 31
140 221 84
200 370 52
132 216 35
311 398 49
266 486 97
275 301 85
47 460 67
44 221 4
394 457 23
229 350 88
277 431 47
264 315 42
29 308 1
45 107 23
32 478 23
374 474 82
147 199 5
51 70 22
372 412 17
268 447 63
193 258 63
54 86 34
115 278 96
406 418 33
83 240 63
110 152 98
201 320 69
206 295 33
123 455 17
189 442 20
22 56 54
392 431 2
83 408 70
128 295 81
29 434 43
431 452 75
201 258 84
7 54 98
123 222 18
23 232 62
1 373 89
42 239 23
8 173 91
309 395 75
101 200 82
265 400 40
131 397 84
141 484 2
267 437 36
406 477 41
180 282 31
236 413 92
160 401 40
78 362 76
20 99 47
132 269 66
136 177 64
252 351 48
54 301 63
33 148 38
144 311 21
0 333 49
141 156 72
13 382 98
398 422 79
123 430 53
134 227 19
38 211 20
209 450 25
220 231 89
58 305 95
60 311 22
97 411 64
110 491 89
22 294 63
473 482 70
141 368 96
70 76 60
123 378 14
90 351 82
311 337 67
246 385 23
219 390 52
77 180 42
211 333 97
177 211 72
28 72 43
89 457 1
265 367 55
79 115 4
239 477 96
80 450 37
61 292 53
211 327 83
137 224 50
196 257 93
196 300 80
46 74 39
297 319 21
328 365 4
83 393 74
266 473 20
355 420 35
281 484 16
165 291 82
94 208 6
115 383 93
93 180 35
6 244 20
297 338 8
76 285 91
294 408 87
119 463 71
284 446 25
139 327 45
7 214 39
225 308 10
78 399 96
117 374 10
184 423 1
81 86 46
88 388 49
103 110 97
37 480 94
224 327 23
257 409 33
143 404 71
409 483 92
323 359 3
122 208 66
222 264 11
223 443 13
381 478 94
3 70 75
77 191 78
83 92 42
315 466 94
29 165 82
405 415 83
22 470 27
205 408 41
180 363 31
130 440 46
133 496 53
258 338 22
11 448 73
260 360 54
149 437 22
101 262 72
228 333 19
242 380 29
366 417 71
207 409 90
376 440 59
298 378 10
18 478 87
203 356 61
93 268 20
152 239 88
56 209 67
40 160 19
312 350 36
167 451 74
7 403 25
264 454 3
166 239 82
7 313 70
272 371 89
197 310 73
95 408 14
351 369 37
51 412 4
333 376 67
188 264 61
433 492 4
179 344 11
68 290 10
366 485 76
8 35 54
99 175 58
63 347 26
332 435 4
294 432 89
246 445 36
92 322 49
73 312 23
239 447 46
58 427 67
36 123 95
380 406 59
59 387 67
64 85 40
119 361 44
159 299 24
94 416 51
338 433 27
217 351 20
37 444 50
265 426 63
104 450 51
3 383 11
226 360 41
9 296 69
113 276 92
178 482 78
124 295 41
36 130 57
140 486 5
430 483 37
99 155 10
279 397 86
73 362 40
46 432 88
43 136 60
248 470 81
249 418 34
56 352 50
167 317 49
249 378 79
317 372 38
136 243 35
186 358 45
31 124 97
165 182 17
59 70 45
346 383 93
200 472 87
57 178 76
47 471 70
202 431 53
80 467 16
230 436 94
139 468 28
72 193 88
302 400 58
99 264 36
142 288 8
22 293 93
32 98 36
5 448 74
402 467 99
143 305 79
4 407 76
12 331 51
91 219 62
62 242 63
77 465 91
110 176 23
270 360 6
341 482 61
121 136 81
308 427 64
7 462 23
297 404 85
198 463 18
168 268 43
207 358 83
253 365 38
342 430 5
121 410 53
343 447 54
30 422 62
70 394 94
364 369 6
403 472 56
148 177 14
193 443 2
52 496 49
305 463 78
22 191 62
34 184 78
71 366 13
363 364 26
28 403 42
137 333 40
150 382 38
132 198 78
370 440 73
383 488 90
147 388 59
50 57 62
113 134 44
317 351 15
44 393 48
61 120 22
216 257 43
173 432 37
286 353 32
79 443 48
314 390 63
175 403 68
330 365 32
277 455 29
139 365 32
156 465 28
84 288 5
274 411 14
440 452 89
33 398 18
44 63 27
232 316 5
298 325 76
388 467 25
196 290 12
143 473 17
105 473 45
256 402 27
180 337 29
151 472 71
13 366 84
183 443 97
19 341 64
97 123 40
131 345 72
223 398 33
398 401 9
195 389 87
252 437 69
218 265 89
277 454 69
59 73 88
49 306 44
179 470 6
1 32 8
280 321 89
83 151 82
335 476 53
191 293 63
9 126 5
8 143 35
453 474 59
31 63 88
159 451 46
371 379 18
286 293 22
3 261 41
185 219 17
74 487 38
246 402 36
72 431 23
61 194 16
97 494 56
421 447 95
156 190 11
75 141 37
28 268 89
76 316 48
187 231 93
167 450 77
425 440 34
62 75 56
188 273 28
151 325 98
134 498 23
69 100 85
330 343 18
68 345 37
166 417 100
281 445 37
4 44 11
291 335 21
369 483 61
413 470 18
65 492 98
0 406 75
229 321 40
75 172 68
62 423 15
438 439 45
424 499 10
156 281 2
268 417 53
155 474 82
288 393 77
182 364 3
110 428 57
334 354 57
100 301 78
347 459 97
324 365 76
57 200 55
12 120 87
246 401 9
117 363 48
159 374 49
176 208 76
3 103 54
370 454 21
239 439 89
49 380 66
29 366 63
464 484 81
88 238 62
2 6 20
128 150 50
371 492 86
121 165 60
89 108 34
399 447 64
11 101 75
187 315 16
77 427 14
278 364 19
153 362 69
101 284 95
374 425 57
10 280 15
34 62 55
128 400 22
140 338 1
123 383 97
136 217 66
199 414 39
249 344 32
128 396 21
3 87 37
60 431 71
256 472 19
216 483 98
118 398 5
141 255 9
65 403 97
14 278 1
154 315 96
249 382 7
113 494 93
92 319 45
220 472 45
8 394 71
364 386 71
53 344 48
285 484 59
386 453 78
225 351 32
56 147 3
161 245 65
57 203 17
243 326 73
140 170 64
197 226 7
268 462 72
24 205 22
247 314 82
158 435 48
16 46 65
290 340 96
41 151 29
92 236 56
192 212 20
36 213 47
270 495 92
19 483 13
185 291 38
71 142 39
154 177 18
454 483 65
295 326 90
449 477 28
21 164 40
116 276 82
54 340 48
113 174 29
203 328 95
5 299 94
101 287 31
34 338 53
36 43 3
26 219 51
412 487 75
266 485 26
298 326 37
47 360 89
480 482 17
243 471 63
66 331 29
102 325 51
159 476 73
18 357 94
3 440 38
274 333 36
169 237 95
187 268 63
89 396 15
177 399 69
4 47 69
134 288 67
327 414 96
199 278 45
163 349 7
36 293 10
308 412 73
281 384 11
95 395 26
314 453 86
148 188 36
390 401 87
58 231 24
58 380 26
116 348 31
68 496 47
329 361 63
39 470 25
197 315 76
253 276 35
54 459 44
56 313 47
155 397 82
18 323 48
394 491 56
11 183 90
104 418 46
122 311 48
352 390 68
100 345 46
316 453 50
183 304 26
27 183 3
291 427 68
76 301 16
428 430 4
96 403 59
284 442 70
170 488 24
64 315 4
246 360 27
43 462 50
224 480 51
12 350 94
245 370 44
56 448 45
13 207 92
195 261 90
41 321 55
81 207 61
130 380 44
130 141 66
8 17 44
52 249 11
301 371 15
18 41 54
142 413 5
130 432 79
278 406 61
345 445 95
29 221 95
133 215 79
231 463 90
30 426 96
385 421 68
365 467 14
410 454 34
23 29 46
36 405 58
30 248 2
1 235 43
163 414 18
118 212 37
234 306 75
307 369 64
418 436 86
224 323 50
93 407 55
39 185 60
41 388 100
33 135 37
105 121 13
53 389 64
2 228 27
299 497 48
78 98 47
274 419 34
246 458 14
64 284 84
53 110 14
203 382 86
74 225 40
53 89 73
91 371 90
71 464 94
273 412 62
66 216 59
226 268 87
46 160 38
209 236 35
355 422 87
17 95 5
40 429 43
258 264 97
78 257 95
268 471 10
41 380 72
72 304 79
204 395 97
202 422 5
216 314 41
161 330 96
148 354 95
22 455 74
117 312 24
48 389 19
181 220 4
271 462 5
10 363 17
214 403 100
340 423 76
291 496 20
108 162 15
107 485 39
142 168 50
331 393 26
262 442 39
334 454 61
161 480 27
342 488 42
275 363 31
216 459 18
412 448 94
47 363 1
36 400 89
238 241 2
331 398 41
137 170 79
292 470 84
236 498 76
172 349 20
123 158 31
53 482 52
27 371 28
431 451 11
187 265 95
268 283 14
314 411 14
80 281 73
321 418 15
173 174 33
68 447 25
192 344 55
185 337 32
60 399 100
51 462 70
42 118 95
133 323 4
301 421 8
364 379 84
446 496 46
134 253 68
495 497 46
166 222 63
183 466 99
21 44 26
227 451 17
48 488 8
25 320 40
323 345 53
221 272 70
0 121 48
264 402 77
99 368 35
141 205 56
279 371 92
142 284 2
82 395 45
30 487 4
205 450 3
96 154 76
6 25 37
275 412 100
83 308 26
286 305 29
362 409 8
35 169 44
11 346 2
233 319 65
81 129 5
107 108 45
117 480 61
176 177 28
37 275 49
148 498 50
244 437 44
39 275 47
283 325 88
98 258 84
272 360 83
225 449 42
29 466 91
170 495 16
156 260 67
37 383 64
33 194 41
40 162 94
273 359 9
202 409 62
93 131 44
97 367 79
163 278 32
5 127 95
207 327 74
77 104 68
231 412 21
209 319 64
276 314 19
309 495 10
129 322 89
59 136 44
199 492 58
88 243 74
124 423 92
37 55 48
110 160 52
451 471 66
249 446 16
429 498 58
98 126 25
180 455 97
318 319 52
315 384 74
39 89 52
28 300 28
334 360 14
453 469 64
74 394 26
70 333 46
147 203 32
440 461 69
49 87 54
254 301 11
47 358 87
336 348 97
167 252 55
143 303 78
377 498 45
326 463 86
74 405 28
36 59 77
96 137 28
306 445 8
386 445 99
4 479 76
318 434 88
9 218 79
323 390 74
1 409 45
153 290 30
395 479 56
115 474 71
159 185 10
258 386 30
262 422 89
2 448 30
80 389 32
335 441 32
97 475 13
153 409 46
62 137 75
193 326 99
352 448 96
333 425 91
149 233 89
235 397 30
46 138 37
20 118 13
90 472 79
369 478 39
112 275 84
354 482 44
5 358 100
150 199 25
91 267 68
192 448 3
358 378 54
440 459 69
74 367 27
94 329 4
307 482 21
115 127 22
158 349 83
153 348 36
199 285 84
2 44 70
109 216 32
51 218 47
126 326 59
21 344 78
182 460 1
41 191 49
99 231 96
32 441 98
64 318 14
36 394 3
165 219 23
298 376 29
283 394 16
99 142 38
46 383 54
214 237 48
243 285 20
358 432 31
80 475 36
449 466 98
269 452 52
82 223 29
71 92 58
256 336 70
72 344 44
168 457 98
36 133 21
24 155 18
171 466 97
95 477 85
45 102 46
207 421 23
155 432 82
340 348 25
392 421 50
258 417 65
273 296 79
5 17 50
215 365 94
251 382 1
394 455 89
378 391 12
188 197 92
23 253 82
410 463 54
13 171 9
160 207 18
275 322 44
58 326 48
166 397 50
300 330 18
101 229 30
86 118 20
44 354 7
123 169 10
418 463 37
101 339 79
69 285 10
65 410 67
209 364 73
39 352 89
226 339 81
219 347 72
0 246 65
42 139 34
436 462 21
35 384 66
141 179 72
366 374 33
217 236 88
140 272 59
292 491 79
319 427 37
173 219 45
152 390 76
74 216 35
193 488 75
206 483 99
16 126 26
269 488 28
307 429 29
76 228 70
211 293 29
45 88 30
25 191 18
404 483 26
273 382 99
59 138 4
180 482 71
6 344 73
331 489 65
49 468 52
9 477 59
340 387 33
99 318 46
358 422 90
39 194 72
181 215 60
429 464 32
188 485 98
25 404 86
30 50 57
134 292 47
255 477 23
134 346 69
104 152 48
145 185 37
37 371 94
65 196 65
403 478 35
169 206 97
280 471 40
346 475 9
127 289 55
21 477 18
62 89 14
18 440 66
4 237 38
27 426 67
134 265 56
185 492 53
222 362 93
104 296 91
176 449 54
128 445 86
84 270 71
148 464 11
264 303 29
282 436 58
77 308 24
116 408 54
99 248 22
13 142 27
192 449 65
218 326 58
12 433 26
182 385 88
136 441 54
8 416 34
162 497 15
291 481 45
170 414 79
432 460 8
147 295 91
384 472 24
165 473 92
68 490 34
228 440 50
231 478 7
135 216 98
81 294 8
119 281 35
204 432 83
358 444 24
207 464 54
25 394 50
142 181 82
139 406 54
72 347 62
253 302 73
127 132 67
149 308 20
145 409 37
334 442 99
31 334 3
96 106 7
87 101 73
27 453 57
21 171 16
190 266 87
273 345 17
208 246 82
60 147 43
300 471 67
148 301 65
319 440 25
416 438 48
223 378 55
346 446 83
29 379 67
75 316 8
136 146 62
190 274 59
90 435 98
6 72 36
121 245 95
29 331 62
334 451 61
183 208 94
294 415 45
41 296 15
165 411 9
408 485 69
144 278 83
341 412 9
41 419 20
35 174 76
83 96 29
347 494 34
159 403 81
290 321 69
222 304 79
27 172 48
292 373 81
87 370 16
88 428 85
337 418 50
466 467 61
400 494 7
0 259 8
43 304 47
109 189 78
71 319 7
107 257 10
118 379 94
106 283 53
45 100 83
23 308 88
135 380 62
465 489 99
20 272 97
277 344 51
150 397 63
152 245 2
188 346 29
108 417 57
90 483 82
67 188 22
211 252 40
191 388 17
183 295 94
121 273 79
77 121 61
27 76 78
372 433 7
86 251 54
370 443 23
75 284 59
198 372 9
26 138 61
418 461 55
15 183 36
188 361 27
6 216 50
121 370 91
71 417 71
285 399 31
145 265 17
219 248 35
34 80 99
97 208 17
120 323 56
85 222 6
189 484 68
218 342 56
245 267 38
43 128 79
106 175 97
152 201 71
280 465 80
130 317 70
362 470 2
143 211 16
25 341 96
2 115 76
269 339 32
21 495 17
394 408 100
302 383 13
59 231 10
198 346 83
255 407 98
53 250 88
223 472 60
362 453 86
90 495 65
81 357 67
42 396 27
296 443 73
152 218 2
62 287 29
54 455 62
131 442 9
390 403 97
79 286 100
23 143 45
384 458 95
63 288 19
94 318 71
190 343 28
262 313 2
42 395 91
307 410 75
69 183 67
312 453 60
1 467 70
173 197 89
75 81 49
182 353 55
121 332 24
125 488 77
111 282 6
76 169 28
12 373 78
108 266 55
289 389 6
313 440 44
159 326 4
364 419 59
350 439 49
41 429 92
109 126 45
212 448 61
92 115 58
346 494 49
68 154 91
23 475 16
320 372 57
44 78 50
117 351 21
168 182 32
351 486 86
327 407 76
112 336 57
396 447 75
47 291 26
397 440 36
77 384 94
149 476 79
210 452 85
120 181 34
2 52 15
55 385 8
399 401 79
142 478 10
105 447 27
474 477 60
128 472 79
379 474 31
110 309 76
108 313 84
40 212 5
37 393 15
276 442 55
257 357 29
74 344 73
14 230 38
120 367 41
304 331 10
22 369 82
163 306 29
357 364 57
326 420 1
148 204 7
25 105 91
203 481 74
228 281 7
36 494 67
158 406 20
52 257 67
17 161 49
163 216 38
158 176 53
30 275 94
202 206 32
217 373 33
36 65 79
222 439 44
27 132 3
263 442 88
291 497 64
5 375 49
93 418 33
66 268 75
91 216 45
330 457 89
79 453 31
32 151 96
142 219 81
112 299 83
339 495 49
201 217 39
108 212 66
196 262 7
9 495 90
75 171 28
122 149 68
95 480 8
40 60 57
106 107 97
35 124 96
60 168 16
436 455 11
121 255 56
172 379 98
319 452 2
135 203 80
191 313 10
141 146 4
195 285 63
244 336 52
56 473 64
201 312 42
489 493 51
333 439 6
268 427 92
57 106 19
5 244 57
34 238 80
168 342 10
15 185 28
171 409 83
381 420 12
363 489 100
332 390 37
228 422 8
246 428 84
341 432 97
40 154 76
91 304 65
18 171 44
313 495 96
114 474 95
0 332 48
71 393 86
163 358 5
437 461 100
135 334 95
48 285 99
189 412 13
149 340 26
95 279 45
19 255 55
222 321 17
301 338 39
161 362 95
150 435 54
41 381 9
139 338 88
56 132 55
208 481 94
217 364 26
283 365 89
269 391 87
332 416 48
136 207 23
21 481 97
279 430 31
257 325 41
32 467 72
89 411 19
43 50 61
26 84 35
405 486 38
12 482 55
177 408 13
426 470 77
344 488 11
243 363 74
19 77 25
5 225 36
227 465 98
414 419 82
159 477 66
253 437 28
181 383 66
78 180 82
171 493 28
80 410 46
376 421 97
62 391 99
330 368 70
122 322 71
185 344 81
378 477 46
173 196 7
160 449 54
149 485 57
23 465 66
5 109 4
97 305 48
278 423 72
87 499 52
131 143 34
168 317 89
268 495 27
287 413 56
88 297 82
269 337 67
32 343 55
96 240 32
150 226 16
122 279 25
88 223 96
87 383 30
101 171 17
144 288 77
141 476 14
389 469 83
325 492 54
48 252 91
229 377 14
75 99 81
255 428 40
24 309 72
91 402 96
380 483 88
164 387 31
100 448 93
70 355 39
159 429 29
222 295 50
64 113 64
144 186 28
348 461 34
60 222 24
367 372 48
25 487 33
142 472 77
158 443 44
41 418 27
215 255 92
238 466 96
378 476 37
165 326 86
191 230 97
11 74 6
40 120 48
33 97 24
110 224 25
283 495 81
462 464 37
207 316 66
276 477 75
183 258 67
211 353 49
109 194 35
193 199 96
90 92 81
344 433 9
215 244 68
58 348 66
33 220 38
344 427 95
327 416 95
343 394 64
187 291 78
61 143 13
133 212 51
46 288 77
109 370 51
361 371 63
199 341 7
68 143 97
348 422 40
206 351 4
303 358 75
6 213 73
321 324 28
301 462 16
256 270 20
40 353 6
188 254 10
96 355 75
220 339 94
193 319 99
71 290 42
229 357 57
177 442 84
296 405 64
253 461 10
274 323 47
188 385 97
112 293 48
296 312 38
131 310 10
78 459 60
2 207 12
57 355 20
230 241 3
85 478 18
273 288 85
149 296 80
199 449 50
96 313 85
79 189 51
64 429 57
23 334 21
104 357 51
51 346 82
13 19 9
10 473 62
113 420 33
354 444 6
170 351 70
244 422 34
80 433 90
60 299 33
163 426 78
58 406 3
16 222 86
221 443 14
53 132 3
271 463 78
38 399 50
98 398 79
187 401 62
13 284 44
106 271 78
42 65 62
152 476 3
23 483 40
147 422 99
354 370 62
316 384 1
354 432 79
101 424 48
221 307 58
301 444 66
216 435 99
76 264 97
4 216 80
387 402 30
156 339 4
52 395 48
55 322 80
261 415 71
245 354 85
200 213 76
369 406 79
107 494 53
165 447 52
89 218 15
185 286 61
54 465 56
241 285 28
19 426 65
63 241 89
203 226 44
171 410 99
98 428 38
359 440 86
214 327 61
144 332 58
21 422 8
10 302 45
152 206 91
13 192 10
19 477 56
268 352 50
213 373 46
5 123 75
308 348 1
120 192 91
30 339 19
299 308 33
107 307 50
244 287 60
348 483 4
266 333 87
84 438 66
20 495 87
66 143 36
244 430 23
164 358 1
129 191 41
296 415 42
41 137 20
100 171 21
71 467 66
96 138 29
1 380 45
202 262 46
161 200 97
215 266 7
8 300 36
106 220 83
131 169 16
103 112 29
74 343 11
80 297 43
470 494 29
92 274 29
101 140 39
142 390 48
249 431 71
181 269 38
17 345 35
182 293 87
324 486 6
66 177 34
32 141 39
125 379 14
375 466 15
32 55 68
116 274 90
424 452 26
151 263 86
385 445 13
155 375 97
240 339 62
35 400 34
120 334 5
318 334 12
116 498 61
203 274 31
68 315 14
91 348 98
417 475 51
273 416 84
17 186 61
192 234 44
166 375 16
99 309 78
130 407 84
49 289 65
79 267 24
54 283 28
233 462 59
263 389 15
106 138 43
412 491 47
416 485 58
49 247 99
241 361 79
98 197 50
388 482 35
132 427 61
91 388 100
29 53 35
11 469 70
390 484 99
0 352 79
202 330 6
82 354 93
15 165 67
485 487 61
113 206 7
62 300 35
273 362 86
370 470 65
200 393 68
355 482 3
324 470 70
4 390 85
33 282 64
35 312 41
61 87 73
28 141 18
220 492 3
4 20 18
63 268 22
201 469 98
37 499 59
445 466 11
82 347 60
384 478 83
164 330 1
167 438 7
243 485 81
90 482 29
64 384 74
181 377 62
375 498 60
86 223 81
163 259 53
1 315 69
110 458 83
70 322 56
161 400 90
52 499 50
43 269 54
125 372 2
38 255 26
110 246 72
21 491 14
174 280 23
7 113 24
97 355 10
138 362 3
245 319 1
109 232 87
355 430 72
31 422 89
125 278 27
166 344 94
130 218 63
232 290 8
90 224 98
120 355 10
335 477 63
66 403 83
171 324 82
253 312 52
327 461 9
153 282 66
4 329 72
234 367 23
95 457 74
231 418 8
79 493 39
251 267 73
196 220 46
43 296 33
198 498 95
105 341 95
72 145 77
181 311 55
249 471 45
17 234 76
37 176 88
355 414 35
124 125 79
223 357 87
12 259 80
44 171 100
189 242 21
90 314 56
85 261 18
130 304 90
303 498 25
183 473 95
307 451 48
11 166 8
109 172 81
211 248 33
317 484 59
219 391 36
239 475 23
53 76 82
76 272 30
282 480 79
336 408 75
53 387 13
260 298 90
269 298 65
234 435 9
230 444 76
68 91 22
71 353 30
321 417 36
117 398 94
12 122 10
199 236 7
258 279 75
271 347 69
16 143 78
10 251 80
389 470 32
85 86 23
243 497 87
184 261 97
111 143 5
342 354 55
102 136 69
159 336 68
83 331 40
96 181 92
217 457 14
245 263 81
96 175 80
86 163 38
426 429 2
76 300 92
17 415 17
213 323 51
235 398 29
0 138 43
453 458 68
328 454 13
353 489 73
276 463 23
260 472 77
56 413 53
39 285 46
262 446 18
111 242 58
80 210 53
188 398 65
110 271 83
166 318 21
182 303 7
78 438 73
26 190 64
214 242 44
96 217 88
192 336 60
13 251 43
234 484 14
285 288 19
327 388 60
247 453 54
135 175 34
259 388 7
200 334 97
188 237 3
38 142 36
299 432 15
178 406 64
358 419 9
158 469 2
244 468 77
161 192 28
242 289 46
96 107 93
169 190 55
14 335 23
103 130 59
310 392 36
4 404 51
315 412 1
382 465 89
182 391 21
249 415 68
46 462 95
59 405 26
206 213 66
251 467 4
266 415 73
16 378 22
149 397 76
267 391 28
26 95 27
95 178 66
305 446 85
330 352 22
126 268 14
361 409 19
152 236 17
195 432 50
116 240 11
164 238 51
155 300 44
332 451 39
230 361 12
3 119 78
79 277 14
417 464 79
282 373 56
103 183 78
69 271 13
185 247 45
56 203 8
215 429 34
62 67 83
177 245 3
219 244 24
19 218 98
52 215 69
442 481 29
330 399 10
142 302 96
209 498 13
163 181 63
95 284 58
112 166 4
93 380 30
41 233 17
312 377 15
198 490 1
302 484 79
124 488 100
101 397 60
144 416 75
178 287 41
445 456 54
117 406 91
42 445 90
164 479 28
221 291 72
67 427 73
297 368 93
378 479 67
159 496 48
107 444 2
99 456 1
296 421 24
323 367 27
45 421 51
443 484 38
60 305 53
341 441 62
7 322 81
75 106 95
14 369 36
79 243 65
360 459 38
203 435 42
87 246 68
16 32 46
129 236 92
324 482 22
77 456 3
173 313 42
373 395 21
148 336 92
100 216 56
109 311 36
421 465 85
6 317 49
120 338 45
232 459 83
245 453 87
134 495 3
53 391 1
310 469 59
238 386 55
148 197 6
136 285 18
344 498 50
119 292 73
223 257 8
232 335 58
87 197 91
200 317 2
217 488 92
251 394 1
276 473 77
100 441 85
115 257 62
15 490 40
157 182 70
121 279 65
30 320 75
98 404 52
127 238 1
70 426 59
77 207 86
198 374 14
245 490 53
399 438 14
50 224 5
409 487 77
77 130 92
2 276 70
81 440 46
281 426 3
168 434 86
115 312 8
344 436 58
81 493 33
296 377 49
61 475 80
10 119 65
296 369 40
440 464 63
139 309 1
129 156 99
328 406 93
403 482 59
199 303 64
153 209 66
20 301 94
6 146 27
218 266 27
186 289 2
20 258 76
404 468 81
384 385 57
142 182 61
252 364 5
5 348 42
164 408 16
328 475 72
52 206 85
77 469 93
424 433 39
248 283 95
86 225 87
126 459 27
364 499 96
190 298 86
295 385 42
457 487 69
273 440 14
271 447 1
70 239 95
129 164 40
41 153 28
123 417 85
181 258 60
24 340 34
7 258 7
162 475 80
182 237 18
141 308 51
3 325 4
96 202 39
44 279 29
166 168 23
86 156 27
222 440 45
85 385 67
17 215 17
328 336 72
217 267 13
186 481 10
127 431 65
19 263 97
44 62 93
4 105 3
331 349 60
484 488 81
55 231 11
63 80 64
199 346 41
14 171 1
124 169 12
170 216 31
452 486 51
45 275 45
24 367 81
154 359 46
103 367 97
79 261 26
92 271 37
56 370 14
29 215 33
211 405 67
75 292 100
74 335 22
148 209 33
142 316 49
270 358 72
83 102 83
377 495 89
274 353 37
29 430 51
150 324 61
392 427 58
97 137 54
426 471 17
307 455 81
241 436 44
282 350 35
44 172 79
98 491 63
227 255 59
165 294 67
97 144 45
29 358 81
249 341 54
166 485 8
255 412 54
39 143 98
235 341 7
138 141 77
130 182 8
360 477 43
114 318 11
84 320 68
3 57 9
106 176 68
88 262 95
317 388 13
339 400 97
411 451 80
79 352 49
401 434 14
199 499 67
37 414 8
310 353 23
29 359 6
111 483 22
291 348 10
199 365 67
288 434 87
3 109 18
373 384 68
185 220 63
339 438 17
253 495 34
174 329 97
116 461 31
110 127 74
17 421 15
278 404 1
228 279 37
218 343 2
214 369 9
294 295 55
79 162 84
34 40 47
103 336 40
230 349 19
115 358 80
258 397 98
11 35 81
76 91 65
238 335 76
79 201 48
370 399 89
1 455 96
26 263 2
219 254 23
280 499 76
64 67 15
175 273 32
304 408 41
260 289 42
11 84 21
178 390 51
249 385 1
48 343 38
42 159 33
165 449 77
342 398 15
118 405 5
23 278 28
123 349 83
63 339 30
133 350 92
362 489 99
409 422 4
108 247 20
224 397 31
83 302 41
95 296 71
229 303 77
25 314 80
30 253 17
386 444 75
344 490 14
162 351 47
7 109 33
237 447 81
136 484 37
130 301 85
81 158 71
168 185 36
46 242 77
47 322 10
437 470 98
161 365 2
228 347 13
188 420 68
48 176 51
147 214 31
410 428 57
200 326 2
19 387 53
194 228 42
219 245 33
132 296 39
41 257 25
12 320 1
211 312 16
42 100 13
211 408 3
98 362 61
56 181 97
120 214 1
312 347 73
88 432 20
365 394 9
54 299 58
195 244 24
410 476 94
106 457 81
177 261 29
78 455 81
142 477 97
151 380 52
31 421 78
38 41 14
4 164 66
145 342 57
400 441 38
311 321 46
154 346 7
392 487 77
112 370 49
128 430 86
310 475 54
400 485 53
359 495 91
368 403 68
102 409 77
393 430 93
52 71 52
99 207 51
134 343 98
233 382 59
137 248 6
443 456 9
73 80 43
7 94 52
90 231 56
44 237 64
149 430 84
185 230 10
108 211 51
218 403 86
196 337 14
214 457 80
176 273 13
406 444 46
317 359 72
1 460 6
161 292 91
73 212 6
170 204 82
93 317 28
209 408 94
126 151 23
51 356 97
452 469 86
87 135 88
193 496 33
39 124 6
40 284 6
247 350 55
323 340 79
199 256 52
352 372 79
177 224 24
74 229 76
53 182 91
86 149 65
89 349 81
272 477 2
291 467 14
181 393 6
391 410 8
103 371 36
275 369 4
87 143 69
359 382 43
154 381 71
21 118 9
250 285 56
481 496 1
453 471 72
214 249 89
254 311 91
378 394 82
248 414 75
137 482 53
153 471 40
70 220 83
362 401 26
223 419 78
218 467 47
304 367 1
123 232 75
335 390 37
107 143 18
58 126 14
16 328 3
153 356 6
16 33 15
332 344 69
20 152 39
61 251 67
358 429 34
67 341 91
288 457 84
121 176 16
78 231 54
36 166 69
117 205 16
65 70 55
54 243 76
329 443 42
15 156 18
209 227 84
395 468 30
9 168 80
30 331 46
50 167 65
7 472 46
41 357 51
63 442 70
121 360 35
216 355 99
6 19 46
12 434 70
3 67 95
302 395 96
213 410 89
70 479 50
145 432 94
20 61 22
255 483 97
460 473 19
229 230 81
187 334 89
126 304 37
89 485 89
328 478 75
3 79 73
163 388 54
81 474 89
184 366 66
34 398 39
92 224 38
231 353 8
181 323 100
57 115 99
114 339 98
62 151 4
181 295 25
85 392 45
210 466 30
122 365 32
113 454 33
428 453 55
160 256 83
310 422 63
179 324 55
227 444 9
229 493 9
131 497 35
244 492 91
312 431 5
341 350 14
15 436 26
90 488 38
60 227 46
85 269 34
44 326 34
110 422 33
74 416 97
215 222 66
169 443 44
368 484 96
81 84 100
351 496 55
91 354 11
120 254 48
17 130 47
128 319 6
183 457 42
339 480 85
181 273 73
62 465 75
94 334 64
88 295 69
69 180 30
240 447 22
145 441 100
19 463 77
104 468 46
344 486 40
81 250 85
3 127 80
208 254 78
339 418 71
66 80 59
150 266 42
153 201 70
112 385 17
321 355 85
27 229 44
260 396 69
191 249 62
4 266 38
198 279 4
146 329 1
394 447 95
8 198 29
232 256 90
94 310 66
208 335 98
16 210 77
144 366 76
1 109 64
157 388 92
61 477 74
7 331 94
203 354 36
217 288 27
46 221 46
326 489 47
394 418 25
45 345 48
28 162 79
35 255 75
88 279 57
84 384 83
144 287 99
75 449 74
260 463 43
247 306 83
292 313 4
329 394 90
40 146 98
151 206 68
225 350 9
58 434 89
92 109 56
216 249 5
25 481 11
124 443 7
107 327 5
355 439 70
369 481 83
141 406 17
107 179 92
155 350 63
24 237 97
149 489 47
414 474 81
286 374 89
63 402 17
1 480 84
329 392 64
2 238 31
17 446 39
91 368 71
247 405 6
85 140 35
120 203 58
350 387 29
90 372 67
74 168 65
167 207 45
152 207 43
87 302 84
233 284 11
118 476 46
43 181 92
52 122 48
277 323 25
218 264 93
352 475 40
12 447 14
22 393 83
153 474 30
300 484 97
358 451 98
112 276 5
27 463 73
86 431 62
133 208 63
150 350 82
0 356 54
102 412 41
93 429 58
233 480 63
353 354 63
381 449 97
178 372 16
343 368 59
125 475 27
169 382 28
168 435 98
304 469 6
43 51 77
99 401 30
20 251 90
149 206 43
73 123 69
410 495 58
28 223 33
131 155 35
190 235 92
235 423 63
167 190 59
95 182 86
357 434 28
185 354 36
290 449 18
54 288 97
83 470 25
129 426 88
291 380 47
312 468 9
150 477 67
70 182 55
96 114 92
45 312 58
69 206 29
326 436 67
18 21 58
133 321 46
402 416 42
346 479 73
115 475 38
66 488 2
114 216 40
421 491 86
191 331 47
21 440 78
453 486 11
81 458 49
50 129 71
354 383 59
128 194 56
241 271 63
352 410 12
0 190 41
67 205 36
102 480 52
142 431 12
78 152 77
144 383 5
330 487 67
396 398 100
302 357 33
181 491 89
1 458 24
114 162 64
20 151 52
393 406 35
283 389 61
302 497 51
237 244 84
159 363 55
11 188 29
245 435 18
305 394 95
124 296 45
69 480 93
219 425 91
46 116 14
378 410 22
338 392 73
56 120 65
167 457 31
125 491 62
310 383 16
367 454 28
171 272 55
80 495 82
136 418 9
419 423 24
224 235 64
20 172 96
86 467 26
227 248 4
64 254 97
40 222 69
355 453 18
416 459 44
287 347 82
13 314 42
42 349 98
160 198 100
204 429 19
217 444 41
47 492 64
139 335 4
322 342 84
45 249 91
42 242 19
84 159 6
89 384 93
140 143 10
86 295 76
50 447 52
412 438 32
259 319 69
16 459 15
135 447 9
229 281 32
113 424 9
9 429 57
328 369 24
309 394 43
288 461 94
32 440 68
102 191 8
130 229 96
104 438 22
172 207 76
71 95 30
436 459 54
236 465 98
336 459 51
97 259 71
329 367 41
92 255 37
104 248 22
26 110 29
46 153 3
370 457 38
283 307 7
211 348 17
233 407 11
39 118 99
87 273 64
23 53 6
68 230 86
85 380 94
97 441 57
82 207 58
3 173 26
148 247 24
399 455 41
265 481 31
57 392 38
21 271 39
170 318 27
230 311 16
207 340 27
77 257 20
67 158 70
253 377 47
338 437 45
366 473 16
271 339 49
218 480 84
243 452 44
311 314 16
303 477 77
327 452 67
132 314 76
66 318 66
471 494 47
218 373 86
58 449 64
3 252 37
139 153 50
389 406 57
234 399 40
254 435 96
22 23 66
48 91 62
13 136 17
71 233 86
187 193 2
8 60 28
174 342 20
92 111 79
174 356 53
87 175 67
320 365 71
236 462 87
23 292 26
318 371 68
57 421 34
276 303 81
236 391 56
120 158 37
326 419 94
405 417 16
137 343 6
120 454 25
164 438 58
55 252 62
221 225 65
68 220 81
7 186 5
42 258 12
271 421 33
116 486 74
66 457 81
234 488 5
56 154 37
88 196 18
123 125 68
9 212 29
243 454 19
105 285 77
113 193 86
142 490 90
25 490 98
27 32 66
298 323 75
109 192 52
149 398 8
66 221 24
79 442 30
261 328 42
185 491 98
77 362 56
369 487 18
262 328 11
245 305 15
3 435 1
79 364 90
225 334 81
134 180 52
8 344 94
32 304 75
76 476 19
90 333 30
130 468 84
44 452 42
364 492 21
345 472 39
326 437 9
119 218 21
157 342 52
59 427 6
376 433 98
15 472 72
26 49 84
203 255 15
459 482 62
333 462 39
51 277 65
109 386 67
308 376 13
39 101 31
63 416 82
102 376 18
362 418 47
89 187 57
21 267 32
404 437 47
193 249 100
288 296 95
350 421 39
139 156 60
47 117 5
100 388 36
257 391 50
220 247 67
325 399 33
201 212 57
293 400 90
226 404 61
190 419 88
294 458 45
347 438 81
398 453 93
83 467 69
180 368 13
167 257 21
402 411 81
357 385 49
379 486 65
377 394 60
258 267 26
170 333 90
10 442 13
120 135 35
20 321 80
104 264 62
260 307 18
78 486 76
252 298 65
112 365 19
177 265 13
158 286 71
69 388 17
96 212 39
287 493 7
10 296 91
171 474 96
64 160 77
170 304 52
84 439 32
191 308 95
256 319 36
231 421 18
261 382 59
247 403 64
231 480 54
193 415 49
128 372 100
23 216 16
151 251 52
11 383 77
242 430 20
343 421 11
233 441 66
59 384 95
295 330 37
24 445 17
138 223 54
163 297 27
44 151 64
405 463 50
215 367 85
166 404 37
201 387 1
131 446 31
21 369 36
385 422 48
71 470 10
289 458 71
36 86 30
71 270 17
102 375 50
266 434 70
365 399 57
151 247 10
415 485 15
230 252 20
230 264 91
457 476 6
117 231 69
153 380 7
72 483 6
98 499 27
275 325 45
105 419 56
103 439 22
223 306 13
149 386 92
341 497 73
360 475 29
177 450 76
112 383 35
297 373 84
166 248 1
156 306 97
225 226 69
153 350 2
125 247 99
20 277 96
82 443 21
108 296 20
91 331 89
115 375 80
400 426 23
148 364 63
235 412 90
341 414 40
355 392 62
336 418 74
443 481 13
31 50 36
146 317 8
163 197 56
66 408 58
343 448 50
186 399 69
395 463 62
349 437 52
181 444 56
34 356 95
34 363 48
23 178 96
142 232 10
39 387 53
244 342 1
345 425 49
30 491 44
293 461 3
137 319 47
30 57 43
221 430 91
127 369 88
75 361 86
45 55 70
194 340 33
17 135 7
181 303 7
68 487 50
136 420 69
193 395 38
257 304 6
80 263 86
472 494 53
188 278 73
327 458 22
45 179 10
84 362 25
257 497 90
10 250 41
228 409 35
167 445 98
103 490 95
144 254 8
43 49 100
142 473 42
94 132 86
361 380 60
49 54 97
107 280 77
274 440 81
155 173 83
243 481 86
296 380 3
177 230 72
176 202 52
381 484 25
253 402 18
130 461 34
213 298 61
383 442 95
197 453 69
16 298 32
331 486 90
160 324 86
153 368 12
423 488 25
341 485 41
72 174 56
154 353 42
198 432 16
191 339 15
248 336 8
116 268 96
37 282 85
260 344 47
9 479 22
397 416 1
26 211 66
111 166 61
276 480 16
158 425 24
282 372 44
70 284 63
299 363 78
93 274 57
107 453 70
5 72 15
127 321 7
263 296 21
232 388 24
45 219 51
136 298 11
280 350 6
11 38 40
143 339 61
405 425 23
71 176 22
355 437 24
107 306 13
97 498 15
131 432 22
74 382 31
389 430 15
181 210 5
99 402 10
227 233 77
230 417 63
85 449 91
259 418 57
84 233 23
213 451 84
325 398 8
134 367 34
45 349 85
128 388 52
213 457 54
165 331 13
73 204 23
42 94 14
73 191 3
124 362 60
44 244 100
66 188 82
223 328 71
365 400 22
76 200 43
23 289 85
363 392 89
23 285 85
105 316 93
436 441 19
85 185 64
284 481 64
129 411 18
162 200 60
225 386 10
197 243 18
111 253 43
129 140 40
105 387 7
54 115 1
200 385 87
329 368 7
355 379 67
350 491 60
174 370 97
9 359 15
167 291 55
154 293 81
85 251 65
3 311 67
387 437 12
136 356 80
167 409 54
53 74 91
158 295 30
101 349 100
88 102 100
129 404 24
216 448 56
223 305 88
245 430 70
32 413 76
141 268 99
56 286 3
234 491 96
116 421 91
97 177 54
93 175 80
9 30 15
251 491 70
9 234 17
82 240 10
10 72 28
195 482 5
150 233 14
158 334 96
225 285 3
32 422 4
229 451 1
194 279 34
37 241 5
142 432 51
161 393 94
329 410 25
26 345 100
152 346 39
137 228 9
24 294 47
34 448 59
33 418 45
227 322 63
391 395 33
78 126 17
388 414 29
249 318 52
182 283 80
220 242 96
125 439 33
157 364 99
70 430 18
138 390 68
349 361 30
137 385 1
204 365 14
204 348 2
6 478 42
114 451 66
65 168 43
16 469 58
75 266 27
115 384 75
393 431 80
57 432 43
62 310 40
5 258 65
395 478 41
135 325 72
49 223 88
162 232 84
408 479 2
299 315 79
465 493 54
29 486 3
275 419 18
43 260 93
203 279 92
45 258 15
294 350 94
21 218 75
8 456 90
56 414 48
128 423 69
378 440 8
120 244 25
435 447 68
11 258 57
17 335 18
446 454 50
111 409 39
278 496 46
481 492 84
136 476 38
165 496 9
12 383 23
296 487 77
18 161 84
82 475 26
58 200 50
342 473 3
106 368 59
110 190 8
1 419 98
91 357 36
237 285 24
90 195 61
111 469 32
101 276 71
31 368 59
196 350 81
467 470 93
354 366 63
305 336 19
40 292 81
91 125 60
162 415 63
134 492 72
11 209 5
461 468 18
19 467 28
79 302 46
117 305 86
3 307 92
379 430 79
127 347 97
221 458 65
112 146 76
173 489 63
350 487 94
26 432 71
32 216 89
12 260 6
105 445 70
94 400 86
67 86 88
54 355 17
250 497 71
101 211 53
25 113 21
17 61 95
201 276 41
254 287 18
369 392 22
222 310 12
207 385 83
37 340 16
156 319 53
45 392 45
134 149 46
189 474 68
40 56 55
164 169 59
377 427 1
208 323 26
260 355 87
282 298 46
316 392 14
91 97 43
385 432 33
279 339 76
354 467 57
140 229 37
375 426 2
339 383 63
21 337 36
273 433 69
10 70 90
164 396 75
396 419 69
192 252 35
273 394 58
424 451 15
5 159 10
127 419 5
149 268 91
402 492 63
2 356 25
209 318 95
282 299 67
395 424 64
165 355 60
31 290 56
185 236 5
268 472 3
30 249 12
209 379 35
255 449 48
262 320 15
100 194 29
257 448 60
164 497 30
268 398 97
199 431 42
193 480 26
39 425 64
348 380 6
140 389 25
50 285 11
10 426 57
112 298 12
238 370 92
427 493 17
312 486 55
51 72 38
47 275 18
159 284 23
335 336 34
343 393 90
50 496 59
135 148 78
67 221 3
178 180 96
249 354 50
78 337 41
90 114 35
80 476 81
26 434 90
62 196 7
340 486 4
235 333 23
229 248 23
47 299 22
129 313 23
121 276 59
60 324 49
195 262 85
46 339 45
287 391 89
85 390 14
362 366 2
52 244 16
178 432 75
195 257 11
349 403 21
54 311 13
124 193 51
408 425 41
307 491 70
30 415 29
273 454 10
85 232 83
51 487 80
126 188 63
83 201 33
222 477 89
92 242 61
293 397 36
12 90 59
371 426 86
134 204 15
108 447 35
217 310 53
223 225 88
8 406 91
34 202 10
83 494 58
212 397 6
337 379 41
215 354 55
49 492 10
82 272 17
11 259 67
185 426 12
78 305 49
65 141 61
189 257 45
108 230 33
306 341 67
75 482 99
30 185 31
101 418 15
34 434 95
267 313 70
58 89 31
211 287 79
237 304 24
333 371 17
47 354 57
21 163 72
300 321 48
2 490 27
41 66 33
181 207 18
292 481 25
335 370 43
74 272 39
30 454 15
246 345 12
11 294 73
255 413 35
285 319 26
92 146 14
192 386 11
207 443 78
216 415 88
119 168 69
93 359 93
149 171 54
19 378 30
189 308 11
103 454 69
56 155 55
103 356 73
112 416 49
0 17 87
294 371 39
168 251 21
58 229 82
163 450 34
313 415 72
323 337 73
46 255 10
292 410 11
286 427 67
92 313 19
110 341 59
397 412 85
149 342 18
89 205 13
17 40 33
8 478 57
472 488 28
134 247 87
159 253 12
23 306 28
393 404 66
160 237 33
1 478 46
381 438 7
32 165 88
348 446 96
7 251 52
6 324 6
415 498 58
23 446 55
238 436 34
41 185 43
127 378 83
283 382 85
178 268 10
105 414 75
77 445 70
134 212 73
33 342 91
56 124 58
122 250 99
47 384 77
0 206 59
201 241 92
21 194 76
232 430 10
113 198 88
156 176 22
1 231 18
225 414 40
241 408 68
165 458 86
171 325 85
155 345 16
199 287 91
234 300 99
63 171 7
165 486 65
65 256 59
285 289 8
36 40 50
81 281 6
195 468 34
162 484 50
95 248 25
195 219 76
154 191 51
3 200 75
48 166 58
347 439 64
281 325 48
158 372 74
132 278 6
346 375 60
206 410 26
141 210 58
17 318 75
148 321 47
163 281 3
169 396 21
228 391 60
155 257 73
227 277 9
240 373 17
170 400 94
158 434 50
301 495 71
280 334 23
155 437 41
337 352 24
118 370 84
194 265 27
12 29 65
175 193 24
156 482 89
23 206 23
194 380 46
346 464 71
166 279 51
285 370 99
377 439 93
245 361 98
99 210 87
160 165 53
98 497 9
1 226 54
93 390 16
38 158 79
242 298 56
300 398 59
277 457 71
50 146 65
301 374 65
95 352 75
282 469 97
97 116 62
14 164 7
114 433 20
156 487 38
255 264 44
38 431 88
425 429 4
181 203 8
325 342 68
376 465 44
163 274 35
90 319 29
109 332 63
234 268 54
61 378 68
95 423 55
388 464 97
54 192 6
341 409 33
130 157 7
154 404 81
342 365 58
224 230 35
209 437 45
94 352 10
118 378 73
152 330 26
168 348 80
30 172 30
40 98 59
104 318 77
235 295 64
71 422 65
335 372 89
0 219 22
238 447 7
123 453 33
50 207 77
150 458 68
153 285 15
134 330 34
283 425 64
223 489 72
169 346 85
282 443 73
32 53 14
220 455 98
141 310 90
108 223 74
272 334 55
267 442 81
63 157 88
83 453 67
42 339 16
39 402 13
233 474 55
379 429 48
414 426 94
139 233 29
25 389 40
96 195 9
464 475 73
118 276 12
157 332 71
260 270 30
337 478 44
252 296 51
153 266 10
196 433 92
23 157 61
78 423 82
183 442 94
64 218 24
304 379 87
20 276 3
272 490 36
216 335 25
305 390 22
290 468 10
27 142 8
321 334 60
1 494 13
283 291 31
63 495 61
217 490 69
112 363 47
194 482 76
202 454 69
23 128 32
38 382 7
319 334 35
66 162 64
215 378 19
204 213 82
291 391 85
24 376 80
395 432 91
324 367 61
40 425 78
284 325 32
120 345 91
93 169 67
50 98 58
265 293 39
172 174 81
144 414 41
86 359 83
323 494 71
19 192 30
19 391 1
133 302 76
280 369 47
433 449 53
336 339 79
4 374 3
165 177 50
214 381 77
397 489 32
225 379 70
62 414 29
107 470 81
99 397 92
281 334 81
328 490 87
71 313 81
132 233 24
72 392 80
30 85 69
316 485 71
222 457 83
483 499 27
70 245 57
71 439 64
65 150 15
220 449 56
195 408 86
218 399 15
31 409 49
157 454 91
225 416 95
83 210 63
78 295 24
90 403 54
121 327 14
92 438 28
120 133 60
228 314 22
374 472 71
303 343 71
453 484 82
76 306 64
118 436 97
169 464 42
60 91 17
102 217 1
189 408 61
103 318 97
311 410 65
160 496 88
318 415 99
379 481 36
324 497 87
63 341 49
312 438 27
33 459 23
135 419 82
71 347 87
119 288 47
57 309 47
424 441 81
16 261 82
61 167 95
76 387 40
241 321 38
196 364 59
63 95 89
101 411 3
240 375 22
200 212 91
439 481 55
251 335 28
140 428 57
133 182 64
213 472 92
412 437 60
215 243 45
70 157 16
12 140 96
375 425 71
201 213 77
284 317 70
341 492 53
381 409 1
81 497 10
89 354 40
357 445 53
252 291 67
180 291 24
98 341 17
105 222 7
10 126 22
213 254 39
186 440 70
39 68 96
104 270 22
221 269 88
104 277 71
299 487 52
150 494 21
344 464 80
202 285 85
434 459 74
126 178 11
65 350 95
59 438 36
379 383 62
117 303 38
31 260 100
193 312 86
169 226 9
59 391 94
95 343 3
48 281 48
361 491 65
324 400 52
116 320 84
41 131 21
64 223 7
71 492 61
279 432 79
99 157 44
216 401 80
95 113 10
129 141 22
94 237 58
228 238 43
255 494 78
53 69 57
367 401 89
41 285 83
171 281 62
106 353 66
192 396 16
239 384 42
78 260 33
281 326 72
130 404 67
21 294 7
67 266 10
47 317 36
49 475 10
324 344 66
111 417 91
206 233 10
157 457 16
177 324 82
334 368 84
5 311 17
293 306 17
21 262 88
309 385 85
228 392 89
385 489 52
236 353 2
326 362 93
23 421 19
153 490 50
239 258 6
243 292 89
246 310 60
25 238 26
50 394 34
205 463 75
106 342 96
18 165 68
85 286 60
195 310 67
287 455 82
169 170 49
4 249 73
93 253 97
262 382 50
289 401 16
235 328 9
340 421 86
114 396 79
320 459 41
15 170 96
162 309 29
4 174 74
116 489 100
301 360 55
368 495 44
15 459 4
132 333 28
321 411 69
50 254 67
75 417 35
439 444 91
291 317 49
368 454 75
231 277 11
333 430 61
24 135 44
170 358 11
39 395 72
133 399 24
89 332 91
156 217 11
210 355 75
27 49 32
37 172 46
136 421 100
313 452 32
31 159 52
111 208 47
49 405 7
149 201 21
117 250 69
5 416 19
411 423 15
228 288 83
157 321 42
164 401 1
16 50 92
286 295 59
12 297 55
9 329 86
81 219 96
411 415 57
418 464 57
200 281 66
13 410 15
35 281 76
83 152 79
327 374 73
330 490 98
189 435 48
285 418 71
30 430 67
22 390 8
42 268 69
108 378 50
66 459 4
29 418 97
6 353 73
150 468 78
274 493 75
85 493 47
7 223 46
178 340 74
11 62 30
218 441 78
372 379 75
117 375 60
74 352 71
57 81 11
134 192 21
35 217 4
154 425 52
91 217 90
13 212 94
241 372 90
247 284 64
75 145 65
311 318 37
325 329 58
75 431 21
114 473 44
194 399 58
356 382 61
276 418 48
58 59 21
71 88 47
20 207 40
338 385 36
166 411 28
279 394 5
22 50 35
326 335 84
169 277 88
218 408 83
175 268 34
212 215 33
15 382 7
228 459 64
258 349 26
54 415 26
104 403 14
62 342 100
15 442 71
195 379 37
42 243 47
155 289 93
129 204 18
318 440 13
51 139 3
50 140 13
285 325 99
300 345 38
177 449 90
151 482 6
74 347 24
310 324 64
141 214 62
389 401 31
44 181 59
168 425 25
98 361 41
64 125 92
19 166 1
53 457 24
232 246 35
47 104 99
401 426 92
221 473 69
360 413 54
63 478 9
24 303 54
25 177 100
7 387 63
57 418 4
165 321 78
17 339 33
26 37 74
204 412 95
6 436 11
59 133 100
78 262 69
423 467 40
276 336 3
140 281 18
162 362 86
277 423 7
295 333 31
256 416 17
18 172 28
353 437 93
72 103 42
64 414 90
306 328 43
43 446 66
2 333 17
341 451 87
193 459 66
406 415 42
339 494 38
100 415 11
49 76 32
180 462 50
91 258 44
94 485 64
326 367 29
10 277 9
172 453 19
332 431 70
126 493 13
133 303 10
176 222 2
41 89 16
76 327 13
330 472 63
120 396 95
197 383 98
290 423 70
405 481 70
21 319 35
155 271 94
120 285 87
215 338 29
8 299 20
105 385 71
277 421 81
191 269 60
101 408 96
26 423 72
24 106 71
167 280 41
333 448 19
254 324 29
239 449 47
72 91 1
252 302 87
445 486 76
193 352 85
51 468 20
75 430 68
36 93 64
98 264 45
32 450 60
107 368 54
265 444 2
104 483 75
109 463 9
50 156 23
100 460 73
8 101 51
33 96 28
313 334 34
63 240 90
168 271 52
35 474 49
412 452 98
101 210 52
214 409 71
215 430 18
167 233 60
207 208 7
198 312 58
311 399 39
229 399 14
19 280 73
65 484 95
109 385 58
103 331 28
350 468 37
271 472 58
113 443 81
93 299 29
205 300 62
172 227 35
64 79 67
69 194 16
263 363 80
260 465 53
58 246 77
163 171 51
331 426 90
45 498 86
227 493 37
134 269 16
240 369 30
159 325 59
255 496 62
283 361 55
49 74 23
118 198 79
107 291 51
242 440 3
123 364 9
205 366 55
44 487 28
331 442 29
82 195 8
30 495 72
395 498 41
96 376 8
351 388 53
288 297 93
66 492 29
5 303 72
47 188 76
154 388 45
304 402 32
13 290 86
284 406 42
347 458 61
38 182 52
63 445 78
158 272 36
161 171 54
168 381 82
175 446 18
46 179 62
247 444 91
35 322 50
287 418 41
193 291 8
11 173 70
419 474 11
126 328 9
37 155 6
107 254 43
150 220 23
200 445 76
232 357 100
303 487 67
318 390 87
191 376 59
129 277 31
11 399 78
280 298 41
211 330 12
30 499 57
142 234 1
154 208 42
6 63 41
459 498 11
171 303 89
3 128 95
404 439 99
129 295 91
101 461 83
166 367 15
42 333 93
95 413 52
214 437 53
258 485 16
53 137 51
27 311 80
397 475 65
176 283 86
248 368 55
105 125 9
374 435 68
109 251 11
130 479 51
293 464 38
93 177 15
240 327 96
58 212 7
30 92 45
217 262 89
272 322 8
187 424 92
217 429 26
155 242 87
91 180 77
24 438 93
30 33 99
84 371 96
141 248 65
233 304 24
345 459 68
130 163 15
320 352 79
25 407 3
330 391 64
304 441 74
308 316 79
206 306 7
196 396 75
105 160 88
146 231 68
49 253 61
42 174 35
456 485 88
298 374 39
126 228 93
201 451 97
34 255 53
77 361 71
5 254 56
282 302 76
238 448 80
32 64 96
221 356 10
306 366 37
34 262 74
6 279 24
74 117 77
25 182 95
226 293 86
58 290 39
259 373 36
366 405 42
101 133 92
177 453 78
136 181 26
106 304 49
15 259 48
382 437 20
337 457 58
114 478 88
124 422 51
492 496 84
122 492 32
181 271 7
83 284 69
44 141 56
53 191 64
285 333 70
168 295 75
155 393 28
260 296 47
96 112 41
22 48 55
261 371 30
210 467 88
498 499 10
199 208 88
133 249 49
69 477 58
118 340 28
68 184 53
55 75 54
23 195 55
28 133 79
356 458 55
165 497 61
40 385 69
36 184 45
339 377 92
257 483 47
96 142 4
210 315 87
347 426 41
107 159 89
23 443 53
42 157 46
206 278 19
198 483 43
306 401 78
85 171 48
17 242 78
328 471 55
86 95 56
423 465 93
181 234 1
359 498 35
190 209 49
182 329 36
375 475 88
29 370 37
277 343 85
63 443 27
135 197 74
244 361 48
32 160 12
135 454 11
137 422 13
320 332 90
257 415 87
1 451 41
38 488 11
336 478 82
291 441 53
115 407 99
59 144 13
28 416 2
67 499 37
48 491 6
71 163 64
47 85 5
108 280 68
3 430 57
213 449 87
300 329 35
203 249 7
94 404 10
36 183 95
366 385 9
252 480 93
165 373 86
185 329 86
19 320 6
179 483 55
189 264 75
181 343 69
355 384 75
286 379 50
106 139 2
36 388 70
39 421 15
329 421 60
134 407 92
171 463 81
261 461 96
267 307 52
70 314 61
217 484 38
82 120 13
141 219 7
191 492 18
127 370 90
219 352 98
185 292 39
76 404 2
159 453 2
173 335 79
3 413 51
227 495 97
6 24 86
144 445 80
220 414 96
278 333 61
120 344 100
124 360 53
103 491 44
120 483 17
101 285 72
201 405 29
283 384 69
220 327 83
32 470 2
68 357 48
447 463 57
72 341 11
150 244 51
381 458 57
25 161 75
232 262 54
88 423 34
357 422 94
124 322 21
346 398 58
377 490 17
159 499 41
275 488 77
144 173 14
133 165 94
327 342 10
307 395 77
11 43 17
344 391 8
279 481 93
240 348 27
45 151 1
16 35 34
67 466 24
136 141 62
47 493 96
237 377 18
6 113 58
190 242 59
219 471 94
137 222 39
15 254 10
121 125 1
153 424 64
41 426 42
228 342 77
317 367 49
10 484 15
297 421 71
27 279 45
125 431 82
192 358 38
60 466 98
212 403 98
122 313 69
259 399 63
92 317 17
431 490 52
211 222 75
406 471 53
421 443 84
385 479 62
71 364 46
441 489 9
192 499 20
0 469 17
270 359 3
317 346 63
5 350 43
34 411 14
77 406 95
13 107 51
179 362 61
330 345 74
103 414 48
331 334 44
33 252 13
384 441 53
338 474 6
414 416 38
10 329 11
109 211 36
28 107 70
285 379 45
13 312 33
150 438 40
57 347 30
249 470 90
143 483 97
91 161 84
108 365 10
9 405 83
116 433 87
27 355 87
51 65 55
146 377 46
204 352 91
373 455 97
399 407 36
16 24 69
130 133 19
71 161 24
235 327 51
198 263 95
134 438 89
27 89 39
193 484 84
24 477 66
285 306 39
381 383 98
143 460 79
99 189 31
17 193 3
49 172 76
123 460 81
312 313 93
171 386 26
209 283 96
315 336 39
334 357 61
337 367 72
225 263 21
43 299 8
318 369 67
164 349 81
368 451 13
150 386 38
337 415 5
46 267 65
312 331 80
23 243 49
252 452 91
38 413 99
392 486 36
172 202 26
372 481 56
30 488 80
79 196 62
103 370 19
262 307 26
194 354 51
294 428 36
16 336 38
21 149 96
381 419 67
201 466 51
230 288 39
25 65 68
52 109 56
20 458 65
17 222 33
166 361 49
87 448 12
1 61 14
225 278 61
317 432 19
128 278 5
200 320 100
353 479 90
162 346 48
285 299 34
85 467 63
185 191 99
59 102 50
47 442 31
426 452 72
133 429 80
152 403 80
200 439 5
167 403 17
302 448 59
237 453 82
211 342 29
197 351 74
113 191 89
83 443 85
60 455 16
83 218 40
103 402 67
117 288 72
216 256 7
104 353 56
163 343 71
232 244 21
57 440 59
147 452 39
335 341 48
17 181 81
192 285 48
89 182 44
52 428 25
164 190 71
123 359 67
26 274 79
71 420 81
290 386 68
102 245 95
314 447 96
316 420 29
129 338 9
11 47 34
219 223 94
30 319 63
312 352 28
457 470 47
236 357 20
328 403 3
251 433 71
63 427 91
310 399 99
71 84 79
482 498 52
138 290 53
245 290 60
77 373 67
289 372 28
43 367 4
35 244 84
106 370 94
143 262 53
87 443 67
153 494 34
151 453 13
187 498 3
92 152 34
116 223 1
196 260 16
100 421 94
201 238 42
452 482 67
123 248 32
70 420 21
63 287 23
282 444 79
18 225 7
164 227 57
87 478 27
49 202 5
18 489 58
127 315 79
298 489 94
282 369 58
31 322 33
91 396 13
24 243 67
0 480 63
196 379 3
111 421 14
197 463 17
302 492 20
95 283 67
55 130 51
37 346 49
397 427 73
38 311 79
71 458 3
40 411 25
363 413 87
260 443 31
12 338 46
35 153 60
331 401 39
281 499 36
221 281 99
94 480 27
60 246 78
282 345 56
116 328 2
402 496 20
143 443 53
272 382 36
138 146 71
33 368 18
83 250 84
384 494 74
446 485 88
47 432 6
151 261 9
246 490 59
57 366 45
115 222 99
101 235 31
8 50 24
84 312 31
247 287 78
103 481 39
102 221 9
99 430 50
309 484 87
75 308 30
27 169 69
175 494 57
15 255 96
19 324 37
204 314 4
253 323 65
229 284 53
8 115 53
86 336 68
108 116 82
285 431 18
278 478 41
51 69 100
14 293 79
51 279 21
105 449 5
132 275 1
19 287 98
96 333 76
251 281 67
206 390 46
66 247 17
290 324 31
276 411 56
35 239 88
110 386 24
32 474 92
11 374 70
187 385 51
187 360 68
84 321 89
125 474 45
429 463 29
401 462 17
145 299 33
3 331 33
99 302 1
84 431 98
199 371 61
97 358 74
268 409 4
47 227 51
14 395 4
6 318 79
20 88 61
4 299 14
104 337 74
101 492 82
443 487 100
149 347 1
15 155 100
39 195 49
86 293 77
53 404 71
242 254 32
193 245 75
338 453 3
15 144 10
287 299 42
90 322 28
236 241 36
132 356 63
124 495 89
133 191 94
85 370 98
52 219 95
174 416 50
8 350 81
223 492 73
100 102 21
36 342 27
140 481 99
330 425 78
154 316 5
384 453 30
66 357 85
83 193 5
270 489 3
27 407 63
82 95 56
187 399 94
171 180 59
261 354 29
117 322 4
184 417 50
126 480 10
297 344 80
266 449 39
132 140 46
103 398 46
73 83 11
125 261 64
393 447 83
167 204 53
241 286 51
296 416 32
164 318 75
316 444 15
42 380 7
199 494 47
363 462 21
229 475 54
442 493 62
73 420 57
282 429 71
167 176 74
246 354 91
14 117 46
184 336 11
101 443 35
143 308 58
94 155 74
8 356 17
117 409 27
130 243 11
395 447 41
126 372 50
318 377 29
342 443 27
35 417 78
54 256 68
76 267 18
371 499 44
156 219 86
17 96 94
237 442 89
102 429 30
250 399 71
116 481 40
113 163 86
381 476 2
155 330 39
92 401 97
49 352 62
291 452 79
90 405 68
249 255 45
207 426 38
135 393 7
251 363 92
11 20 61
60 484 56
230 431 6
220 226 78
76 81 1
177 407 17
187 203 71
183 447 61
92 420 74
452 496 20
41 297 23
241 282 94
260 318 94
132 210 32
91 430 46
154 493 88
94 419 11
291 292 92
40 461 58
102 453 44
21 245 100
197 260 58
185 410 66
224 309 10
22 489 61
285 305 99
147 207 13
355 373 51
49 498 55
73 432 60
101 198 59
122 496 7
118 210 59
11 131 20
189 430 87
42 82 52
80 370 27
95 169 56
168 253 36
57 256 81
55 225 79
277 372 12
44 352 81
170 438 94
382 403 42
205 420 50
189 389 27
274 365 62
7 253 2
10 191 63
2 484 80
409 466 45
67 463 66
62 123 27
255 422 34
116 372 28
36 278 28
335 453 94
187 273 61
283 369 21
71 397 96
70 326 99
36 366 56
114 144 26
310 492 4
5 411 57
110 134 50
306 451 86
246 255 3
299 302 56
388 487 4
73 81 30
81 397 15
317 380 98
31 313 42
128 356 16
107 482 57
33 90 50
340 434 48
46 95 63
44 461 35
243 447 53
217 476 29
177 479 91
149 470 13
158 323 43
79 122 74
134 385 99
200 294 44
76 229 48
222 242 39
292 360 40
163 310 48
5 387 69
80 266 94
217 249 55
94 442 93
177 404 27
179 253 8
108 248 39
190 244 10
44 470 42
222 355 85
128 196 39
3 76 9
24 224 50
438 470 63
42 340 11
156 246 2
125 338 30
19 373 93
62 268 46
248 353 33
430 448 1
73 99 37
291 367 21
109 430 66
51 307 47
225 369 27
158 324 70
172 378 13
227 492 49
186 488 50
347 389 44
251 457 49
414 440 17
147 477 14
285 310 19
266 399 85
155 456 71
19 405 90
72 376 58
361 385 48
153 193 56
13 168 46
315 405 30
174 209 53
114 165 22
385 449 79
141 155 91
266 322 45
62 441 15
61 290 43
86 420 13
54 497 86
337 404 89
68 441 47
115 335 31
85 300 64
261 291 97
39 386 15
192 312 21
182 491 16
392 455 82
212 415 91
106 410 32
128 483 62
241 428 32
282 349 31
377 399 70
20 72 15
284 322 19
24 177 8
89 460 72
117 134 92
166 274 35
37 122 78
87 303 94
2 127 60
131 327 68
170 355 4
195 276 45
282 474 18
255 340 16
158 458 55
79 415 22
47 357 71
337 413 44
277 469 79
281 353 24
21 77 25
165 367 93
11 153 21
374 381 41
400 483 11
152 195 19
405 436 3
29 231 11
156 235 4
424 474 36
15 231 67
113 219 13
54 68 76
49 444 9
6 214 52
29 238 65
345 442 57
224 402 30
9 379 88
152 465 61
411 426 66
132 350 16
113 480 11
152 226 2
102 454 91
8 357 59
166 462 70
2 303 8
71 318 81
234 247 42
211 421 32
52 253 65
307 340 20
39 468 8
224 417 39
228 346 61
119 331 52
298 394 51
43 207 46
181 266 53
430 437 31
196 314 52
368 483 99
29 285 8
111 228 76
2 267 86
110 385 57
23 368 58
122 378 17
364 446 6
12 473 64
31 400 19
169 176 33
84 199 65
255 414 54
450 466 98
101 315 95
296 495 82
111 387 20
386 410 6
110 410 75
199 496 81
50 466 35
29 338 31
113 282 43
32 297 63
1 181 86
223 294 31
13 390 61
72 192 29
76 97 40
143 485 24
230 303 56
50 150 63
32 300 100
329 456 83
241 244 30
196 302 91
117 290 96
93 428 17
167 433 34
184 360 42
181 487 38
180 477 30
294 379 56
438 455 72
200 483 75
240 410 38
201 345 18
184 311 96
116 443 87
61 445 34
246 324 70
172 313 72
8 97 12
286 484 94
110 407 4
162 363 80
245 265 41
238 292 9
243 456 80
133 259 83
269 479 89
30 216 66
34 444 37
221 441 12
83 137 2
269 459 54
203 494 90
245 392 8
76 344 42
236 307 29
354 475 56
226 392 75
4 220 45
182 197 20
327 482 40
397 463 98
185 471 83
332 397 11
177 382 59
175 176 45
263 350 38
339 403 19
340 449 2
227 273 59
215 340 45
103 433 38
52 105 78
14 152 7
192 224 30
382 419 6
439 461 51
446 499 21
109 221 43
171 199 7
50 438 82
199 336 52
246 314 48
100 305 13
365 380 9
64 397 27
127 402 41
403 471 23
162 463 49
162 445 58
311 460 34
18 176 43
241 425 99
101 453 13
162 212 89
24 209 57
97 313 31
46 334 28
119 236 9
128 334 96
250 384 76
13 383 17
269 348 99
119 316 94
71 348 6
391 499 15
316 445 99
48 241 80
145 298 90
69 225 98
353 440 70
215 479 62
174 300 42
38 59 79
321 499 7
340 399 13
20 344 73
315 461 24
103 428 8
14 480 50
178 394 80
253 267 46
422 458 7
81 446 49
58 273 93
28 395 19
148 253 80
195 393 26
251 384 47
247 262 6
18 159 84
407 438 6
108 377 54
274 446 90
96 490 74
93 222 3
393 455 25
84 91 25
168 396 34
104 350 37
57 136 86
12 420 9
206 482 43
309 372 84
345 496 19
238 364 26
141 439 18
130 160 75
124 475 77
110 475 45
185 186 46
153 241 11
207 388 31
227 235 47
22 157 42
235 377 100
268 289 51
265 275 67
307 378 59
72 78 28
29 455 23
120 366 86
130 161 49
167 184 98
290 354 47
21 435 62
83 94 7
243 264 99
426 493 90
101 499 79
114 302 43
228 336 73
325 466 13
236 259 44
378 397 51
55 488 63
146 163 98
106 230 12
86 255 31
386 497 7
340 356 2
2 47 93
28 181 59
132 161 1
169 425 1
126 486 68
90 409 19
145 452 27
9 59 77
245 372 4
245 485 22
167 331 58
204 436 65
188 202 26
51 252 10
42 216 28
161 384 89
39 192 47
102 254 57
213 494 54
229 305 23
283 359 100
170 332 87
302 490 56
30 141 62
407 409 57
334 355 14
82 121 87
65 84 52
301 363 8
87 94 15
44 177 85
25 304 85
306 368 22
166 276 5
302 470 3
363 444 9
14 172 4
233 291 45
111 165 36
14 231 47
121 312 66
435 494 35
68 174 14
47 394 37
290 482 55
257 306 51
390 472 20
58 334 10
239 446 62
302 461 49
13 379 67
183 232 51
12 28 45
143 255 78
17 60 68
146 337 97
72 447 50
25 300 50
257 439 15
244 473 80
293 355 23
47 134 86
36 320 34
187 340 57
93 184 24
26 486 82
323 392 21
83 256 93
209 231 73
84 173 18
176 348 34
31 287 15
52 69 76
92 478 80
28 189 33
198 379 49
114 297 46
275 362 24
367 441 80
51 93 37
94 193 58
30 316 4
258 347 67
228 387 75
101 336 88
114 428 100
330 446 49
81 184 34
454 497 92
238 316 76
221 263 76
309 311 43
100 146 69
113 121 44
450 479 91
54 62 25
49 163 72
228 390 77
214 278 48
111 164 82
61 419 65
100 142 36
34 126 58
285 301 15
411 488 57
11 266 49
47 132 29
186 336 57
87 402 53
476 497 54
176 349 75
53 64 90
293 299 21
312 440 86
10 247 100
333 444 47
355 495 67
332 340 77
262 336 8
266 420 5
116 419 24
17 176 71
119 223 16
178 450 95
380 481 78
338 457 74
18 265 84
352 489 55
25 232 26
191 323 25
112 468 27
122 338 11
334 466 94
357 435 9
96 348 42
52 228 82
254 487 78
53 359 18
195 365 32
70 230 100
136 277 81
285 429 95
98 424 52
286 363 79
393 468 88
4 308 9
194 334 67
169 469 10
130 176 36
14 364 20
363 418 8
138 438 26
199 318 19
21 228 31
383 490 26
112 202 79
231 338 6
23 163 45
71 438 40
93 235 52
120 160 58
1 97 68
184 357 6
257 499 11
151 259 71
32 77 52
57 107 11
69 70 57
9 196 12
72 204 62
42 439 5
126 226 44
0 331 85
160 305 94
101 450 20
46 220 30
127 474 30
6 118 52
41 207 62
264 348 11
179 333 24
255 468 24
104 458 75
45 383 64
21 348 35
239 292 57
161 431 53
190 286 18
41 202 52
86 299 12
265 333 59
415 426 47
171 294 75
220 246 4
152 264 81
231 350 77
66 292 49
49 441 31
215 271 87
436 473 65
132 199 33
139 208 20
251 462 46
30 211 33
98 282 14
33 471 2
116 214 21
131 220 52
14 276 32
291 336 89
291 328 61
42 79 79
10 173 39
16 412 4
47 427 15
346 389 70
89 363 76
167 386 20
53 337 21
301 401 56
348 468 39
114 301 18
101 104 12
40 96 25
268 455 46
13 123 55
89 455 10
164 205 32
193 353 88
232 272 41
119 122 77
259 306 6
187 195 29
19 403 47
216 303 88
34 162 88
55 348 34
310 446 46
81 404 52
192 291 88
22 276 23
104 362 30
124 234 71
68 229 46
256 461 31
262 453 33
13 178 39
211 446 24
413 466 39
302 429 17
42 341 53
83 305 12
86 183 61
40 321 38
17 216 12
192 243 74
184 267 13
21 28 30
74 430 99
179 351 68
200 390 57
41 277 6
256 266 89
117 426 100
104 371 63
156 323 63
41 180 41
158 187 50
40 148 65
250 467 71
67 400 62
6 171 39
75 452 50
401 415 92
313 424 4
151 410 37
269 439 59
318 411 79
219 277 5
43 179 18
37 447 50
339 342 7
156 456 75
242 464 65
387 397 89
278 380 36
31 296 85
33 423 65
7 102 37
200 250 86
204 327 48
96 479 13
39 430 97
150 481 83
450 478 86
140 403 25
184 291 99
379 437 31
105 192 52
21 173 95
207 274 13
62 332 98
142 355 77
108 229 5
463 494 38
47 150 17
252 406 25
127 278 72
281 440 74
408 448 16
38 341 78
249 339 40
227 355 92
196 490 48
257 299 64
28 365 60
350 359 59
254 361 16
50 85 24
70 418 75
13 74 54
1 126 67
337 436 98
95 411 36
60 190 45
115 343 19
174 478 98
317 480 56
111 251 24
54 448 56
121 324 21
32 448 8
12 193 56
402 473 24
299 446 49
159 300 34
387 420 49
123 371 73
236 314 19
464 485 27
4 54 52
249 326 45
341 385 36
159 200 58
147 299 90
28 480 53
197 313 92
224 272 28
99 224 13
355 391 83
378 411 85
274 346 70
104 360 70
42 158 36
24 60 51
212 244 70
109 242 40
343 409 43
214 260 92
146 236 13
98 367 41
306 345 37
30 475 46
182 475 44
290 344 48
164 300 9
7 375 9
1 202 47
115 406 54
330 488 21
235 264 15
183 315 13
219 307 2
61 440 92
160 453 63
103 302 79
167 366 22
219 231 25
112 149 18
59 486 9
55 345 12
121 274 70
6 488 3
81 389 90
171 382 28
331 427 83
121 173 56
179 459 15
205 338 66
14 324 56
137 138 53
118 211 75
180 377 78
33 107 81
122 182 96
126 389 85
291 405 74
413 455 65
405 447 94
18 290 28
43 219 29
188 406 15
5 152 30
69 178 46
12 144 60
107 239 38
290 497 53
67 459 35
135 348 53
11 235 20
167 421 40
109 355 4
128 179 37
35 256 20
22 278 82
197 481 32
315 320 16
195 471 65
136 183 59
311 411 46
475 496 89
44 174 49
57 243 21
344 386 63
123 341 49
141 468 75
443 473 29
282 326 69
430 434 67
219 367 24
14 155 43
244 246 55
34 389 35
5 364 84
123 302 46
320 376 55
38 103 83
123 217 93
205 337 75
15 100 17
175 214 51
205 326 43
62 372 22
255 356 34
69 419 12
211 419 45
179 427 33
202 472 15
375 496 58
294 385 11
278 371 91
357 436 57
270 482 25
298 441 55
226 236 88
258 274 1
237 443 38
83 342 70
2 144 37
248 318 41
251 470 52
100 329 71
289 419 17
433 443 67
21 388 57
229 402 27
375 402 73
180 325 86
107 194 75
47 437 5
167 449 78
2 339 23
290 469 38
2 116 49
226 304 4
168 240 13
373 425 14
124 213 42
69 201 58
31 314 9
122 391 73
41 79 89
263 488 31
173 259 83
163 335 5
188 400 20
200 301 40
60 397 81
127 424 55
21 66 36
93 449 27
12 371 12
238 365 84
165 267 27
27 274 69
52 127 73
422 487 87
39 96 29
265 464 25
78 118 56
13 358 64
343 352 33
326 354 28
432 467 38
1 347 82
28 329 24
273 375 57
3 317 83
235 303 93
186 198 43
180 352 49
83 258 38
46 480 33
79 348 31
373 398 10
88 471 74
323 328 21
423 486 16
55 116 26
19 68 33
343 356 50
107 113 36
360 434 82
42 140 81
59 470 39
33 229 56
129 315 71
181 390 92
58 367 44
23 153 20
83 354 96
29 95 1
139 418 92
336 375 47
256 476 93
51 350 24
120 375 18
83 490 70
293 377 23
59 317 1
308 495 67
214 306 8
8 331 23
413 493 89
397 443 38
88 254 6
63 361 56
218 486 31
310 342 13
274 407 2
57 452 64
298 482 16
223 421 100
0 56 78
19 314 61
45 350 84
63 220 47
305 447 77
30 164 18
113 312 86
466 468 91
351 416 100
166 249 60
86 245 1
281 290 80
316 385 22
128 495 18
209 464 73
72 232 81
79 413 87
240 335 63
121 365 14
94 266 70
193 337 66
330 477 52
308 478 55
33 429 95
214 343 40
99 216 98
116 374 25
48 95 95
92 283 80
112 399 68
106 360 31
135 247 73
82 232 44
207 296 6
143 165 34
370 429 13
248 408 12
157 346 94
145 195 13
63 342 99
181 392 40
54 432 92
72 143 5
472 485 50
47 373 83
211 383 20
211 429 95
420 432 5
142 206 29
78 183 77
186 447 86
195 221 62
266 487 28
192 406 67
153 456 58
388 424 23
78 277 1
274 282 5
55 156 87
54 151 13
235 361 71
84 363 69
30 192 73
35 349 45
72 218 47
206 267 97
53 287 71
285 309 82
106 180 81
146 448 97
69 491 65
265 311 62
2 359 43
169 499 79
5 268 89
274 477 36
14 219 25
57 303 38
77 271 57
271 407 91
423 466 38
447 479 6
137 418 52
72 190 52
119 367 8
179 452 88
28 263 30
188 404 15
127 175 83
463 467 10
175 216 51
138 152 24
344 441 11
363 434 34
135 459 27
276 334 82
9 62 41
49 195 25
306 465 71
145 201 64
22 81 75
192 369 59
233 461 35
406 407 14
209 399 77
293 437 47
8 75 58
353 405 78
381 384 30
49 316 98
197 434 49
341 394 77
32 476 26
57 293 74
198 354 50
253 311 61
120 128 98
24 290 27
187 321 70
18 128 18
172 357 79
24 298 65
50 97 72
108 209 55
130 137 11
69 249 1
100 204 22
248 378 66
6 497 92
314 349 16
78 156 62
173 433 26
6 55 66
97 354 11
192 235 61
262 309 79
48 210 38
121 298 28
1 209 26
48 275 82
78 140 22
206 383 39
299 393 29
104 141 77
114 471 49
26 71 19
120 303 13
46 78 10
241 296 88
131 392 67
276 306 21
134 307 73
102 120 81
330 435 12
230 371 43
236 454 27
143 224 45
52 229 49
11 388 63
169 175 23
421 451 56
111 176 10
445 493 82
209 472 62
82 383 95
65 301 47
138 397 39
206 231 73
159 187 85
179 404 96
237 376 80
135 490 81
291 406 7
99 499 28
63 343 46
317 472 30
130 393 64
65 173 30
146 410 3
116 311 72
65 203 50
325 433 66
180 251 100
42 369 96
143 316 86
156 241 95
171 455 93
143 176 46
47 398 35
372 398 56
128 406 11
214 222 40
339 458 12
450 471 7
29 352 33
298 333 65
328 331 60
382 425 71
70 316 48
23 435 10
233 356 53
95 250 99
352 392 83
165 415 23
117 326 85
175 182 17
54 251 62
162 483 71
246 442 79
11 356 61
44 367 21
180 237 94
481 498 12
7 116 74
162 347 98
213 263 34
69 429 72
185 429 47
284 382 23
42 241 77
255 351 34
312 360 62
95 346 30
322 346 9
150 283 39
74 143 19
94 218 60
106 482 44
84 397 46
225 413 64
19 106 26
120 305 15
140 156 7
318 458 38
279 424 37
85 220 63
17 126 37
151 245 100
102 114 23
22 216 69
81 343 50
33 373 65
96 321 74
107 321 95
111 356 66
343 377 10
144 458 83
11 341 16
381 459 44
248 499 96
24 432 79
426 483 91
185 428 88
52 233 3
189 306 74
179 490 92
46 237 57
354 411 47
59 104 43
224 491 83
158 422 54
122 348 76
114 294 26
163 315 79
35 168 67
63 446 49
318 427 86
80 351 78
52 250 74
116 466 61
300 386 55
219 265 20
323 464 38
252 335 37
0 244 25
124 440 89
35 183 55
227 470 15
399 460 24
317 421 94
150 261 1
95 460 83
462 479 85
207 418 82
100 377 95
165 274 81
70 174 2
176 428 77
245 246 69
179 418 22
151 387 13
132 265 73
151 400 92
351 445 26
15 21 9
34 95 39
5 403 8
266 350 52
349 498 11
138 452 51
181 251 35
358 438 69
240 399 21
214 372 75
246 378 96
227 381 59
71 329 49
79 386 37
150 441 83
453 462 57
199 266 24
330 458 70
153 271 89
221 451 33
325 384 61
154 332 20
143 312 61
100 285 94
151 274 91
191 332 44
153 376 82
189 193 34
81 165 85
267 456 17
89 92 12
228 486 38
9 86 29
204 453 89
32 309 12
142 286 6
285 445 11
42 336 26
118 375 99
70 351 21
15 228 27
135 269 58
16 269 20
193 260 43
336 435 3
187 482 84
388 395 44
384 469 60
246 432 31
7 288 63
217 436 71
223 291 97
139 352 95
60 144 52
49 415 60
116 495 68
125 466 10
366 499 18
67 152 32
75 98 14
7 173 81
89 357 38
172 467 19
190 397 6
197 237 37
220 445 98
132 334 24
29 278 79
222 323 67
471 495 23
99 153 15
171 464 26
12 242 26
278 319 97
137 314 44
56 350 97
45 204 56
167 379 70
165 412 35
364 449 7
149 198 93
157 291 67
234 307 28
173 347 70
176 207 59
48 55 6
63 130 25
322 330 36
81 106 74
90 282 41
184 475 75
60 336 36
38 73 70
378 450 5
1 249 79
19 469 48
10 380 26
144 193 51
4 145 52
81 266 30
96 400 4
79 368 91
107 299 90
257 335 96
124 297 57
5 222 49
149 330 38
87 409 62
150 349 84
260 300 46
124 253 48
8 282 59
272 485 93
415 428 70
136 364 29
73 478 38
47 160 84
137 294 88
15 209 34
4 80 39
190 420 64
236 284 60
241 397 4
273 441 39
125 407 48
289 335 78
165 481 39
416 436 45
35 303 92
304 387 95
330 374 54
88 229 2
163 182 60
46 490 46
63 399 98
182 335 48
173 325 91
99 146 27
418 424 28
209 445 77
4 250 75
200 227 100
75 315 12
331 433 84
144 443 18
243 407 55
249 498 38
46 346 41
4 190 80
93 125 29
18 485 78
41 378 11
327 412 50
64 405 29
85 274 29
265 279 22
243 355 38
48 159 7
303 346 99
254 434 24
472 483 23
355 398 42
116 306 33
26 83 61
182 233 12
317 449 82
96 458 82
216 384 40
42 117 58
114 198 23
56 127 45
220 317 49
179 469 9
82 234 59
218 247 36
69 295 59
56 137 91
16 259 75
34 416 58
34 458 89
350 429 18
17 91 36
114 258 57
65 98 46
147 283 48
42 350 28
67 121 42
305 366 30
149 244 27
331 478 23
217 222 58
322 423 99
101 328 84
254 267 68
153 250 5
120 326 44
0 378 22
335 358 44
200 274 86
4 492 79
7 118 22
141 426 89
148 450 35
184 273 17
31 359 86
316 437 60
379 402 76
316 411 7
12 467 72
364 418 48
407 486 3
197 408 21
183 395 95
180 447 56
17 380 46
33 36 60
166 337 86
399 496 68
49 68 33
234 452 75
141 304 6
14 63 82
153 472 22
406 437 68
403 499 83
321 327 92
88 267 96
95 142 55
170 286 43
188 230 13
85 376 90
396 486 22
135 457 5
63 426 69
141 176 64
21 112 90
241 489 78
203 294 25
173 395 93
59 295 82
374 475 26
49 312 76
80 245 18
290 400 76
90 233 67
31 90 84
242 350 24
47 244 3
60 384 96
359 494 21
61 112 47
137 497 54
30 258 30
27 401 81
294 457 91
112 143 45
204 447 13
125 172 29
39 429 61
73 251 60
200 322 77
87 196 2
199 397 18
379 428 96
129 211 94
482 493 45
281 433 47
443 445 89
158 483 10
67 195 30
453 492 45
7 280 84
240 340 2
8 28 14
340 473 58
49 353 84
30 371 41
320 444 7
43 342 81
244 436 89
360 394 7
414 436 39
18 93 26
35 333 82
303 353 30
74 381 18
74 215 18
414 431 100
52 186 16
446 495 37
463 499 23
275 293 9
148 357 4
154 398 90
303 437 60
193 265 41
277 296 9
44 143 32
22 475 20
215 387 49
147 409 77
167 209 27
268 347 6
21 479 93
57 442 3
19 232 10
105 302 36
213 283 17
311 416 36
248 496 1
124 224 11
90 207 71
278 325 75
142 304 75
250 413 75
85 498 68
4 171 31
20 246 81
5 204 44
236 328 60
160 295 28
184 231 91
196 499 40
101 322 52
340 424 69
155 421 98
279 301 12
67 497 76
394 469 55
203 225 25
317 403 62
58 410 7
338 488 91
351 423 80
32 455 40
149 384 54
346 365 72
311 370 38
135 136 79
167 446 68
302 389 98
370 471 63
66 385 46
391 428 5
347 359 22
132 183 82
84 234 55
111 477 60
316 412 40
106 188 97
95 443 62
72 169 6
359 456 30
110 302 50
146 439 46
247 450 23
159 207 25
112 408 54
55 159 37
288 351 40
52 266 11
183 341 86
88 206 29
174 272 21
239 302 70
85 147 19
166 264 56
230 442 61
461 499 18
169 466 54
197 398 73
333 420 99
134 293 87
28 359 33
0 101 35
268 475 100
301 485 96
18 218 4
150 260 7
55 499 4
196 360 97
143 342 13
388 476 69
256 348 41
101 329 63
57 145 59
331 358 52
93 227 22
285 464 90
69 227 6
50 292 76
284 355 22
271 350 76
62 451 51
116 425 95
149 328 51
31 364 38
295 308 26
225 423 80
18 399 23
226 366 10
164 270 39
8 396 84
106 242 9
360 415 27
183 236 92
79 101 54
78 267 93
146 151 23
69 122 52
166 188 88
47 293 67
166 208 59
203 416 5
142 274 32
466 484 16
175 485 45
138 249 17
358 493 81
282 424 31
68 145 73
43 283 2
88 138 19
144 291 39
174 228 36
2 197 48
92 148 77
92 193 90
173 208 13
15 49 25
469 493 36
407 494 77
321 458 43
146 479 100
30 81 36
135 415 43
90 146 72
80 168 16
126 362 15
224 477 21
87 137 8
148 403 67
168 300 65
215 316 81
57 224 95
184 390 19
180 475 61
155 273 67
109 115 22
101 371 97
85 233 89
213 441 97
99 436 45
25 421 96
309 362 45
140 188 81
137 426 7
341 477 14
292 311 9
29 44 63
213 412 42
101 215 39
139 411 47
185 395 25
196 335 89
101 391 32
35 395 17
16 320 62
264 359 96
88 168 47
160 228 80
217 427 12
71 351 18
218 351 32
215 272 91
158 303 74
139 202 61
343 420 47
176 315 49
242 436 43
173 388 68
7 476 25
133 387 69
144 492 66
150 195 72
451 454 81
129 463 51
240 446 23
337 454 55
31 100 35
160 323 59
36 317 100
151 183 29
310 419 32
40 247 29
4 303 50
