500 9500
0 2 23
2 5 49
5 6 9
6 10 8
10 14 46
14 21 61
21 26 73
26 29 95
29 33 13
33 42 98
42 49 6
49 66 61
66 77 10
77 81 18
81 88 80
88 93 71
93 95 55
95 108 21
108 118 63
118 134 65
134 135 54
135 139 80
139 150 25
150 157 15
157 158 63
158 172 93
172 173 20
173 177 9
177 180 6
180 183 33
183 195 69
195 196 96
196 198 70
198 200 6
200 203 85
203 208 54
208 221 1
221 223 7
223 225 7
225 226 48
226 230 2
230 238 55
238 240 56
240 241 27
241 242 22
242 254 51
254 262 41
262 263 5
263 272 31
272 277 83
277 289 19
289 291 35
291 298 48
298 304 42
304 310 2
310 313 13
313 315 39
315 317 30
317 319 49
319 320 4
320 324 28
324 325 87
325 326 55
326 329 14
329 334 77
334 344 68
344 345 5
345 348 8
348 349 97
349 350 36
350 351 24
351 355 100
355 366 75
366 371 92
371 374 3
374 397 11
397 411 77
411 412 96
412 421 79
421 427 65
427 441 46
441 458 39
458 460 2
460 468 11
468 478 84
478 487 28
487 490 45
490 498 56
498 499 8
210 492 61
257 436 24
330 474 81
227 243 9
174 422 29
98 476 29
28 258 37
363 476 62
311 437 96
99 424 28
323 485 4
92 453 73
142 253 69
235 451 84
113 486 63
243 445 75
107 232 94
393 427 60
235 364 60
234 486 21
284 399 14
123 329 15
104 215 75
304 326 68
78 203 50
56 83 10
17 491 91
385 390 88
54 459 22
337 376 97
345 462 86
331 372 12
160 171 56
164 243 38
260 462 44
387 417 57
311 367 88
272 493 61
19 425 74
258 366 91
459 473 82
242 292 61
187 282 41
113 487 44
186 369 69
33 491 3
26 56 55
53 264 83
45 464 92
19 359 58
329 442 91
286 489 80
458 495 39
136 206 27
359 396 28
59 436 59
15 468 50
340 494 17
243 435 9
108 164 83
39 272 69
81 123 32
5 262 78
157 347 92
350 411 79
41 83 23
0 495 48
26 394 95
290 482 73
9 213 47
98 181 12
101 254 49
224 352 20
220 256 63
88 161 22
218 386 80
20 373 91
249 492 58
242 270 53
35 103 95
235 241 7
308 412 2
185 419 43
315 419 17
378 445 10
292 303 3
416 447 15
149 193 69
67 329 54
42 243 68
87 361 88
167 222 98
13 129 15
280 365 33
324 338 88
289 345 56
267 352 53
135 272 4
180 197 61
230 441 30
91 266 2
296 360 78
43 299 34
1 89 45
94 332 59
61 167 19
56 440 25
175 398 6
122 319 76
134 210 70
35 108 54
42 465 54
142 447 74
241 300 48
407 415 22
6 21 27
292 348 55
320 458 6
324 418 91
218 413 44
129 165 60
418 419 32
267 366 38
27 221 40
122 234 75
295 432 78
21 127 18
150 438 80
294 403 69
116 118 31
306 497 22
169 421 94
128 255 59
232 413 66
214 445 10
43 480 43
360 454 87
266 308 20
62 497 2
191 333 52
25 479 37
83 127 51
313 470 34
143 237 13
160 431 18
58 467 13
129 336 64
425 486 94
1 313 28
81 156 90
41 494 39
118 385 61
261 278 60
161 237 24
177 219 13
379 389 12
145 208 98
203 440 8
271 485 71
460 489 46
215 404 58
160 309 33
243 347 65
343 413 37
60 73 2
149 380 41
95 127 100
338 483 90
69 302 96
92 313 3
307 469 41
324 470 69
133 348 84
57 438 66
319 361 58
275 282 30
452 496 93
48 378 49
285 410 52
312 401 37
7 137 79
132 388 95
340 387 46
78 374 71
104 308 1
22 268 23
133 310 14
159 198 9
323 388 49
372 461 88
171 451 28
435 477 44
109 224 41
65 270 59
335 429 27
233 402 30
84 215 6
14 357 59
369 413 84
34 376 67
230 334 79
13 122 95
5 427 56
350 452 11
24 222 5
103 201 85
103 408 27
50 182 49
319 374 76
274 351 31
203 474 32
62 95 23
27 225 25
1 497 52
7 479 63
434 435 29
46 412 41
60 309 60
60 479 24
32 97 23
254 409 73
2 24 56
52 118 15
306 412 50
403 452 99
196 413 2
65 248 40
282 453 6
76 241 75
41 126 58
283 301 6
75 304 31
257 266 7
181 329 86
94 304 80
45 242 90
457 465 70
29 62 83
152 316 20
94 112 5
59 77 35
95 226 87
112 333 81
28 246 40
82 281 45
2 194 25
181 182 84
62 261 52
131 181 13
17 452 1
98 288 43
94 319 84
94 267 87
40 371 73
490 499 47
217 489 20
261 339 66
300 473 23
67 371 25
66 95 89
220 420 76
327 482 96
357 475 34
392 405 65
143 155 14
93 481 51
160 280 75
8 366 87
26 354 65
275 303 14
356 482 76
170 393 3
66 464 57
22 55 33
200 258 75
154 355 11
21 303 74
56 460 33
329 489 14
305 389 92
148 207 38
217 468 83
348 389 9
189 276 54
209 255 87
153 410 55
150 479 21
409 483 2
210 429 57
93 197 85
378 406 51
227 465 22
8 321 76
312 353 61
80 467 97
228 488 95
308 353 84
2 285 34
68 107 41
491 497 60
280 443 28
4 218 26
269 286 84
135 482 38
6 485 97
48 68 68
187 478 1
131 440 79
113 162 28
301 363 12
139 434 56
41 201 13
415 442 20
66 309 18
36 441 58
350 497 57
94 452 5
117 124 91
254 284 64
452 467 87
287 367 58
49 219 25
89 429 2
68 109 24
75 491 26
49 470 4
276 423 3
306 370 11
201 268 67
110 221 48
178 273 79
205 235 61
47 389 80
186 215 63
47 152 6
411 478 1
101 183 56
130 437 76
21 301 86
394 415 68
220 303 26
149 450 28
143 351 32
79 285 13
147 391 72
150 476 59
128 295 46
259 374 78
310 451 74
267 454 14
50 67 99
201 241 32
127 391 85
25 418 58
139 396 26
286 331 60
202 307 52
151 453 83
36 463 79
25 426 99
56 191 71
93 215 57
84 276 37
170 204 74
270 297 35
136 319 15
263 466 45
47 403 83
420 480 14
27 408 70
334 494 81
322 433 58
309 430 91
217 245 91
69 218 72
59 315 88
151 336 57
22 286 58
149 293 33
8 293 11
217 230 9
205 479 79
64 348 91
127 411 67
305 308 65
152 232 34
34 267 8
92 119 28
79 325 20
67 256 6
73 191 47
49 100 49
2 290 64
285 416 36
422 475 20
346 389 29
14 57 67
380 476 68
244 363 93
138 280 87
38 495 79
80 426 40
374 497 82
97 481 67
66 344 28
90 119 71
122 317 8
349 356 98
112 429 31
102 168 53
343 380 65
82 156 86
4 337 15
277 342 30
0 239 47
222 363 21
13 318 72
16 416 14
14 135 71
146 345 66
12 439 65
131 216 33
95 258 98
43 120 81
165 495 94
262 455 2
116 337 80
143 278 77
53 324 81
4 81 18
242 400 82
132 427 86
10 286 74
435 482 19
143 375 43
158 239 90
160 467 18
78 384 79
198 412 33
257 363 75
24 145 81
341 449 85
56 137 37
81 259 39
132 413 4
84 434 90
41 255 46
347 379 35
214 271 94
238 443 19
55 422 53
213 418 79
82 253 74
238 266 25
107 484 6
5 395 40
33 105 60
25 297 96
191 259 34
341 469 54
33 209 13
433 448 88
70 73 28
302 322 17
269 374 67
59 139 10
181 332 48
148 220 100
171 354 76
45 443 13
115 448 91
197 422 49
171 315 71
87 204 65
246 354 67
218 345 20
4 408 57
127 316 39
29 96 36
94 145 6
301 410 71
242 268 47
113 352 33
352 356 47
157 297 93
335 451 31
61 307 18
231 297 35
313 351 76
39 162 82
87 467 94
228 276 92
278 475 76
43 176 62
156 343 55
304 356 57
10 79 50
220 415 19
36 187 60
376 415 65
409 428 84
65 372 3
144 227 57
297 497 17
289 403 5
110 157 66
241 284 55
80 316 58
74 313 37
210 417 91
158 186 87
261 433 42
53 100 76
120 460 19
385 436 84
126 426 41
89 400 31
193 376 19
92 457 49
3 332 82
128 166 37
89 112 30
84 440 84
22 40 96
85 161 65
164 383 20
44 81 37
92 314 10
352 364 41
96 402 80
113 342 15
100 229 74
158 362 90
75 137 62
199 431 27
312 457 97
243 337 47
273 364 82
381 382 47
43 234 68
240 399 26
160 427 20
85 494 87
398 446 37
205 268 82
36 496 76
318 442 9
167 259 4
370 375 62
184 299 59
58 442 78
32 270 32
141 331 28
4 499 11
413 476 35
57 103 6
358 424 81
13 116 24
115 121 15
258 434 62
72 246 43
110 123 62
126 448 11
189 294 71
167 449 91
21 187 53
102 374 45
131 167 57
226 294 60
182 385 77
304 329 35
43 412 16
122 159 77
52 321 34
217 414 83
86 134 24
317 381 71
407 470 55
5 140 81
79 279 35
43 153 42
3 498 53
13 144 51
345 364 93
108 235 15
99 465 19
81 306 14
349 486 47
21 308 35
81 146 39
263 400 68
163 302 8
21 160 80
107 492 51
154 358 82
160 315 37
426 487 28
100 300 25
54 391 65
323 420 4
206 468 85
71 227 36
373 439 28
220 386 82
384 499 88
54 371 11
211 244 5
186 491 41
58 179 100
193 276 83
43 218 90
334 460 84
401 472 61
194 447 98
167 356 61
99 451 44
333 349 69
18 188 63
7 450 98
263 373 91
321 395 17
226 371 76
46 310 73
100 239 46
62 143 17
205 320 34
46 237 71
450 486 99
369 386 99
362 403 67
224 432 1
114 330 54
223 376 42
24 389 13
126 472 68
175 387 37
40 442 82
158 384 21
148 232 21
329 491 36
465 488 51
3 327 17
155 249 59
124 217 28
346 444 77
13 268 46
278 483 26
267 428 4
52 267 88
46 428 67
124 372 5
22 405 92
230 418 14
138 251 6
441 470 80
73 423 5
68 124 29
271 397 10
326 404 6
236 316 72
222 448 52
261 435 95
91 231 73
266 403 78
37 205 82
109 233 70
387 490 14
15 63 66
241 361 57
195 338 91
45 46 11
188 324 50
289 335 44
83 322 10
260 351 41
134 317 54
77 187 2
177 293 75
141 390 57
143 485 35
133 273 10
48 241 37
70 258 22
194 223 67
297 324 55
220 431 30
54 202 1
2 167 86
110 349 61
204 283 64
189 243 52
160 301 25
122 132 3
76 279 84
117 301 11
113 148 83
327 459 26
322 379 2
154 338 72
136 225 62
250 252 76
214 381 49
216 368 31
105 344 79
276 379 87
327 372 26
149 472 12
46 117 91
179 493 81
458 485 2
72 401 62
248 442 21
360 415 86
168 492 39
23 460 69
36 143 25
338 440 100
236 481 61
215 333 81
304 494 38
132 278 89
32 294 62
110 209 82
301 417 76
151 404 42
229 292 27
436 449 30
176 459 47
89 193 17
154 374 37
47 459 94
239 295 97
173 199 96
237 318 49
288 424 44
225 242 24
154 375 64
31 466 13
430 449 25
97 204 22
96 379 97
127 495 5
174 391 68
139 469 69
165 380 35
92 339 18
271 343 17
18 205 21
255 374 84
13 395 53
224 305 74
182 494 97
45 338 14
16 484 61
143 220 68
282 320 15
50 60 8
275 311 40
130 308 26
292 442 63
196 415 46
209 247 59
81 121 80
410 452 60
406 414 44
10 455 38
74 139 65
201 423 27
258 323 83
83 186 55
87 178 65
27 121 10
279 455 29
244 273 47
16 499 48
18 62 84
60 258 71
111 446 91
148 292 88
31 205 63
58 472 4
105 179 25
134 302 34
200 318 74
200 312 28
84 480 1
57 141 40
224 315 38
119 234 78
134 170 90
225 256 20
170 240 70
400 418 31
285 393 43
211 405 30
3 132 27
311 447 12
90 367 7
111 453 16
172 189 23
169 387 89
117 311 94
390 399 25
28 363 4
198 464 19
83 169 77
319 353 9
43 225 50
133 343 84
138 357 15
284 289 73
193 195 52
321 459 100
133 166 3
24 61 11
195 410 23
103 132 19
25 275 52
190 458 90
275 457 57
119 439 90
304 417 4
26 221 21
187 343 36
50 457 41
192 430 98
102 358 40
259 465 32
10 126 24
245 288 34
246 455 30
52 249 100
3 476 93
252 456 58
193 283 74
10 232 5
48 399 61
156 262 43
118 421 85
199 436 53
80 254 83
75 374 24
54 466 82
255 388 62
247 285 35
155 297 99
38 162 62
257 484 62
38 151 67
274 354 29
435 445 94
362 425 82
119 473 24
459 465 59
225 455 77
135 294 44
186 324 87
303 317 24
59 342 35
109 307 93
104 431 36
223 392 86
266 406 65
212 445 75
92 229 88
280 328 29
194 458 68
2 106 4
409 464 8
272 448 59
75 240 55
285 415 30
104 388 51
99 374 49
146 378 91
246 484 81
285 485 92
79 441 4
192 328 45
167 260 96
255 391 9
112 363 61
338 363 82
401 489 21
1 461 15
233 420 67
282 310 13
342 490 52
133 440 93
7 498 29
337 346 23
71 296 71
92 307 1
58 459 67
48 207 90
100 314 81
248 365 71
354 372 79
66 104 47
33 154 78
2 278 12
116 426 66
413 488 45
255 258 78
269 450 12
75 351 3
107 353 74
358 490 57
170 373 4
43 469 32
11 399 1
136 382 74
101 138 27
198 491 97
240 322 33
39 328 32
279 299 10
36 130 24
151 278 46
167 399 61
383 499 48
202 439 18
196 256 74
273 280 47
14 153 62
70 94 88
244 450 44
0 184 7
202 330 57
17 292 2
107 301 18
272 387 44
5 458 23
237 301 7
170 187 17
214 228 38
15 308 4
159 344 27
140 284 47
254 303 46
253 495 4
18 195 19
466 470 85
22 425 72
92 468 6
25 285 94
30 86 79
204 248 26
100 449 37
360 396 16
382 495 3
149 187 53
108 341 62
170 466 38
32 415 95
77 353 61
448 497 90
28 387 34
25 458 52
101 117 14
399 493 35
219 250 83
277 422 34
269 410 87
431 468 45
91 361 38
165 496 59
355 360 54
361 386 24
10 206 50
193 329 44
109 473 73
182 496 46
220 408 53
46 135 73
183 400 41
87 103 82
10 291 11
112 476 69
136 406 86
21 237 98
239 424 76
443 446 75
29 146 80
125 307 38
11 452 31
299 325 48
405 422 88
85 201 26
72 139 90
389 394 14
392 480 53
127 156 6
179 378 40
73 137 74
109 216 11
151 206 36
322 435 35
146 213 8
135 498 22
54 334 77
155 344 68
336 375 93
144 435 94
106 219 63
116 235 77
40 159 91
73 297 71
32 230 60
207 349 60
390 477 30
258 292 45
86 330 82
213 391 83
68 294 14
279 366 78
175 465 26
53 134 16
13 166 33
61 447 95
186 326 93
156 347 53
132 151 44
88 299 89
197 468 90
31 321 16
252 355 41
7 441 1
182 296 5
100 467 98
241 312 43
16 330 90
241 333 62
139 180 53
421 493 43
4 426 72
126 458 90
204 388 28
121 318 89
266 364 76
28 90 55
413 417 18
311 341 64
22 93 84
207 310 10
134 197 96
431 481 87
351 483 39
290 455 84
54 99 99
127 318 26
229 269 94
387 479 51
185 430 81
309 494 82
223 316 49
288 352 10
47 378 7
173 268 59
200 367 38
64 93 84
490 496 74
110 160 88
15 379 57
156 427 43
203 222 53
283 352 28
130 273 91
134 344 5
315 499 27
107 369 42
141 184 28
333 405 21
24 26 10
147 226 89
24 409 38
50 448 67
61 153 6
435 458 72
206 379 71
90 333 27
244 446 40
202 216 37
199 310 31
124 306 33
43 114 25
29 68 76
160 488 79
284 415 43
172 304 90
68 266 94
143 472 76
72 122 56
32 282 65
135 205 39
96 210 64
203 484 55
107 161 85
39 313 87
78 353 45
289 294 10
479 495 76
322 471 56
274 356 67
366 398 98
1 145 9
80 131 5
81 309 79
468 482 65
37 472 64
284 412 71
2 319 81
269 298 44
10 44 23
439 483 37
281 486 94
143 450 93
65 113 45
0 152 89
344 412 93
323 366 13
47 255 48
190 432 73
298 359 48
178 232 5
127 153 30
148 205 99
97 245 32
84 497 49
323 369 97
355 483 49
24 123 73
2 309 52
25 141 33
164 334 4
10 76 48
1 283 3
117 342 79
66 353 26
48 114 87
192 495 11
245 486 38
318 449 65
263 350 96
189 330 20
7 274 99
139 309 44
76 427 88
74 128 10
374 459 81
62 211 30
163 233 33
84 260 72
30 392 71
461 486 3
136 238 8
281 478 98
352 459 65
331 381 41
242 334 83
129 239 21
114 378 52
226 475 85
193 348 55
190 413 2
20 285 5
87 231 54
409 417 35
121 477 67
257 499 67
55 197 75
101 282 76
188 351 31
175 264 47
387 458 60
160 447 15
84 450 64
81 308 65
161 467 72
282 307 35
247 282 86
146 480 75
206 343 18
139 256 67
151 424 4
3 112 49
123 219 6
66 276 94
343 453 21
8 373 44
220 453 59
167 431 38
86 431 98
254 487 11
361 365 19
205 483 24
26 358 8
311 438 91
29 119 46
360 491 7
81 191 23
218 473 47
350 494 85
207 241 88
152 241 74
218 430 49
149 254 35
305 498 93
278 498 82
94 158 77
402 478 67
166 372 27
112 280 5
91 433 30
319 370 80
28 139 53
413 484 85
116 330 28
33 219 64
75 316 64
288 323 60
21 249 27
322 386 47
189 464 44
241 347 3
238 305 63
67 198 62
20 446 90
275 347 96
247 281 79
66 456 79
82 144 100
43 108 3
274 371 53
286 334 23
420 441 8
114 481 5
39 86 84
244 419 50
3 58 58
21 479 32
461 472 99
184 425 61
277 435 56
135 380 59
113 246 68
44 66 81
266 326 99
204 384 86
225 491 100
292 380 92
339 433 37
242 343 76
382 460 16
39 407 5
78 421 13
99 261 23
126 396 38
157 458 34
184 476 95
10 340 66
115 479 9
38 49 57
349 365 79
87 242 4
147 378 55
208 258 100
218 427 6
289 422 9
276 344 88
204 339 27
219 354 26
117 277 55
71 464 77
117 422 6
166 455 97
227 327 76
286 363 80
319 402 63
74 226 28
237 398 30
80 370 5
99 281 99
106 154 22
123 332 25
178 285 38
137 465 12
184 301 62
369 462 80
58 236 1
270 444 49
77 322 55
9 195 70
268 367 49
211 312 94
43 274 96
49 349 92
234 384 42
46 141 25
25 228 37
308 328 3
146 159 80
118 321 20
62 217 24
4 90 61
196 414 64
299 308 22
252 353 50
264 457 1
244 283 35
294 435 81
101 478 99
53 435 32
81 452 63
189 461 74
59 495 80
79 408 39
47 379 38
35 432 59
60 378 56
17 305 73
83 139 49
230 385 97
309 484 88
2 262 16
38 459 47
290 475 85
55 152 28
36 419 70
96 338 54
38 494 37
168 272 60
216 494 13
148 428 17
273 471 8
272 480 79
36 225 10
128 424 87
57 142 96
254 324 72
254 407 62
221 483 7
381 456 77
107 486 51
175 386 14
134 247 6
176 264 47
119 310 29
380 467 13
54 417 78
101 262 67
188 479 27
330 389 60
122 201 89
339 363 58
215 490 17
81 205 74
7 64 22
243 453 10
65 315 93
299 328 49
100 263 77
262 294 22
67 413 17
173 283 26
269 486 32
406 427 14
192 216 5
68 251 16
455 489 34
247 260 9
0 298 50
296 459 36
92 479 28
144 278 60
55 355 12
335 377 44
92 270 75
127 136 49
117 472 19
154 332 89
227 355 23
216 231 66
341 398 75
92 112 43
248 283 14
24 416 20
150 361 87
245 469 51
277 431 14
36 202 52
32 92 98
19 399 76
213 437 5
74 430 19
153 341 37
110 497 87
114 345 69
133 181 70
21 182 83
222 460 51
412 427 39
106 111 71
169 447 48
92 363 49
33 253 85
49 226 27
21 211 36
4 108 63
316 317 96
166 454 52
112 384 83
168 457 59
15 478 71
36 84 83
122 495 24
12 296 44
149 225 48
104 167 22
306 435 67
2 175 7
210 385 67
127 442 68
112 435 70
244 480 87
275 335 37
18 168 26
256 345 25
263 490 63
63 315 37
188 271 22
308 406 87
40 369 18
263 460 80
175 429 64
125 192 50
84 311 80
4 398 100
337 483 33
0 285 54
379 487 75
283 316 62
357 432 45
11 128 51
105 472 99
273 281 48
162 273 21
109 447 23
18 434 21
196 300 27
82 289 9
253 308 22
31 113 29
251 277 17
126 292 10
141 296 11
109 384 15
141 402 4
158 451 41
151 460 21
107 379 20
77 491 71
289 319 93
29 426 54
324 395 44
24 259 87
57 404 41
153 176 9
116 134 32
112 440 5
224 299 26
143 270 94
19 107 59
262 314 98
65 267 97
290 371 59
75 267 67
69 149 10
350 388 21
12 479 96
47 489 22
106 429 61
79 250 3
256 322 7
25 454 77
69 179 86
117 287 45
57 179 29
414 476 49
12 70 93
3 330 2
165 208 67
213 301 50
24 454 37
188 353 29
52 329 73
103 436 59
312 324 62
13 368 37
74 150 31
328 452 93
3 148 92
359 455 44
26 495 6
45 174 5
370 426 85
149 206 30
328 334 78
97 107 16
435 454 52
314 417 90
33 288 72
252 415 93
317 406 84
373 480 97
98 249 36
2 461 40
80 318 30
148 226 51
83 307 6
23 213 44
49 370 18
117 242 17
40 314 78
389 404 80
167 307 47
118 217 59
7 353 21
2 448 87
135 409 71
411 430 98
124 148 14
40 223 61
198 478 12
4 204 83
239 466 65
348 440 17
1 309 65
252 308 37
37 457 5
302 422 9
304 425 54
396 420 46
204 366 85
0 104 61
299 471 30
26 71 70
208 466 13
94 493 74
255 263 77
317 417 12
8 304 94
97 485 53
153 427 100
206 410 26
7 134 51
24 107 4
128 491 14
141 352 8
226 447 19
172 295 99
449 462 61
82 497 84
236 337 55
67 125 35
130 282 56
320 381 6
127 259 24
326 479 83
224 340 15
194 338 99
220 392 64
197 332 68
104 163 83
264 361 83
348 489 93
33 81 55
63 366 86
31 83 80
144 453 2
121 383 27
55 125 45
59 331 19
243 399 61
208 383 96
119 446 68
104 281 29
11 165 60
173 499 50
350 375 31
75 443 88
59 211 98
43 459 2
235 490 8
52 226 11
364 481 72
309 450 29
127 486 7
153 379 24
130 388 94
278 352 28
34 75 25
193 325 65
45 211 98
53 215 74
72 220 38
59 490 87
10 481 69
125 441 81
154 462 5
18 159 18
140 206 50
129 312 85
302 382 53
20 263 90
333 334 93
46 443 58
382 395 55
79 110 4
140 450 16
177 432 73
51 218 23
61 210 76
216 327 11
48 195 90
303 404 22
109 184 10
85 409 84
29 307 48
58 169 34
312 490 28
330 364 68
100 379 8
206 289 66
154 299 60
79 427 60
110 217 67
360 398 22
50 266 10
116 489 57
254 360 2
131 230 16
295 414 60
281 470 41
450 453 26
14 457 49
123 335 82
191 413 20
249 375 40
293 319 73
18 469 50
104 191 82
104 186 67
96 289 88
230 495 81
47 339 81
5 42 5
131 329 5
240 248 54
63 383 6
365 429 28
312 410 57
22 171 41
236 254 80
228 304 41
271 380 43
17 250 93
0 265 46
8 33 93
144 313 97
2 116 50
0 258 55
22 380 17
314 399 9
124 247 3
182 294 26
115 365 68
110 150 69
296 463 26
109 191 59
35 71 75
422 468 11
184 280 68
56 62 30
428 443 64
224 292 3
149 360 77
216 243 72
72 165 100
48 96 19
60 166 79
69 298 82
76 329 61
175 420 50
225 252 26
309 403 76
442 479 40
47 177 82
339 437 27
196 319 5
43 272 71
17 464 23
413 423 21
128 359 24
11 252 88
177 283 84
229 370 66
70 212 80
275 431 1
32 327 67
278 448 63
229 322 49
283 425 45
244 471 10
19 184 20
108 398 93
392 442 39
188 299 87
175 178 93
330 388 41
387 438 8
47 106 94
240 363 44
142 255 51
233 309 98
267 283 30
101 288 47
24 428 17
127 314 16
61 262 66
375 401 80
1 231 78
116 427 58
71 102 40
91 213 61
156 473 34
148 450 19
267 499 25
208 251 85
44 224 52
110 488 92
151 354 10
35 178 1
208 325 69
282 454 76
282 293 23
115 358 87
212 353 28
36 436 40
303 484 39
17 205 5
26 131 71
124 463 40
130 281 71
154 317 69
98 399 44
23 400 13
63 178 82
68 137 73
286 478 51
105 138 62
381 397 40
404 491 5
48 464 65
285 324 54
3 340 57
197 465 25
221 269 86
290 358 85
144 324 53
154 341 48
122 179 9
271 429 27
56 246 32
121 487 73
302 443 94
208 260 51
80 238 87
59 79 28
427 446 55
63 324 43
265 337 89
50 52 37
2 409 73
437 452 95
74 383 51
127 304 23
2 135 45
324 498 93
337 452 100
166 300 34
427 497 71
249 444 33
327 340 73
60 107 74
116 255 49
38 337 33
133 350 49
113 443 80
357 393 55
22 441 11
18 59 89
264 409 49
318 430 14
288 328 47
256 460 41
146 357 15
70 314 95
70 284 26
216 349 85
305 407 17
125 457 19
78 459 75
304 471 27
254 359 12
171 470 57
49 107 43
98 464 88
0 445 1
130 497 28
78 456 49
111 122 50
116 264 25
242 488 2
114 328 19
53 217 35
108 228 62
134 323 14
128 145 44
145 167 99
90 326 2
190 493 93
143 465 7
194 359 32
29 212 39
244 354 17
1 97 98
252 396 20
83 334 93
167 428 45
359 424 87
414 489 45
336 378 34
247 326 41
436 489 41
93 100 25
212 229 91
44 389 43
319 338 21
272 496 63
282 399 31
294 411 52
407 410 53
101 210 90
10 251 7
249 368 21
163 371 7
285 495 33
99 313 30
307 360 85
35 309 20
165 479 14
192 301 71
140 462 64
117 149 20
51 476 17
167 173 39
130 238 81
20 97 91
474 492 96
38 100 84
70 356 78
169 212 89
122 329 28
50 75 48
207 293 39
146 419 24
401 444 49
318 379 95
12 349 31
288 441 5
34 172 1
178 258 50
220 423 52
82 466 68
345 498 3
173 255 64
87 294 8
311 492 42
42 457 11
171 350 47
8 242 42
296 369 28
185 296 55
233 427 1
7 350 86
168 302 24
154 248 56
62 63 62
184 202 96
174 375 43
383 424 46
306 450 50
124 190 7
3 127 44
268 307 50
281 307 54
242 492 17
239 286 61
68 279 24
82 83 87
240 386 96
443 477 9
16 423 98
153 459 36
80 100 97
14 33 85
70 307 54
16 48 84
86 245 15
80 498 92
334 489 40
165 484 6
277 493 45
330 404 39
91 254 18
14 107 51
66 216 68
176 483 2
22 118 5
233 235 76
294 359 41
139 405 84
200 378 80
384 423 48
75 191 65
290 363 56
142 271 14
10 146 85
226 299 99
121 394 5
210 362 42
418 483 79
77 444 35
86 172 15
48 132 51
258 454 31
171 406 82
141 326 31
104 321 6
126 481 56
322 324 49
162 236 53
161 382 59
127 189 79
348 410 4
50 262 46
126 248 36
30 64 40
149 255 51
244 359 52
38 63 43
204 289 79
66 436 40
2 165 70
336 400 19
186 252 68
104 119 31
409 482 84
304 480 69
245 387 42
162 408 88
251 258 44
11 391 23
31 302 39
95 241 6
209 417 89
213 394 41
252 292 69
280 357 65
161 423 12
159 201 66
362 442 78
387 463 64
360 422 79
61 173 90
15 264 52
264 382 44
134 256 19
345 452 14
152 271 39
408 410 86
184 468 59
191 280 75
104 412 75
431 496 12
156 312 5
333 439 22
185 397 69
27 152 15
60 294 72
126 474 4
465 499 87
226 460 56
66 318 36
191 235 20
84 358 29
190 218 77
120 494 75
11 206 22
134 150 66
52 185 17
83 416 94
29 308 93
51 211 24
60 104 99
18 439 20
303 483 71
257 408 26
91 365 50
111 400 90
83 434 1
167 292 50
56 454 35
99 496 54
254 307 26
77 309 44
107 424 3
114 250 57
378 443 64
51 91 41
91 295 96
33 313 15
129 402 74
33 86 89
233 369 62
134 499 88
168 300 75
160 283 2
1 266 59
400 459 1
46 300 83
274 372 36
111 159 39
383 388 54
60 290 51
130 488 88
97 118 34
33 403 38
335 430 65
154 221 23
328 373 65
26 271 56
318 453 83
72 175 51
277 480 38
128 413 69
172 268 65
61 162 39
270 414 58
155 169 10
150 174 43
437 467 10
13 232 14
138 426 20
284 378 20
59 171 56
88 489 18
297 445 98
128 310 17
216 482 56
89 130 91
120 384 33
22 363 24
79 379 85
227 390 57
63 143 76
189 380 22
61 92 1
273 321 23
149 383 26
257 260 27
13 211 26
32 141 38
221 306 96
261 406 27
179 399 81
381 465 84
186 351 100
81 125 17
189 395 14
31 281 71
31 386 16
202 414 54
49 405 6
84 376 80
237 479 39
323 344 62
91 480 47
220 393 60
13 209 36
32 64 33
270 373 4
18 25 50
101 134 86
189 270 1
122 175 2
311 384 39
41 150 23
314 346 74
140 424 24
277 382 70
47 373 12
2 210 79
11 116 34
243 430 75
18 408 31
415 448 27
77 148 4
48 474 99
39 208 62
170 216 21
245 475 98
19 323 27
137 362 18
29 267 16
180 221 46
181 393 51
71 85 39
109 232 37
311 315 30
194 212 4
231 269 4
17 166 83
35 75 81
406 495 63
88 164 54
171 216 42
55 79 67
246 366 85
87 152 78
289 454 11
321 343 21
105 369 42
198 384 17
205 457 42
27 148 26
217 486 65
90 139 64
64 360 85
321 360 81
140 246 29
99 107 65
476 490 33
328 479 39
225 260 67
67 147 62
109 407 58
43 472 41
27 249 96
306 374 53
246 379 95
229 324 80
404 477 60
292 297 74
327 364 31
368 418 61
132 286 71
304 397 48
281 411 78
186 450 53
178 350 53
35 272 71
165 303 95
160 424 11
173 243 45
144 474 78
385 438 63
84 169 66
214 346 53
240 452 58
103 111 13
297 436 43
83 247 10
50 309 68
251 344 14
257 424 51
233 291 53
149 395 17
106 267 61
286 306 54
86 171 30
38 302 96
6 133 58
97 322 54
111 426 48
124 139 88
141 427 17
444 480 11
6 472 1
312 412 17
149 256 66
136 166 46
197 466 73
113 415 72
129 453 33
6 458 12
280 396 51
423 487 84
163 193 29
6 370 2
251 313 13
27 217 34
137 349 99
19 447 52
169 222 45
292 378 75
47 142 41
137 478 89
210 273 22
70 327 39
148 278 8
204 491 35
389 482 4
173 421 35
110 137 19
220 476 18
156 475 69
309 417 78
360 427 88
132 352 5
18 275 80
99 400 56
155 254 80
144 352 17
220 434 53
224 268 10
391 394 66
292 411 39
231 456 33
179 383 48
193 299 49
293 331 21
77 145 24
438 488 67
44 151 2
113 268 37
377 492 57
132 436 49
152 185 81
158 228 64
336 340 35
20 78 97
351 450 79
182 434 87
184 195 3
240 470 26
45 150 94
358 377 51
253 276 44
205 248 40
189 285 46
61 194 76
379 483 49
19 306 55
209 227 71
171 313 93
138 430 98
30 482 43
275 316 55
392 474 16
141 489 24
83 431 95
69 470 64
185 440 98
156 383 44
324 435 43
14 94 48
220 278 27
186 268 88
3 84 97
71 415 41
50 393 79
110 348 62
121 313 15
105 163 70
173 399 60
364 371 70
291 329 56
219 397 36
26 463 71
208 238 60
101 460 23
345 466 1
220 351 63
255 344 17
82 362 17
195 357 39
148 440 11
93 212 33
355 444 24
214 392 91
71 387 61
372 395 87
130 362 34
327 333 64
55 283 68
222 398 77
84 157 64
109 423 36
227 423 52
34 66 92
278 472 97
365 402 43
49 268 44
347 412 33
47 166 61
66 499 46
21 27 88
421 473 40
27 432 59
93 254 9
230 326 100
1 284 24
424 454 15
223 383 70
137 248 73
220 473 86
122 430 78
156 254 54
99 234 34
159 345 73
211 304 64
150 221 87
160 305 43
471 473 39
152 409 46
173 191 86
288 296 27
174 232 31
98 338 94
299 390 4
87 92 88
80 126 84
255 310 66
15 413 49
111 304 53
45 238 77
421 489 49
164 242 68
115 203 96
276 465 17
52 213 55
223 253 73
119 300 76
316 454 56
376 379 40
384 486 73
146 156 7
30 281 1
169 249 56
215 277 86
231 364 29
74 477 29
449 497 70
15 307 18
327 464 90
26 52 58
194 383 67
219 418 22
84 313 60
107 285 84
134 287 40
406 487 44
252 383 31
2 320 2
332 344 44
328 424 60
201 357 45
230 323 16
47 322 19
126 229 73
39 432 96
323 371 99
480 481 25
14 496 91
10 446 53
338 345 80
69 98 83
311 487 86
50 229 88
137 250 8
287 428 4
373 496 64
156 324 56
204 346 93
62 161 78
188 372 4
216 468 16
345 454 11
201 445 6
67 246 29
86 426 75
191 255 10
95 441 50
36 199 4
133 230 77
244 251 22
143 266 29
183 217 98
56 67 95
316 392 18
282 391 6
70 177 42
26 370 3
68 224 7
145 247 90
145 389 34
123 470 58
37 385 61
151 310 78
72 195 61
14 338 27
29 61 28
122 148 61
241 392 30
97 492 75
37 279 11
45 433 14
280 417 2
23 314 91
205 287 28
3 220 51
192 283 36
157 240 33
244 356 61
402 415 38
428 489 59
286 439 25
81 265 96
392 458 87
324 440 83
320 411 92
178 361 14
40 118 41
5 145 14
130 244 15
177 395 65
125 325 12
139 284 72
100 487 69
346 350 29
209 328 17
167 372 81
140 304 31
11 115 25
11 186 49
164 267 10
9 492 64
85 182 46
145 229 3
15 424 98
173 406 92
297 440 65
30 72 44
332 474 76
49 343 39
68 79 4
85 328 15
487 496 9
413 435 15
211 416 40
1 74 25
93 495 27
339 364 88
202 298 52
329 488 43
0 207 23
203 249 16
95 384 65
258 333 51
214 366 83
263 441 47
152 223 6
206 461 79
198 311 83
231 400 76
70 342 95
208 409 43
175 453 25
197 386 21
277 407 58
393 425 96
40 196 15
157 373 17
205 469 42
231 253 36
198 313 64
141 237 25
262 363 18
270 377 44
147 155 57
177 216 97
2 272 89
119 317 42
52 335 26
457 467 13
411 465 20
229 345 12
7 25 16
112 388 74
327 456 34
47 302 4
242 438 6
217 256 78
219 390 68
33 406 2
17 21 16
281 434 88
16 458 17
130 248 84
35 239 11
10 229 53
226 428 66
101 268 84
36 415 3
109 313 45
21 108 1
105 327 1
100 441 46
124 249 76
115 364 54
221 342 63
263 410 51
7 223 34
246 288 14
133 427 93
36 218 27
8 414 14
207 455 33
314 374 10
94 362 24
254 323 42
95 206 61
390 440 83
94 394 59
398 434 85
34 204 56
51 358 56
208 401 76
111 450 71
185 340 23
101 273 45
250 456 57
226 237 55
28 196 32
120 218 54
35 328 81
121 298 9
18 111 19
29 361 35
237 251 23
233 282 43
259 402 44
354 452 68
187 464 15
230 362 95
248 338 65
52 400 41
23 422 99
307 479 24
18 352 19
252 261 49
138 491 39
108 140 84
42 217 22
145 479 76
10 439 12
444 495 26
40 183 96
32 326 65
366 400 85
299 331 10
242 440 74
240 416 69
174 226 29
44 149 50
247 407 58
77 180 99
297 305 20
125 219 2
152 335 84
20 184 79
50 207 28
218 444 84
126 462 80
144 336 39
234 433 61
38 116 4
80 430 99
48 108 11
181 311 97
242 372 100
83 357 4
87 191 73
103 308 88
54 477 13
316 494 12
89 424 83
178 215 73
268 371 33
195 476 57
185 471 87
125 216 79
26 30 20
288 431 93
162 196 67
75 276 8
107 439 4
306 368 80
124 167 76
90 343 18
242 317 35
250 357 81
246 401 83
118 216 50
15 386 7
87 198 12
330 456 57
96 425 67
145 291 17
164 382 45
195 275 81
238 300 93
201 212 67
53 55 81
209 415 28
68 432 18
72 146 48
18 104 84
312 352 68
290 293 71
48 214 29
6 369 69
320 495 54
73 262 91
202 254 85
166 456 98
206 254 21
236 326 78
59 482 9
358 441 7
161 391 43
2 279 70
272 499 81
222 471 45
39 260 40
65 471 3
36 236 20
69 335 64
0 381 87
134 334 8
221 260 46
140 364 71
61 258 83
130 193 36
16 235 16
189 318 55
219 227 26
111 114 1
234 258 14
162 166 59
205 346 11
374 427 78
298 490 9
183 488 63
212 404 42
215 224 7
214 283 100
63 125 36
168 466 6
240 410 3
163 439 44
1 77 82
244 262 5
138 432 67
155 317 27
39 116 1
17 94 80
148 158 76
34 414 89
104 269 90
3 76 18
261 430 61
218 378 16
29 201 100
196 272 54
121 470 8
100 172 54
82 485 24
150 386 41
89 246 98
394 499 4
81 127 23
22 385 72
57 359 63
433 495 60
220 462 37
85 275 100
130 210 66
51 175 37
107 305 48
459 469 12
108 302 27
39 247 30
291 380 50
182 272 18
306 460 53
278 338 99
299 445 11
140 413 71
113 218 74
10 97 67
146 487 91
121 174 26
10 423 81
59 310 43
41 243 5
201 436 5
202 229 46
212 464 59
152 421 72
4 404 72
107 243 7
36 351 73
276 356 18
72 243 98
442 489 62
226 437 69
248 460 38
187 278 74
105 188 37
208 242 63
317 390 6
41 128 90
9 262 59
404 486 60
174 341 2
168 431 47
145 166 25
272 438 34
335 497 14
457 476 56
412 483 38
38 322 93
227 343 65
338 384 75
99 364 71
273 328 17
177 396 81
19 259 53
8 331 84
75 188 71
18 121 97
52 313 25
12 138 91
7 222 90
79 413 39
202 432 38
264 322 6
279 399 50
49 489 72
213 291 27
128 230 44
249 281 8
332 463 97
128 409 27
131 300 45
204 354 86
113 234 27
29 441 69
30 465 8
24 47 68
10 89 82
201 263 84
1 475 88
410 429 88
335 341 78
97 318 21
179 267 33
27 305 61
295 298 79
59 494 22
88 463 14
112 446 38
347 481 50
402 421 86
211 319 20
99 262 5
31 374 17
22 234 45
281 430 40
26 283 50
148 437 17
262 400 56
12 115 4
104 120 55
154 295 92
267 478 57
328 475 28
142 394 62
52 422 31
298 499 6
66 483 2
294 418 60
55 456 32
133 215 87
164 301 55
54 446 20
182 393 24
3 61 5
17 122 87
70 99 50
238 242 70
75 148 15
147 215 51
229 425 94
51 299 37
138 176 98
300 347 58
34 40 33
114 284 20
135 334 34
46 444 7
177 498 15
73 494 32
117 239 70
130 230 80
76 386 69
2 364 76
208 356 87
10 485 97
32 380 20
40 374 49
198 337 54
40 419 50
147 261 26
57 311 64
373 470 13
260 458 20
62 145 35
15 384 57
151 264 6
19 218 4
27 55 17
357 450 11
122 450 2
77 262 84
158 382 85
89 105 36
78 123 44
85 447 3
278 380 66
128 379 8
50 343 92
203 379 12
11 28 53
93 103 84
152 196 32
238 374 98
2 458 1
24 180 87
181 458 68
219 260 31
315 429 88
320 498 40
21 416 32
1 207 27
203 422 38
398 455 77
54 253 4
353 488 47
159 361 34
204 373 92
37 101 66
132 376 11
68 217 56
326 485 15
138 470 76
88 444 64
51 320 34
289 481 1
44 58 25
11 388 35
65 254 18
195 368 85
16 376 87
359 393 21
110 355 35
6 91 72
85 337 87
80 144 44
388 456 26
152 443 22
70 160 22
187 356 27
301 447 72
155 496 74
329 377 56
282 429 72
285 476 80
202 386 61
299 392 2
225 353 44
117 246 66
0 160 44
164 256 96
146 371 11
414 447 64
85 278 100
12 184 99
25 195 9
120 276 86
56 60 8
217 313 48
25 27 55
13 215 35
307 317 46
75 311 34
76 247 65
312 364 89
186 402 94
60 357 93
14 314 55
328 442 80
317 363 2
137 369 8
356 368 80
343 348 22
13 119 50
193 360 74
65 439 78
1 411 40
294 374 91
3 153 73
130 325 54
98 239 84
391 461 11
210 336 11
174 450 68
316 430 33
7 489 93
160 401 7
37 57 56
74 455 64
323 453 81
35 334 39
187 360 41
120 242 99
196 394 23
180 431 75
271 310 79
83 180 94
131 348 26
108 335 31
267 392 95
168 416 86
165 356 18
39 51 62
361 429 4
134 339 2
314 426 54
345 386 40
103 190 78
183 499 57
49 290 54
26 114 35
283 479 16
0 168 62
230 395 25
305 345 97
113 177 32
358 453 35
151 195 97
233 259 35
1 164 78
69 294 93
168 424 21
21 232 50
4 233 99
154 334 52
100 301 24
224 229 5
174 410 15
8 84 40
103 457 64
76 209 95
349 382 65
42 206 84
115 450 52
235 431 27
92 495 17
63 250 44
160 296 45
75 293 34
300 487 94
50 114 87
235 458 76
214 472 22
146 172 60
210 318 62
144 251 74
146 188 18
223 240 31
3 382 64
70 211 32
171 498 26
354 384 33
4 245 79
30 294 29
111 233 52
64 389 59
110 316 99
257 275 84
391 445 52
36 124 55
7 39 2
381 443 54
87 440 9
7 11 37
45 225 88
152 429 33
367 452 1
130 241 86
73 197 20
222 277 51
86 369 23
34 180 81
214 249 71
15 381 42
303 394 61
75 394 58
472 489 24
169 467 95
189 216 31
54 276 91
54 464 52
261 395 56
199 415 72
296 393 5
37 50 82
14 340 85
2 338 2
121 128 89
9 174 25
219 406 21
403 446 67
129 267 33
57 452 27
73 235 99
212 350 86
6 83 37
161 460 56
120 199 12
286 402 16
153 166 95
95 159 10
98 168 71
66 283 37
191 422 78
260 479 23
131 424 69
322 416 54
416 466 76
179 195 77
206 394 85
92 304 77
33 476 27
37 392 61
93 465 52
131 337 4
373 466 6
138 260 63
53 403 38
164 263 16
460 474 27
387 398 8
123 429 98
459 487 12
79 167 42
387 411 99
133 265 17
350 417 15
157 432 14
182 367 2
219 267 49
321 344 20
185 368 65
35 274 78
262 458 5
15 163 84
113 157 18
276 488 5
274 279 17
240 401 74
225 407 42
81 197 31
171 435 62
87 339 8
12 111 98
24 217 19
300 390 67
266 354 33
195 445 65
52 129 40
136 369 91
306 341 4
285 333 29
38 277 52
111 251 23
37 335 50
192 487 1
310 440 61
372 445 66
27 84 95
66 395 49
393 420 85
136 334 45
33 163 13
9 134 92
4 232 72
54 418 9
320 441 43
5 79 26
147 479 45
379 439 57
164 309 33
101 473 63
358 404 79
427 490 33
100 269 48
309 457 73
278 438 70
185 224 42
260 308 5
389 490 97
12 286 11
50 310 60
135 305 16
224 310 78
66 121 83
159 299 1
133 412 37
43 81 34
6 102 84
465 470 37
131 356 17
53 70 38
215 476 10
422 446 92
313 478 36
230 241 36
35 254 10
280 482 61
194 327 75
10 194 22
409 423 42
85 134 48
209 497 90
211 455 99
182 452 30
152 184 3
120 265 83
325 471 44
103 166 20
243 365 72
52 133 63
282 315 70
51 153 89
147 447 50
102 466 2
37 343 70
219 237 37
17 257 17
131 408 56
86 325 6
161 179 99
288 444 39
64 264 30
111 330 35
58 135 69
27 365 59
409 429 41
255 268 87
38 318 54
237 451 23
448 480 42
135 239 1
81 119 8
253 413 69
13 174 67
430 477 63
94 314 96
194 465 71
324 404 71
280 469 3
27 166 86
291 389 72
117 148 7
107 173 90
50 276 8
18 240 68
133 381 30
31 90 71
81 242 1
344 382 62
319 385 1
0 161 14
123 460 90
202 308 98
160 260 13
72 309 4
162 354 3
106 481 31
128 196 15
20 343 79
118 489 57
217 264 86
55 93 61
371 449 66
176 317 14
96 328 68
85 301 23
153 405 16
17 382 36
138 423 97
28 292 8
13 380 90
27 368 88
10 69 25
186 444 18
40 333 10
89 379 20
263 412 42
343 483 77
37 53 42
317 458 93
69 112 54
188 258 29
127 332 58
169 280 68
163 346 36
275 469 10
71 471 56
169 226 33
176 438 30
160 373 36
167 439 20
330 347 100
258 387 59
372 460 74
270 462 85
308 318 98
320 445 71
96 351 76
124 451 40
59 458 39
269 314 56
116 472 65
20 212 82
426 480 72
65 329 35
8 120 17
1 272 12
200 209 95
492 496 22
244 334 18
217 474 44
425 469 3
26 176 12
229 366 79
111 437 60
30 355 86
58 455 34
97 139 18
125 170 21
248 387 11
5 271 7
133 296 37
327 399 3
98 285 2
332 497 99
125 356 60
84 442 30
280 371 35
65 167 57
309 467 61
283 458 90
251 474 51
289 326 57
87 353 91
132 324 24
101 479 10
44 327 58
36 285 82
85 377 96
89 483 98
217 265 85
383 491 95
84 388 85
428 462 22
259 273 1
189 497 9
280 448 92
106 380 8
251 311 8
19 45 33
139 345 33
102 186 26
145 192 66
61 280 22
17 431 15
33 196 50
310 489 51
193 406 15
174 285 62
259 389 84
419 484 2
119 307 10
296 354 59
217 363 69
408 423 65
5 251 35
88 235 34
124 360 6
147 444 4
380 484 9
229 497 100
285 334 71
111 164 19
112 323 28
0 90 7
22 440 68
125 402 69
177 205 33
156 362 4
291 449 10
104 332 25
38 76 55
1 404 37
40 285 77
18 228 47
47 70 77
75 462 4
230 455 1
301 351 45
2 304 92
4 385 56
153 293 39
20 257 47
230 298 17
30 209 3
222 272 69
288 448 64
178 217 52
320 355 32
364 373 82
260 379 16
152 470 90
4 463 7
75 139 88
419 423 29
57 421 11
43 88 68
193 225 16
214 487 24
32 118 67
141 479 34
93 299 27
321 407 93
31 404 22
449 467 48
282 298 92
99 375 18
39 393 39
400 411 50
423 491 99
103 319 53
172 410 42
445 467 2
92 423 91
91 311 47
26 183 13
73 82 34
424 495 92
230 259 6
194 289 43
7 273 2
46 433 22
38 369 68
26 410 1
352 494 32
252 282 5
167 187 79
255 417 100
266 380 84
21 283 62
203 486 54
284 297 41
78 189 69
111 125 25
165 179 79
229 472 1
197 201 12
72 234 79
0 182 68
8 302 100
84 263 7
299 449 99
80 218 71
131 133 46
239 362 35
80 228 35
170 175 67
239 428 12
190 299 62
239 275 38
169 473 44
179 277 61
58 312 71
14 180 3
49 262 13
347 383 79
304 428 99
92 249 5
348 401 64
178 238 89
269 380 46
272 323 67
100 171 8
330 382 2
286 325 28
115 355 57
126 394 67
288 349 43
472 488 62
161 447 72
22 65 85
199 408 2
40 129 25
301 456 54
185 455 60
409 459 6
401 441 68
138 295 75
236 428 31
103 294 17
422 424 81
252 493 40
372 404 79
159 292 33
216 324 13
327 466 41
201 470 25
45 315 34
35 492 35
147 308 45
39 285 19
177 482 15
87 225 61
345 398 25
284 318 31
244 366 57
186 220 34
47 363 47
146 485 32
265 467 91
146 286 40
335 363 72
150 231 67
346 408 14
41 272 63
14 169 52
200 455 52
170 274 84
195 392 1
276 277 70
37 441 62
78 194 100
166 229 32
0 380 76
357 379 72
66 133 73
260 438 17
117 322 82
206 483 69
51 185 52
232 349 65
150 398 85
271 439 8
15 186 66
261 425 5
42 177 80
94 141 78
264 372 94
369 460 64
192 479 22
199 341 21
64 247 91
126 456 82
103 185 11
35 204 29
361 400 32
342 479 89
159 206 11
44 450 77
108 426 23
264 442 21
118 148 30
237 261 3
75 268 87
252 341 53
99 402 41
145 168 64
221 298 79
348 457 42
163 245 9
85 246 5
134 401 74
416 484 34
283 322 93
456 499 36
39 319 85
190 362 3
275 491 6
464 475 35
0 469 13
296 351 1
44 54 88
321 383 70
382 468 79
268 460 81
360 428 31
300 379 36
391 426 16
36 96 74
80 139 81
115 246 18
247 263 46
205 313 24
1 38 10
73 97 27
153 335 62
230 299 54
176 476 45
33 152 69
249 358 31
307 378 43
324 434 74
143 464 72
34 360 86
145 206 4
397 398 47
226 404 1
224 291 65
0 23 27
258 486 27
253 494 6
159 309 87
70 197 58
427 496 1
272 494 24
39 268 72
150 482 14
125 291 33
230 391 35
44 461 46
26 216 4
367 476 57
273 370 53
200 218 36
40 233 9
98 472 88
30 448 12
45 420 40
376 436 99
284 303 63
69 395 8
250 431 57
307 403 28
87 171 70
206 322 59
125 308 59
199 313 26
160 175 24
289 444 46
102 276 43
141 177 58
212 496 37
349 421 59
137 469 85
349 429 50
61 339 13
229 483 91
70 386 66
147 384 1
25 433 96
459 490 94
179 435 96
183 440 34
18 218 87
60 463 67
26 281 17
126 319 43
391 485 6
327 462 60
334 498 93
359 477 72
364 379 53
108 410 20
304 400 75
176 404 46
128 218 70
10 443 35
101 243 41
127 389 2
481 488 77
419 467 55
42 333 29
182 407 94
134 363 94
260 317 41
124 263 37
6 303 3
204 392 12
5 23 6
470 473 43
174 246 48
332 352 97
423 441 86
110 289 37
27 276 12
51 353 69
89 199 14
353 482 12
88 306 89
170 245 83
319 327 16
14 48 70
59 246 71
104 232 37
44 212 84
195 313 77
6 26 8
60 226 80
251 376 70
192 265 71
334 352 16
365 414 47
241 399 41
360 400 18
185 413 84
57 151 16
159 473 35
34 492 62
60 298 50
130 320 51
233 364 17
115 351 3
220 340 98
207 465 87
363 372 61
215 345 14
29 339 56
145 251 26
40 222 35
111 205 13
80 441 63
49 432 34
6 300 30
26 494 16
52 103 66
259 359 41
331 378 85
211 270 9
9 401 36
165 318 84
61 119 88
86 437 53
221 413 80
123 402 57
229 365 38
296 443 42
7 320 93
44 53 46
439 491 64
81 347 5
60 496 50
444 471 45
306 430 26
77 230 5
203 220 80
138 346 51
132 378 95
167 237 22
124 281 57
248 334 92
287 348 99
422 430 91
369 399 62
337 458 48
92 213 85
5 499 70
167 243 58
159 495 13
182 200 29
366 490 28
240 418 51
111 239 16
231 458 72
282 400 38
82 436 32
184 238 23
22 221 57
102 171 85
162 224 89
164 481 2
79 410 62
21 322 53
201 386 81
452 499 8
25 233 12
226 420 77
238 493 41
7 397 19
26 215 2
13 296 25
46 399 12
77 450 64
233 268 15
196 428 93
41 486 53
83 420 65
89 393 26
126 189 37
164 289 79
119 203 54
330 351 17
197 418 100
135 218 32
145 224 20
31 315 79
351 368 48
46 439 19
324 424 68
348 390 77
180 461 76
73 367 27
20 287 49
205 240 45
413 459 63
0 344 46
157 270 13
78 337 55
198 241 49
65 83 72
105 227 8
41 327 62
88 169 10
113 288 37
399 492 91
154 346 15
49 469 7
80 175 40
137 198 86
14 484 14
361 471 43
20 49 5
239 375 21
62 333 12
121 129 44
164 260 23
400 493 18
71 346 35
75 389 75
330 481 79
12 344 41
280 445 77
8 477 46
32 467 40
114 204 39
67 410 92
250 440 56
35 160 24
77 471 65
344 485 45
146 486 56
36 245 58
172 382 16
82 357 32
390 446 18
189 399 7
11 354 8
212 356 56
318 418 32
89 326 62
202 361 15
151 389 98
212 436 24
120 170 96
53 202 49
109 257 33
224 381 21
404 442 18
6 69 6
123 184 87
34 384 52
114 219 57
251 283 78
218 335 25
48 282 57
424 491 3
60 90 54
71 191 38
225 285 75
76 230 68
356 397 15
69 279 46
296 490 76
136 223 29
78 166 63
160 363 58
33 407 70
89 327 49
108 334 31
66 80 38
33 204 34
111 434 7
260 291 40
401 484 87
3 106 88
66 439 65
209 386 25
125 460 47
165 197 57
225 314 8
107 210 84
102 196 75
225 458 29
51 159 88
11 495 29
382 473 68
191 215 82
308 460 67
113 267 72
343 394 21
8 68 20
24 413 95
143 240 2
129 365 60
162 327 94
22 294 67
251 264 7
170 300 2
440 449 89
343 406 23
223 331 89
348 423 56
113 494 80
75 493 70
2 281 9
23 220 69
82 227 42
286 346 62
106 438 15
56 224 40
198 451 83
55 282 85
127 128 90
108 461 61
288 295 21
124 466 4
180 217 96
87 454 82
18 411 29
260 273 8
107 307 65
196 237 8
94 147 43
53 239 79
235 440 33
200 306 34
76 259 53
292 368 48
298 351 6
284 337 81
234 329 71
53 109 46
161 254 49
96 489 21
71 100 36
202 490 69
36 349 37
69 371 38
260 382 7
174 374 19
124 178 21
125 251 100
83 198 5
48 428 70
136 394 4
179 199 68
178 278 40
444 457 56
211 444 8
444 496 5
270 398 67
13 81 29
250 364 79
270 411 75
7 207 37
178 380 65
432 497 23
169 217 40
16 320 23
60 392 21
156 457 55
87 447 54
212 414 24
328 378 85
7 281 86
262 469 23
409 435 10
236 318 83
224 282 54
292 374 75
43 355 11
161 322 53
81 449 42
168 273 75
282 285 75
85 380 94
241 486 14
159 337 59
314 397 38
184 489 13
40 112 100
176 295 13
146 343 72
61 250 16
39 112 8
53 194 95
370 461 57
255 367 7
300 461 38
166 244 7
216 274 50
261 457 45
207 327 78
27 453 64
10 367 8
15 154 72
144 282 11
7 228 4
163 338 33
184 392 9
220 242 40
408 419 43
264 423 37
336 405 66
183 405 72
35 426 8
230 427 3
0 253 66
314 450 51
72 99 4
290 402 27
139 160 40
99 214 84
87 135 47
37 291 37
170 200 65
68 313 66
108 117 4
135 186 88
265 354 94
138 419 22
182 228 80
25 271 52
245 414 19
89 274 26
48 119 21
223 262 43
436 458 62
228 389 16
198 219 77
273 322 81
5 378 31
222 497 99
124 218 61
28 29 6
114 424 66
167 442 92
374 458 95
56 211 35
308 421 93
35 244 78
54 474 14
37 418 11
144 230 28
256 479 50
48 250 14
144 247 11
361 393 47
366 369 55
15 362 55
107 213 51
105 126 17
88 195 49
84 285 79
382 406 62
152 347 39
40 65 11
312 451 13
244 331 20
46 196 31
127 484 79
58 259 32
79 481 36
230 364 98
119 220 26
40 225 95
400 491 72
203 377 27
326 482 14
377 408 20
16 42 83
199 434 27
434 471 95
429 467 5
244 392 54
136 163 32
87 146 99
40 188 78
46 105 2
13 460 90
255 450 57
84 150 53
202 352 10
170 299 91
42 75 49
84 290 30
93 390 98
115 317 3
143 332 65
404 457 52
55 226 71
189 476 51
131 434 11
301 469 22
230 432 100
57 143 17
5 435 92
91 451 45
112 371 98
38 189 69
247 395 87
114 325 55
217 324 53
49 117 87
45 396 88
38 480 67
125 442 33
61 421 62
408 430 22
310 454 71
134 152 42
71 107 49
92 491 9
136 395 54
84 336 41
329 330 24
137 293 39
66 125 28
297 437 89
72 163 61
151 176 6
16 405 60
2 343 14
78 272 4
121 277 44
311 373 28
77 137 20
112 486 59
203 218 39
25 324 80
6 480 74
17 168 57
128 191 90
350 465 17
74 153 92
30 324 37
38 39 55
85 358 71
252 464 39
29 327 28
244 287 27
23 408 81
51 75 31
139 296 44
365 390 82
152 270 71
188 217 1
219 402 13
255 458 59
114 478 65
158 285 78
260 330 4
111 155 25
266 344 76
385 492 2
144 384 28
335 349 14
180 240 13
124 457 9
244 430 13
4 139 63
411 427 68
273 460 17
49 147 86
32 359 58
76 443 10
134 288 45
33 462 10
78 241 8
228 477 94
141 382 55
238 424 96
135 142 75
87 363 47
164 270 90
70 478 58
175 494 4
67 175 26
252 424 67
198 344 52
235 472 71
306 495 51
295 407 26
48 271 95
27 492 42
65 141 26
90 431 27
41 200 52
290 378 72
285 434 57
379 489 26
324 437 95
199 260 30
50 295 92
141 499 30
5 445 98
69 183 22
15 317 13
159 487 4
18 109 49
135 379 98
42 324 72
267 307 3
156 240 53
221 491 86
276 376 4
86 267 31
151 319 61
287 482 38
66 230 96
100 373 82
99 453 41
79 323 85
249 252 39
136 392 89
261 396 23
9 108 46
45 381 77
127 436 56
67 122 22
67 91 65
60 118 73
104 453 35
308 480 35
72 135 50
205 247 27
206 253 86
45 492 5
157 294 2
207 360 71
7 406 15
242 383 73
328 445 86
171 192 49
196 388 7
333 411 62
178 200 24
34 487 76
102 158 55
28 98 10
130 349 35
255 403 63
304 328 53
327 389 10
51 426 17
28 427 47
192 240 53
22 438 100
63 442 11
183 185 3
70 496 92
1 26 83
213 463 91
31 69 42
116 449 4
133 313 84
207 340 38
4 302 26
162 325 25
342 421 9
414 463 89
247 299 91
42 171 67
322 372 81
287 460 67
119 348 10
302 344 19
212 386 49
217 346 80
85 276 18
380 491 74
321 422 39
0 194 61
262 267 26
229 352 21
21 400 7
195 314 73
91 424 46
381 487 67
204 473 10
127 131 66
266 499 39
241 427 94
150 290 71
51 393 53
52 384 64
133 472 43
23 357 28
340 362 67
150 380 68
82 275 2
187 301 50
48 121 15
236 416 91
359 379 16
142 267 81
39 464 26
152 499 77
66 219 58
204 404 17
120 404 81
108 358 32
145 421 88
306 321 58
394 466 7
322 493 91
94 346 42
249 419 2
27 349 76
11 343 46
127 275 15
60 126 64
4 353 89
12 177 42
79 112 42
192 412 6
311 401 66
53 97 52
5 465 52
360 409 41
155 258 16
251 442 85
164 412 32
258 465 30
242 316 18
379 450 7
331 374 23
272 426 51
277 471 49
41 61 86
42 499 32
70 350 28
35 344 42
90 417 77
26 109 8
301 424 48
136 220 44
118 387 39
332 428 89
222 472 57
183 431 96
44 419 100
11 87 9
200 278 82
47 87 38
77 343 40
266 286 13
369 479 90
52 215 28
27 343 38
130 195 50
49 121 58
243 309 27
35 348 28
111 427 25
177 453 73
119 371 45
141 145 39
25 83 38
125 235 56
244 341 62
67 366 59
265 489 76
247 350 54
288 399 12
344 447 63
459 471 47
124 260 37
352 472 9
47 315 67
249 310 17
232 424 8
116 347 96
227 364 46
3 459 15
328 351 89
426 473 8
21 225 40
243 357 60
26 282 57
406 455 61
10 123 39
171 401 20
436 495 89
238 453 24
248 428 49
15 155 29
177 226 13
352 426 29
143 260 53
395 489 68
211 457 94
56 343 41
91 183 39
170 445 27
66 75 24
232 466 65
290 337 31
26 454 62
200 386 1
388 498 41
127 492 70
251 414 86
232 389 79
375 431 65
63 210 11
363 375 91
90 208 8
178 282 94
151 244 73
181 417 25
296 455 52
263 427 65
229 465 11
325 420 62
279 310 84
243 383 16
215 275 47
27 207 26
335 381 77
252 260 68
417 491 73
92 139 19
174 219 95
148 194 80
13 376 54
286 329 3
313 361 24
299 412 99
361 369 35
149 273 61
21 298 18
106 173 30
170 417 59
338 398 41
81 401 45
159 394 41
285 414 27
92 296 75
179 481 62
199 277 58
134 300 27
145 443 52
202 281 37
160 225 53
39 378 56
244 434 28
162 279 28
35 258 88
207 457 97
392 466 42
83 419 60
19 127 89
80 249 94
210 332 16
30 203 21
44 446 56
381 469 42
154 300 51
119 153 80
253 451 54
154 305 39
207 332 26
215 249 70
114 187 64
21 282 8
37 322 96
429 444 97
29 60 10
17 285 27
101 405 54
200 498 57
363 471 18
307 452 44
192 485 70
89 488 59
168 215 78
129 341 86
61 139 54
286 338 51
137 493 97
228 471 80
109 127 68
221 340 81
293 428 86
139 147 52
142 153 62
52 54 100
396 486 62
67 312 14
45 429 55
123 431 32
84 345 44
209 270 64
62 308 65
142 272 36
305 362 88
118 193 78
28 210 95
11 138 43
15 397 90
11 130 44
296 391 98
2 105 36
293 441 47
158 175 33
97 315 2
318 395 71
50 463 37
13 141 72
6 93 99
69 221 69
1 60 32
97 444 40
49 313 37
314 427 15
406 479 72
61 460 48
496 498 88
262 413 75
1 95 42
61 293 48
175 478 79
110 435 60
198 376 82
289 424 22
372 402 55
3 213 77
215 464 26
9 409 85
283 497 77
43 395 71
15 76 67
34 220 8
91 253 32
214 262 7
103 470 65
28 206 33
252 276 16
359 422 50
258 466 44
45 248 52
7 183 22
214 275 12
267 380 73
198 315 6
60 185 99
85 179 47
222 301 62
214 431 55
94 294 1
252 422 6
43 442 84
81 307 56
171 240 48
4 396 27
314 391 34
180 181 33
298 393 40
136 327 16
13 78 95
229 466 17
248 356 36
342 426 84
309 422 1
189 390 96
98 245 84
217 249 93
150 333 81
241 304 47
239 370 26
195 208 95
167 342 55
155 232 24
134 305 61
316 479 38
38 299 56
232 334 96
262 272 94
477 481 100
136 213 15
433 463 86
121 461 57
380 412 62
130 411 87
155 341 26
6 214 42
3 93 13
204 261 71
42 320 68
15 332 89
251 268 33
94 470 28
21 221 60
4 272 47
159 462 55
291 407 30
317 499 81
109 378 89
335 378 50
66 383 30
101 451 10
102 306 5
94 323 75
126 157 76
258 452 12
377 391 38
266 341 77
385 428 31
59 170 47
93 479 91
41 435 33
123 404 53
304 465 33
412 462 40
7 93 45
54 326 87
77 358 23
192 449 74
211 397 22
158 272 1
45 55 47
60 184 94
34 70 4
119 140 67
296 338 77
304 333 46
302 450 100
119 385 84
167 224 86
167 330 70
84 145 99
321 339 58
188 368 34
32 135 25
128 448 82
119 376 40
25 393 75
125 213 82
85 480 7
105 193 57
408 457 69
63 154 45
468 489 40
62 315 19
161 349 26
201 298 78
114 344 39
186 314 68
31 319 95
470 491 40
348 355 53
139 360 63
246 490 91
184 239 57
93 104 14
125 299 5
408 450 40
14 402 91
232 444 73
245 446 88
249 265 85
62 328 80
91 443 28
84 272 1
212 367 34
366 399 84
50 177 24
7 463 75
188 467 75
222 499 63
269 319 66
1 96 76
449 496 90
171 443 28
27 360 24
3 267 8
197 375 47
376 413 32
89 416 7
71 403 56
155 248 87
124 417 60
166 274 82
6 498 20
77 121 21
292 480 34
56 117 21
173 339 18
34 432 72
296 470 71
16 454 35
14 479 40
89 116 76
139 149 97
70 368 63
37 360 93
212 321 56
89 365 12
110 381 5
283 285 46
364 414 89
101 440 42
442 443 60
87 348 74
486 491 22
2 270 13
3 364 65
345 380 14
306 485 65
171 290 49
262 339 74
41 287 30
379 419 94
198 448 13
290 480 16
358 481 45
162 442 38
302 466 95
314 334 16
238 307 98
97 229 33
374 406 4
200 347 73
158 288 50
143 302 73
94 369 66
119 477 59
6 178 66
247 362 74
414 482 3
59 400 14
246 312 100
342 428 16
348 487 93
55 379 65
285 398 79
95 317 59
214 263 84
62 289 98
101 202 72
222 457 58
177 220 62
293 460 78
69 498 10
108 458 1
303 421 38
79 99 92
190 401 12
167 225 71
70 133 58
444 445 1
259 355 36
269 320 91
39 53 9
316 385 68
67 195 79
455 470 77
194 497 82
378 425 45
245 400 66
80 295 100
438 480 34
358 463 88
142 227 82
122 217 53
292 304 98
371 446 98
271 299 7
312 335 15
66 373 34
39 410 56
28 109 86
146 229 58
223 302 44
199 489 66
124 454 46
91 495 78
192 482 94
147 218 99
110 307 9
150 269 59
58 371 90
366 407 95
271 479 59
170 210 81
227 326 91
217 291 6
45 469 40
351 472 75
5 248 63
35 281 4
410 457 10
149 394 89
248 444 17
97 461 47
67 473 25
81 483 94
225 468 91
30 343 82
188 456 95
406 424 58
125 220 28
38 362 1
182 312 28
39 273 76
181 183 51
298 448 5
244 390 67
35 482 100
195 384 24
111 152 40
311 494 85
148 486 72
113 474 85
32 140 53
432 452 4
63 115 90
242 425 92
157 376 97
251 370 4
228 322 94
23 379 22
85 312 24
86 403 27
87 460 74
290 488 45
57 467 99
173 402 2
301 406 62
328 427 1
48 301 53
118 160 36
126 267 55
343 418 13
59 405 90
204 231 36
2 316 80
354 406 95
121 171 61
361 371 79
68 218 44
163 169 3
395 492 61
329 406 6
225 274 26
166 302 72
19 465 2
16 327 23
295 450 51
44 154 26
60 70 6
6 249 9
95 186 28
39 210 30
93 284 42
25 163 81
234 469 69
80 303 1
15 148 73
331 472 57
13 193 70
202 387 35
129 178 63
119 345 22
309 353 98
107 115 28
79 106 76
88 107 10
83 225 85
109 329 4
286 426 13
326 391 37
167 352 7
233 334 92
136 259 94
10 186 28
49 204 78
93 176 24
107 191 18
326 354 32
258 489 42
135 319 28
132 482 21
21 170 58
422 452 100
38 228 58
55 372 91
240 405 83
362 417 55
177 287 23
132 238 78
74 462 10
105 428 84
25 101 16
362 454 91
306 398 92
121 396 23
290 344 54
96 499 48
162 188 18
40 448 26
80 169 88
175 335 21
39 409 71
269 419 32
3 98 16
86 220 98
129 205 65
74 97 69
259 295 79
244 468 21
289 417 96
357 448 82
20 61 3
159 170 17
334 464 49
158 243 16
270 404 23
50 320 16
206 342 34
167 212 40
280 321 53
209 392 27
89 96 18
209 374 15
338 342 88
143 391 62
310 344 4
133 354 79
238 431 92
276 447 84
262 402 2
12 133 1
351 399 41
170 436 100
134 304 86
157 499 65
399 459 28
112 299 70
100 327 22
283 474 80
201 232 7
229 327 43
12 370 43
305 426 29
108 343 15
428 487 88
409 466 23
59 162 44
49 104 19
309 466 72
167 394 98
80 317 79
339 370 48
75 194 81
116 212 39
155 446 72
244 255 66
270 378 89
152 309 47
116 367 15
99 265 7
50 113 61
189 273 72
301 386 77
119 391 16
251 373 97
200 443 27
288 373 1
173 445 25
159 287 93
176 486 41
54 386 44
102 418 61
49 243 67
34 342 31
41 180 3
386 405 35
36 181 62
239 305 1
5 191 29
61 387 13
101 271 84
60 333 84
90 172 31
3 23 73
137 491 86
256 417 68
317 343 41
144 400 55
22 64 73
121 465 64
258 477 53
268 326 28
20 72 94
189 368 60
256 307 98
256 351 29
235 253 81
67 138 49
78 368 6
98 492 54
47 438 94
353 468 29
4 214 74
20 38 47
64 412 46
6 296 97
245 339 26
40 345 51
112 470 20
236 383 32
174 189 15
184 273 42
11 202 10
227 310 99
274 484 92
202 419 67
33 343 100
442 485 66
60 94 78
43 99 47
354 481 79
135 335 20
214 226 15
212 349 98
123 314 42
37 359 86
59 385 28
350 361 74
42 82 21
364 442 46
56 397 49
79 480 63
187 365 25
280 358 86
60 402 97
58 297 96
97 308 97
64 451 9
43 121 58
40 346 9
158 360 92
208 301 17
366 392 26
305 369 6
297 431 92
86 295 40
270 427 65
204 268 80
226 274 24
12 450 33
211 223 18
136 267 98
71 467 75
81 321 69
237 444 29
234 353 4
45 177 65
66 92 89
250 372 37
3 64 48
24 271 59
252 352 8
371 390 82
138 152 78
219 332 72
51 88 41
118 397 1
116 142 5
47 273 45
370 390 71
193 280 66
318 415 22
138 241 78
241 435 50
2 41 55
200 329 50
157 170 18
142 406 95
111 352 31
198 203 31
77 244 43
66 215 59
19 94 83
143 205 97
166 324 80
171 196 31
229 374 68
128 342 83
2 275 46
108 267 50
132 444 76
137 319 24
207 299 64
125 489 85
150 496 22
387 498 85
19 438 22
41 152 5
58 242 28
69 276 60
271 302 94
216 471 24
169 462 63
405 490 70
28 167 27
332 356 26
81 183 100
415 476 39
50 485 3
220 407 27
167 450 96
83 495 48
234 446 78
148 457 65
165 176 75
25 388 29
294 427 51
225 373 83
62 183 90
257 268 17
39 155 32
1 496 3
136 361 38
27 143 57
245 401 90
142 188 16
193 476 82
228 375 29
72 385 19
395 445 89
75 147 45
211 453 59
128 294 61
54 252 41
211 454 44
249 271 89
56 396 71
374 496 35
257 299 67
109 440 71
355 457 84
85 236 1
112 290 86
27 50 38
444 452 15
44 216 15
305 416 73
267 440 68
80 296 3
84 126 12
167 408 90
404 489 75
152 317 53
242 419 38
228 329 25
35 359 45
112 230 46
431 456 1
156 395 91
23 260 68
13 449 86
413 483 33
41 416 17
349 474 51
3 288 7
235 248 6
10 43 69
165 291 8
259 336 18
465 487 51
227 418 6
33 271 74
79 219 8
383 458 83
176 400 51
51 209 25
153 369 41
13 476 4
413 448 49
390 486 86
41 249 65
152 485 36
89 395 64
61 347 86
52 439 47
187 292 5
37 387 11
14 287 48
393 471 45
412 431 37
0 276 66
248 329 27
192 337 54
40 55 77
168 228 22
24 371 60
205 343 85
222 409 17
86 219 8
449 458 25
258 395 87
67 336 39
23 359 98
126 272 62
266 422 85
189 386 21
296 437 68
28 80 35
425 442 66
163 229 8
115 263 24
67 245 25
79 204 59
76 376 65
49 399 52
121 355 46
369 443 18
14 438 14
311 461 63
102 490 73
98 257 38
341 479 62
155 497 90
168 351 47
337 480 90
53 159 6
226 347 29
145 281 9
331 428 48
278 429 53
79 210 61
195 418 59
22 303 44
24 314 68
271 321 53
1 423 95
93 257 4
10 26 49
141 342 81
88 389 100
249 490 93
19 76 73
211 278 18
374 463 80
128 365 74
112 488 75
432 491 34
195 251 89
37 448 64
437 483 2
169 209 10
96 312 19
444 488 31
41 293 18
217 234 23
5 99 32
26 409 79
401 481 42
39 459 48
77 332 87
286 435 55
216 430 56
298 403 28
135 211 69
170 347 50
230 252 9
11 442 84
77 399 77
381 398 14
168 239 49
45 132 5
389 498 73
3 414 86
35 472 64
14 231 27
231 273 21
187 249 54
166 200 96
207 267 85
37 489 41
193 470 31
305 404 90
119 274 18
252 423 2
7 78 55
164 215 85
145 150 67
227 328 69
126 247 53
91 491 4
242 461 59
65 295 80
390 454 26
413 437 25
63 498 96
36 211 69
73 259 80
46 434 44
9 212 14
224 469 74
99 292 12
185 452 56
464 497 17
52 301 52
313 335 26
288 437 43
156 291 77
122 209 48
62 477 12
295 410 95
212 476 20
0 291 92
48 107 76
200 307 13
133 396 67
147 212 21
269 305 53
383 498 61
324 336 12
205 427 16
283 296 54
322 458 62
259 498 45
454 471 9
285 315 64
143 377 72
3 109 91
3 32 55
251 282 98
448 462 53
66 277 43
54 194 32
216 340 33
45 488 10
428 448 99
59 145 38
121 362 87
139 488 87
11 142 1
171 271 22
249 479 69
362 419 78
184 418 14
352 456 73
23 203 19
219 320 55
252 310 9
214 258 39
25 450 68
39 114 93
415 474 54
362 394 21
175 309 5
71 412 92
22 353 95
120 336 34
190 471 51
58 121 87
132 423 54
295 442 10
414 428 36
279 363 26
155 352 59
150 475 84
190 487 3
146 232 50
343 448 61
122 197 83
148 149 27
166 458 91
114 257 76
190 318 47
357 491 85
39 296 66
258 339 79
211 227 35
112 475 9
278 462 71
131 215 6
482 491 6
287 354 39
367 385 88
49 406 15
69 193 60
134 380 3
287 361 77
250 342 44
317 463 3
197 296 8
306 406 7
233 432 81
87 220 89
337 443 78
326 406 68
67 230 69
254 497 7
479 493 64
70 339 82
74 140 71
57 459 9
1 245 1
278 442 5
1 194 69
270 345 9
116 207 98
43 171 85
237 432 16
315 414 52
322 403 23
98 154 81
67 317 7
283 464 67
75 428 17
79 293 40
191 244 75
205 258 94
76 315 73
249 459 60
209 484 47
17 312 39
49 242 36
289 427 72
217 259 33
70 303 22
193 312 27
367 443 11
89 202 43
220 227 18
92 141 57
136 351 76
8 36 18
9 227 39
24 132 92
306 387 60
414 453 50
79 378 63
407 420 86
32 265 61
22 126 87
17 89 22
68 183 50
165 473 75
79 193 40
286 428 50
229 496 80
52 364 68
40 198 80
85 181 41
86 356 92
396 498 74
338 497 97
7 410 52
117 356 38
148 446 25
375 461 61
16 215 42
29 350 65
243 377 52
10 301 66
392 447 52
304 414 12
31 498 38
165 449 86
0 232 80
108 234 82
179 379 60
25 152 8
221 314 35
45 372 65
9 178 43
420 489 19
173 227 82
133 235 67
101 200 24
152 157 74
122 270 51
2 166 3
185 217 2
158 365 100
158 473 79
270 451 87
91 209 84
96 99 60
338 386 6
27 311 61
277 478 27
145 456 41
45 496 23
66 407 47
195 248 91
263 302 29
171 404 68
152 240 18
92 102 92
201 277 7
189 261 34
47 271 19
198 392 58
139 148 6
95 172 3
138 415 97
347 361 22
148 298 28
363 489 34
153 161 93
188 435 24
131 379 2
436 481 44
139 417 61
322 442 26
37 247 98
112 372 95
150 314 39
96 438 95
57 465 69
158 292 18
309 406 53
39 235 92
9 317 53
49 410 7
233 304 82
172 331 97
254 259 86
337 450 39
276 457 24
16 365 58
277 391 59
47 429 85
221 279 10
436 451 43
442 469 35
143 478 76
78 150 75
230 377 84
99 116 81
385 414 64
206 227 37
82 390 46
78 362 98
105 210 41
25 368 85
368 408 67
23 226 20
146 219 23
115 339 7
263 434 49
206 417 78
46 123 59
187 404 87
235 251 52
9 461 31
444 493 63
158 407 27
104 400 56
52 253 84
296 414 79
116 378 27
25 246 50
1 452 8
21 323 10
161 185 90
31 285 39
87 409 22
71 430 4
136 301 43
209 344 24
161 398 32
139 251 43
329 473 78
130 194 92
143 415 22
132 176 81
318 416 38
216 423 82
103 464 53
7 136 24
66 282 88
49 462 60
161 283 61
45 222 77
208 389 6
338 361 40
99 401 11
198 261 95
308 454 16
23 436 31
82 118 69
309 351 8
88 92 60
36 270 85
226 424 30
139 170 13
40 203 73
173 317 83
266 277 72
97 418 87
290 446 31
268 437 43
51 228 36
235 449 13
89 138 45
142 358 65
392 409 40
13 79 90
83 461 55
187 225 71
65 366 95
13 359 63
154 227 47
215 481 71
262 478 78
34 356 75
407 465 26
319 376 68
46 360 10
2 227 33
27 463 10
7 153 20
180 408 51
50 300 93
40 400 50
100 353 29
126 466 43
78 469 41
214 291 87
190 443 4
346 443 90
23 70 4
111 283 79
245 336 84
200 269 61
410 472 56
430 496 33
339 411 18
404 423 34
220 274 14
156 202 73
18 197 19
73 245 1
205 220 85
195 284 50
361 439 88
197 397 8
95 316 92
178 391 9
2 90 13
133 388 36
239 460 42
21 402 22
217 223 37
53 231 12
100 139 42
164 358 71
335 371 76
260 435 2
194 367 53
183 202 56
465 480 56
237 404 55
38 404 14
53 211 74
364 374 57
358 387 32
16 440 41
209 436 36
212 269 24
108 474 48
243 458 88
62 456 84
19 422 46
106 162 81
276 404 74
179 482 41
107 183 57
379 493 91
98 102 31
38 446 88
284 388 1
156 399 35
367 441 70
415 444 24
132 323 84
82 100 94
273 283 99
120 409 33
179 230 60
17 216 97
334 392 24
122 256 35
166 294 32
167 433 15
209 226 6
69 247 89
228 412 90
188 198 62
215 305 72
369 427 1
53 94 13
36 446 21
67 294 62
22 90 85
80 435 19
154 450 44
366 465 63
105 277 2
156 287 37
130 477 87
389 465 87
193 219 35
172 407 33
29 396 45
140 471 26
34 330 49
149 265 21
46 488 15
19 22 71
39 176 73
90 478 2
102 385 70
288 440 3
16 115 15
165 193 57
98 277 88
46 119 85
2 203 13
39 95 56
147 462 67
11 363 74
73 84 93
52 240 34
14 252 63
17 461 53
241 296 23
119 350 85
226 464 83
216 250 32
118 459 84
261 445 77
213 296 44
183 389 56
136 190 77
252 326 65
72 229 35
5 286 56
174 270 99
33 129 26
108 463 36
118 292 78
188 377 3
222 359 8
88 298 48
146 479 71
143 325 75
58 109 24
374 428 15
279 361 68
39 199 81
291 395 13
27 382 26
193 347 47
39 246 33
77 106 26
410 473 93
147 404 76
134 205 69
262 483 40
101 414 92
21 431 76
96 185 98
284 440 97
215 468 89
191 246 80
366 472 30
13 190 44
68 466 2
226 268 52
9 448 83
11 97 33
35 285 97
43 447 52
138 291 46
47 181 55
173 373 14
110 182 84
321 331 17
328 460 82
106 151 89
425 441 95
100 118 8
269 361 13
38 241 92
210 403 9
372 421 26
280 312 100
127 337 42
339 491 37
136 250 97
211 462 97
120 206 57
133 272 38
70 387 44
197 371 81
38 412 40
410 489 39
309 310 32
173 451 90
246 499 94
43 294 39
254 493 56
248 306 72
54 292 12
115 144 4
352 354 15
240 326 85
15 363 61
78 313 16
206 216 43
115 361 61
145 248 51
42 488 15
339 389 38
149 350 4
117 133 7
54 435 94
83 276 90
275 409 42
192 413 70
8 499 26
38 340 75
245 357 76
99 383 85
376 450 5
3 224 70
99 199 47
70 270 72
134 436 24
10 412 33
73 489 40
154 446 39
243 415 29
31 209 81
124 195 3
143 225 32
198 262 14
360 397 74
161 358 62
112 315 79
66 278 29
113 265 8
125 311 24
232 277 36
186 438 89
420 488 69
41 62 1
92 384 98
113 462 85
64 399 63
21 293 59
37 219 67
279 386 26
488 491 54
130 234 23
461 470 82
414 441 87
23 88 33
54 498 83
100 365 38
10 329 15
313 469 91
157 181 32
45 98 96
227 440 16
11 160 14
130 172 3
114 474 46
91 250 67
297 488 93
96 335 50
321 359 28
89 176 12
273 350 14
169 352 48
72 197 97
275 434 75
3 31 84
114 428 4
156 263 46
62 389 22
394 490 58
123 351 67
231 438 70
7 294 99
12 144 99
110 183 48
184 485 14
163 301 48
226 262 23
274 405 60
333 342 83
210 415 58
203 246 13
38 113 51
46 432 52
380 383 20
198 485 50
63 459 17
214 327 31
85 166 30
104 327 13
66 312 93
342 385 63
40 191 84
108 298 70
327 368 78
162 289 52
239 483 12
291 411 9
399 430 40
97 135 2
202 289 24
81 103 88
104 307 86
58 68 42
385 419 69
160 291 47
222 274 34
230 397 23
307 331 20
205 335 44
13 63 16
278 354 9
313 465 29
68 199 17
29 261 15
370 397 21
222 374 89
86 102 55
77 414 32
190 251 48
253 273 91
313 395 12
228 450 18
108 422 21
225 341 21
81 481 8
208 323 87
168 327 43
330 454 39
222 456 55
308 429 68
374 385 62
343 389 67
151 209 40
62 479 67
168 467 90
33 304 17
149 165 15
181 366 27
196 424 31
275 422 93
299 429 51
313 396 34
264 415 30
338 375 75
53 332 91
140 187 24
196 280 14
262 372 98
451 486 49
110 473 10
255 278 29
80 267 52
4 230 99
291 444 46
198 297 87
91 341 90
159 202 87
212 281 77
80 415 7
338 433 58
259 353 9
161 483 13
329 476 50
36 430 54
154 306 63
158 486 62
71 145 11
191 400 6
37 269 14
21 294 14
24 242 59
74 347 72
66 114 45
177 478 44
96 353 32
260 468 88
460 481 32
40 306 29
236 417 93
143 448 49
227 361 61
231 274 30
92 243 53
191 193 13
293 477 56
67 342 4
9 226 87
167 192 48
132 167 1
58 413 82
105 318 75
122 133 52
211 437 78
177 214 90
98 160 30
169 487 84
184 220 11
34 290 62
15 387 98
170 238 96
368 391 71
82 339 4
206 220 86
467 470 77
252 392 98
9 438 60
50 425 45
362 462 96
4 207 5
22 201 92
295 353 31
255 487 69
161 234 12
176 311 21
50 371 55
169 208 26
78 393 65
138 440 100
345 480 34
59 417 55
200 441 18
126 264 7
192 389 94
237 421 28
138 401 42
346 386 44
239 260 54
16 134 40
19 36 62
99 300 88
315 448 89
256 472 61
138 363 92
120 261 12
373 479 65
135 214 96
0 252 3
31 195 99
103 433 4
196 427 19
130 416 40
101 236 48
54 241 71
104 129 70
173 484 69
418 470 40
15 314 23
149 444 71
76 442 48
59 142 99
112 258 84
66 213 23
320 482 60
438 470 28
212 432 38
37 255 74
178 286 41
57 128 97
177 388 53
255 348 76
75 459 6
177 403 82
293 439 95
275 386 16
53 354 96
200 489 87
4 449 37
148 272 28
259 395 60
118 367 43
89 287 70
221 337 34
110 295 53
221 375 24
210 306 82
136 291 22
58 306 43
51 177 15
77 89 69
154 402 90
127 360 13
86 462 15
282 440 71
265 395 32
237 387 4
45 170 30
10 264 96
251 385 87
56 485 4
9 250 31
41 106 25
226 456 45
46 158 98
445 491 66
122 221 78
36 352 94
254 276 2
369 381 53
93 279 63
138 172 77
196 327 80
33 46 98
159 332 47
44 483 91
135 279 85
64 288 72
9 193 100
122 413 70
39 446 70
35 256 81
175 291 72
67 297 36
14 327 69
83 308 31
365 498 14
152 156 95
32 142 41
365 497 93
471 484 71
167 358 36
176 247 91
431 439 95
72 224 61
187 408 18
42 105 79
108 327 89
400 490 50
195 448 44
31 458 85
8 312 95
110 255 78
177 497 50
306 325 61
144 405 71
302 394 14
186 374 59
188 350 24
285 319 89
231 238 9
115 350 93
386 478 27
264 329 5
64 260 64
28 423 74
94 201 33
51 413 71
155 226 14
163 440 15
106 365 30
86 165 55
98 210 12
133 218 77
116 287 1
175 298 71
309 326 46
173 241 23
14 399 60
134 180 64
42 166 5
199 395 70
60 452 57
41 441 77
62 138 2
292 438 95
383 448 96
104 286 67
258 464 73
353 459 9
78 395 64
107 470 66
55 113 47
38 431 93
2 422 67
130 420 91
398 484 14
23 84 61
127 142 78
72 396 67
113 457 64
121 249 54
97 278 47
114 388 47
70 291 36
39 191 71
178 426 48
65 258 30
183 436 23
314 413 43
169 367 86
287 290 55
322 426 32
20 436 69
112 423 18
4 124 84
151 302 71
171 402 71
374 412 59
110 116 58
123 497 4
238 458 10
6 159 4
223 265 25
0 394 14
419 424 68
24 166 25
214 377 57
312 425 28
27 429 94
249 442 55
172 272 33
8 199 87
6 62 82
98 214 84
178 487 16
156 267 28
68 418 39
188 278 46
18 57 99
119 171 20
143 400 77
102 118 77
106 239 10
245 250 12
101 397 1
253 398 74
457 498 20
17 251 96
218 329 18
138 185 8
84 189 65
77 283 13
176 405 99
73 117 20
17 468 23
186 469 46
449 460 50
142 235 33
56 459 11
173 453 14
2 403 100
75 420 62
332 342 82
41 396 50
18 110 59
103 235 29
52 303 57
249 457 58
135 321 3
138 322 40
117 486 43
339 350 69
304 389 62
103 342 87
283 344 26
53 280 37
464 491 68
230 290 72
16 128 49
329 375 74
58 123 48
25 295 18
3 163 42
206 375 12
7 270 51
307 353 41
425 460 21
118 325 67
56 433 58
399 485 51
91 415 29
12 265 85
66 387 18
301 415 58
285 331 85
317 465 57
295 384 91
313 372 36
82 370 63
306 466 86
134 350 64
236 305 8
52 92 23
145 306 6
120 285 46
237 345 19
383 386 55
165 437 92
137 309 45
49 232 94
232 292 39
172 197 61
161 331 81
171 185 72
258 338 98
11 259 11
173 482 26
428 464 59
357 399 33
370 433 90
285 387 63
353 499 42
123 146 7
24 38 14
307 391 33
236 312 34
76 451 93
131 418 81
71 104 100
152 168 61
327 460 2
123 253 55
151 486 57
86 131 25
177 393 32
99 301 19
343 469 40
224 252 39
319 400 39
24 495 64
15 470 93
148 394 20
6 284 100
363 411 58
259 449 56
270 367 84
464 498 49
59 413 75
221 315 83
322 359 55
200 339 20
85 331 70
16 360 53
82 323 96
351 374 34
120 332 86
153 365 31
268 328 2
33 215 61
144 387 17
1 418 34
317 384 32
330 411 41
64 343 47
296 297 76
152 344 67
142 176 68
51 181 62
75 468 94
9 473 12
26 232 71
267 370 79
107 141 34
322 337 39
79 114 75
256 297 12
141 368 39
166 413 65
50 357 56
110 143 42
169 491 37
411 459 80
188 390 39
113 376 14
119 373 91
306 378 69
99 491 62
200 225 93
261 280 68
116 290 6
186 284 6
113 178 4
54 340 45
39 206 17
178 303 66
90 357 69
135 179 20
34 87 77
316 417 22
35 209 58
27 115 42
1 256 17
302 323 72
141 277 43
122 129 2
143 182 34
167 415 43
110 445 70
22 437 3
176 276 55
399 480 54
272 341 2
255 493 33
242 347 66
323 356 77
34 336 6
337 353 15
211 483 3
146 233 60
183 427 27
324 339 83
151 200 32
342 446 86
1 365 10
16 486 62
330 447 93
67 223 94
117 237 21
212 456 32
175 273 75
273 495 87
407 422 20
35 237 90
2 473 81
375 381 32
331 391 100
116 403 64
60 194 57
77 392 40
182 403 93
321 330 20
78 267 60
382 416 65
150 335 27
245 393 26
2 397 24
193 485 32
177 199 84
92 324 93
91 439 73
25 449 84
34 321 71
106 190 8
20 147 35
34 105 64
221 443 31
59 356 98
82 241 50
33 377 59
74 235 11
135 370 98
412 460 35
180 241 70
315 474 75
48 233 36
236 346 97
84 460 83
97 447 65
97 331 97
114 169 82
203 421 100
330 490 79
396 483 60
139 398 62
154 429 23
358 408 6
434 463 5
101 220 33
157 303 47
374 451 68
127 476 6
375 395 37
253 288 2
399 453 64
406 475 54
52 347 18
155 299 31
60 108 27
64 429 52
14 409 31
119 231 52
23 54 11
75 146 34
65 263 21
241 328 86
54 443 47
136 457 45
47 159 26
146 365 23
223 352 4
156 208 30
84 396 68
170 237 40
192 287 35
49 235 46
361 430 1
424 455 39
126 273 25
84 461 23
172 386 43
56 388 74
265 393 78
12 56 87
173 441 81
0 40 91
228 447 11
18 366 8
150 451 21
155 234 24
233 433 42
333 359 13
177 307 94
39 59 22
21 387 69
337 364 17
115 378 33
254 327 53
36 450 16
129 132 25
158 230 96
19 102 12
97 184 69
15 48 58
45 77 8
49 152 94
74 216 51
29 177 54
410 495 10
106 434 37
87 351 8
27 497 23
268 409 56
181 360 82
118 265 10
204 210 39
299 470 30
73 471 30
172 334 65
0 373 38
147 470 54
185 287 96
327 432 5
424 477 86
115 269 40
65 89 51
411 480 68
304 474 47
338 394 88
156 227 60
49 209 79
325 417 87
46 88 36
48 344 58
116 339 29
430 475 54
60 475 75
16 284 30
85 106 8
136 212 36
94 490 13
153 298 88
314 319 80
131 464 24
265 494 46
197 289 91
270 416 31
241 349 71
66 188 32
46 62 30
273 470 95
67 221 10
114 410 100
176 351 61
52 223 26
73 325 30
166 236 17
285 391 63
155 361 84
321 478 99
155 334 85
191 425 39
162 464 42
192 361 62
423 455 25
60 324 81
25 452 67
19 348 17
73 189 78
181 345 80
234 479 88
61 342 42
203 205 95
274 447 13
11 249 22
55 132 8
198 447 73
182 215 70
20 33 6
47 145 99
255 363 21
459 491 32
209 396 78
95 362 65
45 97 18
36 123 33
108 394 81
148 467 43
221 262 13
327 483 12
179 198 75
427 479 80
100 212 59
369 382 59
8 76 24
0 71 18
450 461 72
32 363 8
222 465 58
114 279 31
344 404 55
259 406 61
33 443 16
140 432 74
296 324 71
100 161 29
205 428 9
248 476 96
16 307 81
123 461 41
69 246 2
137 385 31
170 215 38
31 379 29
39 226 4
334 487 19
336 480 70
274 350 59
199 319 100
263 324 100
174 175 93
106 134 19
51 343 78
206 403 24
315 495 34
227 311 18
71 246 65
54 129 85
13 352 32
3 335 33
17 453 7
216 282 47
380 424 36
318 421 15
139 304 87
79 162 42
42 223 46
459 470 70
15 271 36
53 488 27
71 274 90
44 193 84
112 251 61
145 353 27
463 465 95
28 383 60
47 158 84
161 189 45
5 317 96
49 309 43
51 57 67
179 426 50
436 459 65
398 492 7
104 347 72
18 450 98
479 489 49
142 234 59
175 186 38
126 294 37
79 161 12
5 114 38
43 73 61
9 51 13
133 173 78
209 216 11
138 333 50
27 82 25
9 63 70
64 205 49
79 465 43
368 449 22
39 166 94
273 385 99
13 22 47
159 348 1
11 405 73
165 414 3
422 497 19
7 65 40
189 475 41
121 197 39
398 409 99
234 410 44
270 322 14
259 487 94
32 219 87
48 299 62
396 464 73
60 77 42
393 461 7
240 269 5
213 246 3
294 475 32
266 352 82
379 430 69
369 400 36
232 259 45
59 241 78
47 173 76
339 374 36
242 374 63
207 370 57
269 405 22
204 472 69
211 376 83
197 226 18
366 499 53
45 237 52
353 453 18
63 70 64
211 246 16
98 330 49
115 344 83
269 415 62
266 385 31
301 317 16
327 452 69
133 314 80
87 188 68
6 352 8
25 385 86
277 449 70
167 379 96
161 487 45
261 303 56
240 498 23
398 431 4
145 183 98
292 404 82
98 375 88
152 253 7
278 312 30
286 495 45
17 339 78
283 463 81
190 257 40
179 352 78
344 380 65
88 419 4
19 451 77
80 220 17
168 499 22
213 435 32
289 358 80
70 81 82
483 496 89
218 437 69
61 91 33
65 253 25
88 177 63
147 195 17
42 222 13
218 381 27
234 307 94
169 372 4
122 493 64
265 305 19
379 384 77
45 212 100
141 301 48
325 355 69
7 117 67
170 451 88
55 187 71
363 424 23
189 457 36
309 497 58
223 462 33
118 144 42
61 477 50
198 276 73
455 477 62
276 287 19
33 64 13
171 274 20
76 408 92
130 446 54
150 210 52
161 174 92
21 427 58
278 286 43
93 263 93
394 455 93
273 490 52
43 257 78
98 204 61
182 283 35
163 381 61
134 163 60
61 298 9
430 468 37
11 75 14
23 473 90
179 332 88
263 487 3
180 296 53
14 251 41
208 309 35
371 462 64
0 425 37
189 218 63
200 220 50
397 409 75
336 363 11
35 246 66
465 478 62
313 480 88
111 333 86
70 278 74
59 204 56
318 479 32
239 349 48
266 284 95
318 324 19
91 290 27
136 329 66
216 337 84
309 443 10
83 361 85
441 466 38
71 304 26
277 484 95
116 306 9
30 228 6
188 212 88
99 373 45
38 275 57
90 352 99
124 129 40
92 376 79
91 234 99
139 415 52
75 463 42
91 404 13
255 324 64
124 273 90
13 414 40
321 426 24
266 315 77
329 344 53
113 204 27
174 192 1
293 362 99
273 458 13
2 248 64
199 465 97
191 295 42
306 354 51
84 417 98
223 478 67
196 343 42
227 329 80
46 221 86
317 379 87
188 413 82
273 441 20
132 345 56
201 428 28
292 353 45
99 356 5
48 82 69
251 430 11
408 459 34
143 423 46
193 255 31
258 309 60
173 298 42
266 395 83
246 256 6
464 469 5
295 480 16
22 463 90
98 487 27
63 161 4
105 398 84
203 386 59
190 480 91
402 489 11
55 490 49
332 368 23
85 104 88
89 194 42
270 468 91
268 281 66
30 212 67
204 243 34
183 322 39
453 480 89
100 180 87
440 456 23
260 454 19
105 392 88
41 182 31
307 323 13
26 255 58
480 492 78
362 397 87
218 474 65
20 354 75
15 206 23
136 400 5
103 247 66
249 301 72
50 316 50
95 340 87
266 450 62
433 456 71
260 278 44
141 240 69
125 400 44
201 220 39
129 136 14
136 405 42
429 491 43
65 331 20
344 457 56
73 219 28
138 474 16
41 300 32
8 479 84
111 317 58
29 360 55
290 366 73
87 343 6
85 476 7
61 234 87
114 399 2
70 125 50
243 312 98
84 364 21
20 235 33
78 321 35
103 481 84
241 274 64
79 200 85
286 324 90
137 271 62
358 364 71
412 495 38
264 395 33
194 236 85
107 362 75
215 337 11
98 123 70
273 489 35
346 361 100
337 351 96
26 364 47
250 434 93
375 459 50
65 139 3
150 293 56
13 40 53
55 157 59
132 360 62
338 347 22
445 472 13
116 234 17
136 265 96
140 484 19
230 269 8
182 456 86
192 220 22
152 484 83
394 485 6
129 471 16
69 145 47
8 56 63
70 222 5
27 64 37
191 390 28
169 410 11
221 370 86
291 320 92
308 325 36
366 374 59
397 402 18
299 461 97
159 440 4
140 327 4
259 312 73
24 420 36
342 472 58
326 468 91
139 324 91
255 300 85
248 396 78
357 410 28
104 472 52
22 487 27
53 174 11
212 497 97
56 478 43
83 184 55
86 451 70
202 310 14
233 436 59
42 298 83
169 292 6
20 53 38
135 280 8
109 156 96
19 46 29
67 265 31
90 267 18
233 323 23
278 313 39
4 253 99
227 375 79
89 179 37
104 185 92
247 352 37
1 27 56
10 257 10
23 323 80
414 490 46
259 334 14
107 289 52
184 245 28
71 240 80
297 473 63
107 419 69
248 289 80
364 497 14
314 478 17
13 245 3
5 282 30
3 254 6
332 431 23
323 334 66
246 340 62
264 349 30
204 275 19
136 423 37
454 456 1
182 236 6
160 320 11
155 273 9
397 426 9
144 180 29
88 494 82
73 466 4
209 464 49
167 262 16
44 342 57
317 396 40
165 284 85
15 81 64
99 200 63
131 136 47
11 112 2
297 333 42
197 453 99
267 332 84
362 489 94
1 342 69
179 186 52
54 199 20
180 489 88
416 472 63
267 360 36
149 306 85
179 188 66
364 460 98
21 302 75
15 357 46
12 233 74
472 491 3
160 246 66
158 477 87
139 314 67
112 121 4
202 242 55
117 321 24
76 406 34
70 111 9
193 214 68
270 435 31
385 404 37
319 477 36
327 491 9
332 363 40
116 316 65
16 310 92
172 278 15
157 247 25
63 484 75
305 473 88
235 437 57
174 251 21
104 266 2
96 120 91
185 312 100
224 349 46
251 295 85
46 177 25
13 202 59
400 475 38
145 209 62
281 462 22
196 496 77
40 56 76
125 464 73
86 169 48
33 212 88
58 340 72
418 482 22
431 462 12
215 426 10
224 388 3
56 194 8
328 485 73
305 390 30
305 326 85
201 291 47
382 388 51
442 481 35
70 274 27
19 435 73
54 415 28
29 356 49
97 123 86
32 335 66
166 214 9
46 438 11
96 341 41
134 298 100
207 422 6
75 140 38
223 340 14
193 457 3
195 400 5
178 229 19
51 360 96
171 173 66
89 283 77
97 284 91
19 437 50
163 353 63
280 428 93
31 240 14
200 348 84
212 254 23
209 306 13
97 376 7
175 261 17
48 236 61
151 240 43
177 327 69
86 211 56
97 281 66
426 463 39
41 87 33
254 295 89
97 300 61
240 280 81
83 230 8
351 444 9
374 478 21
459 464 40
255 453 69
383 455 16
156 331 72
10 154 4
339 403 47
299 495 65
129 494 3
347 493 99
147 170 69
150 151 70
182 267 62
279 401 4
369 437 80
416 476 73
36 366 88
5 313 44
12 194 71
43 189 69
361 414 16
127 390 3
60 123 41
144 469 72
128 171 89
30 331 67
154 185 28
206 457 39
155 378 59
130 304 42
42 459 25
338 479 48
23 478 71
288 395 37
241 423 89
112 176 55
360 469 73
41 479 23
254 328 97
144 369 6
34 224 18
249 343 71
129 435 39
100 257 34
127 452 68
170 296 80
84 303 89
303 497 1
231 331 48
91 139 11
184 475 21
112 427 8
158 169 68
64 223 91
353 403 32
10 56 29
84 196 28
245 365 59
196 268 66
267 328 77
125 285 37
6 340 26
45 56 22
22 82 36
427 468 7
8 69 9
219 310 51
34 456 76
88 496 26
26 492 91
426 475 27
331 474 51
85 92 23
361 405 25
236 352 69
348 354 13
230 237 10
281 316 90
134 310 71
271 415 26
113 480 1
46 200 47
306 365 15
17 227 32
432 436 11
12 482 57
359 372 41
59 272 9
15 249 27
22 43 96
59 275 42
95 370 18
90 103 22
239 337 33
255 460 81
21 359 66
80 373 58
337 435 70
103 153 81
42 425 49
63 171 39
96 444 86
31 129 75
109 367 53
71 151 98
134 423 31
116 494 49
143 203 92
248 285 28
122 359 82
205 360 90
367 406 6
25 57 53
271 316 58
265 283 52
21 45 78
317 385 32
54 190 72
30 395 93
42 448 59
179 411 87
482 497 52
372 451 72
298 484 47
96 206 2
358 380 63
139 460 11
131 285 25
269 283 75
108 477 51
421 443 16
234 400 98
37 259 20
161 203 61
179 418 26
2 288 30
97 419 23
321 349 17
142 205 69
388 477 13
386 395 53
29 247 67
99 425 50
132 308 63
47 185 72
118 183 75
44 132 81
59 148 94
194 216 20
30 104 31
375 446 50
251 315 56
292 406 89
88 311 60
263 299 91
309 391 61
15 416 83
45 458 28
163 220 27
59 407 70
250 283 37
7 359 70
129 202 64
180 248 40
239 333 39
33 246 11
227 395 46
119 151 17
27 361 38
37 325 72
10 175 44
152 461 80
26 389 50
19 386 17
246 419 34
382 475 23
167 458 98
120 329 48
205 229 31
326 426 45
318 372 65
94 413 29
28 217 86
241 319 67
53 132 52
4 31 56
72 302 81
142 431 98
282 356 13
122 207 54
280 364 31
319 489 64
476 492 44
139 234 32
252 375 74
66 341 16
86 139 3
1 121 56
5 78 73
152 249 74
298 395 65
82 446 70
179 393 89
273 317 68
199 305 97
208 441 15
21 264 67
185 214 31
219 452 62
107 428 29
325 406 31
453 484 39
195 299 73
62 166 82
68 186 13
30 146 51
18 300 87
322 499 40
70 240 45
129 134 17
117 210 13
125 409 65
23 270 19
80 433 85
202 341 27
207 405 14
290 347 18
410 437 15
63 369 87
282 408 34
364 432 63
259 298 87
75 202 83
443 492 34
297 343 86
284 453 70
224 303 6
149 191 94
201 435 25
61 456 70
160 224 94
334 426 31
170 202 51
103 186 49
121 316 98
350 366 54
285 346 14
384 463 41
400 485 74
31 73 37
280 284 16
51 220 38
193 466 44
8 306 56
340 445 8
402 487 43
264 420 3
147 235 36
373 472 35
15 128 75
328 376 79
21 451 98
297 321 49
92 293 36
185 335 41
84 468 40
154 192 46
65 493 73
246 395 39
136 153 25
158 443 58
45 70 32
16 356 49
222 407 16
116 495 85
364 444 79
236 385 46
36 373 17
377 440 95
65 443 34
121 205 91
45 450 33
38 355 12
230 255 39
229 363 31
278 361 32
91 395 99
106 316 16
65 146 37
201 310 46
94 230 47
191 279 50
463 472 40
211 463 53
79 431 90
387 456 58
111 360 5
185 451 54
56 360 38
410 499 31
233 389 7
73 118 7
414 452 8
215 379 31
133 291 52
283 374 45
351 484 52
95 264 98
79 415 44
297 398 20
103 479 24
131 193 77
271 473 61
321 464 90
147 237 68
170 177 14
93 241 55
172 374 4
156 175 41
12 105 20
77 307 24
376 460 95
350 446 64
194 332 18
371 387 55
123 155 79
101 359 80
168 227 65
11 296 97
93 414 90
51 284 96
333 378 76
120 186 45
262 435 69
257 312 1
96 225 50
271 477 32
363 464 89
24 144 27
360 433 80
115 150 58
347 423 10
43 289 73
90 153 17
307 460 4
433 438 87
434 456 76
87 452 51
23 125 52
108 144 55
122 272 24
190 333 36
199 450 39
2 477 79
114 311 73
240 305 4
389 432 99
417 457 18
63 477 10
31 130 50
16 286 19
121 475 48
130 324 93
369 442 76
232 282 18
128 283 79
179 344 15
238 315 100
3 497 61
138 158 22
201 459 21
82 428 4
154 161 14
199 346 72
4 457 98
39 75 18
380 381 27
126 144 28
168 450 65
418 499 78
109 111 51
190 391 6
17 194 99
187 420 79
201 223 21
170 323 94
224 311 43
136 402 66
247 385 18
27 472 55
91 298 35
24 110 11
77 236 73
120 394 79
78 110 88
201 494 66
113 465 10
167 226 2
240 478 26
14 67 10
54 84 59
85 268 11
316 457 96
85 93 58
20 332 61
22 322 99
320 490 14
202 391 40
195 224 3
72 349 99
53 248 61
26 157 88
146 481 16
2 219 69
320 333 53
281 497 80
270 467 3
0 268 86
13 370 75
270 397 20
24 89 56
388 497 60
144 457 41
208 257 20
166 498 7
430 479 100
177 284 33
12 89 38
46 377 45
197 282 43
38 463 43
348 454 99
317 413 58
95 148 50
32 61 36
45 328 87
66 260 47
427 430 60
330 449 67
246 440 53
229 413 44
24 323 63
176 398 91
252 366 32
77 174 40
41 402 67
92 480 66
96 142 22
148 417 92
12 343 97
11 95 93
379 485 90
246 315 31
121 256 93
165 481 24
73 175 17
125 420 97
105 361 91
184 359 8
241 290 1
205 238 77
22 478 70
108 409 30
233 311 53
88 330 26
301 483 25
90 214 6
42 372 41
353 385 42
46 96 75
211 219 52
140 173 60
192 219 83
35 404 14
94 395 53
358 471 90
251 298 38
14 300 54
59 341 37
148 172 23
120 478 74
194 423 34
149 311 27
178 366 18
71 137 68
294 381 11
260 420 21
52 382 78
421 423 97
188 250 96
146 473 78
208 332 96
52 174 7
55 223 8
297 450 11
155 449 80
172 390 3
128 465 69
281 481 11
109 221 34
177 411 48
244 297 73
112 198 25
169 231 96
13 383 97
268 315 21
35 384 18
276 312 67
307 449 74
154 217 12
119 463 54
306 480 78
244 249 7
240 426 60
65 335 82
34 431 41
143 251 41
12 386 2
160 474 49
181 382 12
104 267 45
69 478 41
3 477 67
80 436 8
29 132 52
153 401 11
86 121 75
68 117 64
7 442 80
105 465 5
136 492 60
207 312 63
172 184 90
389 473 90
307 384 35
33 469 75
71 72 100
181 432 97
368 455 81
293 325 32
291 464 15
206 434 21
356 431 65
215 322 44
94 479 36
33 286 65
159 194 39
253 349 31
161 488 69
131 386 81
87 487 30
72 435 21
179 325 82
266 474 69
112 390 13
82 104 36
31 206 83
202 327 40
166 396 32
245 291 14
182 458 23
166 315 47
352 369 72
222 384 80
253 412 61
245 452 74
225 457 33
120 209 79
257 497 14
249 406 24
104 411 70
21 281 97
145 294 93
0 316 70
288 331 99
272 343 26
109 154 82
250 272 61
23 387 52
363 436 5
161 346 70
309 349 64
1 268 68
57 353 80
208 250 90
172 476 90
193 207 16
1 321 26
140 232 97
51 78 77
322 360 83
243 431 27
231 343 92
142 446 37
115 387 73
91 420 42
170 326 56
131 493 28
142 206 100
388 452 8
175 185 73
30 165 5
244 292 20
215 299 43
170 418 25
22 159 90
73 349 33
206 472 73
333 369 69
276 437 41
48 463 70
129 210 34
255 457 56
283 423 38
145 310 33
59 156 77
259 428 32
39 152 77
99 179 92
257 441 44
270 463 69
337 468 12
294 305 4
408 428 31
415 445 57
104 486 41
374 461 20
213 438 66
275 388 90
4 314 96
234 472 87
319 496 58
5 434 21
72 156 86
460 494 75
265 497 51
251 350 75
35 149 73
51 248 39
100 178 36
38 255 61
244 448 89
205 401 75
86 316 17
207 426 43
233 278 35
228 336 83
314 461 59
11 119 93
121 468 56
192 373 92
153 154 39
39 383 11
19 195 56
68 69 68
117 478 50
182 429 29
152 268 76
152 433 56
159 465 70
191 303 100
208 350 27
345 440 1
43 495 37
77 470 38
33 263 42
350 472 28
82 206 49
86 210 46
37 379 46
390 452 68
139 268 1
47 151 62
89 221 42
83 432 24
260 447 52
259 358 45
47 112 97
26 497 73
56 260 55
151 210 76
205 243 21
193 266 86
169 295 54
125 482 51
159 307 3
404 416 40
67 497 80
427 433 73
186 456 68
29 91 59
262 284 51
201 314 93
374 474 57
72 134 24
84 149 14
197 295 12
39 91 82
209 211 100
50 492 84
364 448 94
42 187 55
264 277 3
236 411 77
26 116 67
57 171 9
236 276 48
76 154 37
106 458 93
29 437 35
225 487 75
252 270 34
60 433 51
155 431 18
308 333 97
169 480 1
167 239 59
81 286 45
65 350 14
168 268 57
10 248 57
3 445 29
385 396 85
410 494 77
95 319 12
319 387 2
67 174 62
81 444 88
298 345 28
118 130 45
364 422 7
292 321 74
83 408 9
303 328 19
315 461 73
31 128 59
161 183 18
59 395 71
138 337 68
15 351 89
377 419 91
172 269 46
391 456 72
105 114 17
250 309 64
163 185 10
6 16 89
291 457 67
166 464 60
289 469 48
278 292 90
357 400 61
58 423 78
258 400 20
229 281 73
60 285 37
357 443 13
16 81 44
157 185 32
144 396 86
7 131 26
199 274 12
230 264 36
294 317 48
25 463 51
58 158 3
229 311 75
159 384 99
54 181 35
19 440 19
101 435 1
7 173 84
477 478 38
44 167 13
415 484 47
152 497 36
340 356 41
237 418 35
7 169 56
257 445 85
73 439 88
39 87 45
228 246 76
125 146 10
18 493 44
430 485 69
52 466 21
77 315 70
178 477 13
127 445 2
127 198 43
11 364 39
261 294 46
27 341 17
47 455 44
55 74 80
145 212 23
241 478 37
32 168 90
250 281 45
117 182 18
100 497 87
354 496 23
168 194 31
394 399 29
45 102 58
272 301 12
457 472 76
35 257 84
37 153 57
169 488 44
247 361 89
373 424 7
20 182 66
100 113 68
96 274 74
3 256 96
84 485 78
487 494 67
23 378 41
394 491 31
74 329 39
119 450 22
357 412 88
272 328 80
63 473 70
41 160 63
83 213 96
118 393 36
97 114 20
25 165 61
39 346 75
161 418 69
314 367 59
390 417 3
460 497 96
121 459 63
76 380 39
84 117 43
381 435 76
180 396 92
58 195 74
223 289 44
167 353 45
94 195 80
33 192 46
130 484 52
33 264 98
237 315 38
119 222 88
316 452 13
114 139 49
23 367 21
415 441 5
84 452 49
81 334 13
369 397 39
327 422 50
331 373 65
167 340 62
11 305 83
47 175 25
31 220 55
48 483 81
103 115 35
216 440 77
178 461 22
28 350 92
363 473 88
131 423 95
82 229 85
221 407 30
323 475 9
249 260 43
131 409 82
177 259 44
308 461 39
351 373 92
124 456 81
40 498 75
60 430 9
163 461 100
83 112 60
191 383 12
120 187 51
199 303 60
56 239 14
409 440 65
21 161 92
28 105 61
67 157 52
9 132 100
215 374 53
162 239 5
33 334 32
347 470 35
305 350 2
20 326 74
174 250 38
66 189 93
433 471 32
236 351 79
290 327 37
261 407 95
30 342 4
55 209 47
90 216 44
184 186 90
56 244 4
123 128 7
352 457 48
74 165 2
195 431 9
317 475 31
6 244 80
94 167 52
214 428 80
453 460 20
270 286 87
124 392 93
310 391 7
269 335 31
9 296 86
299 404 23
114 342 82
29 165 27
291 452 99
164 310 51
9 307 10
8 459 6
37 92 97
405 427 59
137 233 33
123 382 53
63 82 37
228 462 27
203 216 39
269 358 10
173 473 73
236 330 4
26 477 61
22 454 79
368 442 72
5 69 69
353 464 41
307 427 77
94 119 45
266 366 10
325 340 75
283 420 74
356 379 94
299 462 65
227 408 28
305 486 43
247 404 45
230 247 76
177 389 95
144 297 5
37 246 39
62 344 37
65 310 7
316 420 22
167 217 92
60 387 60
343 409 57
394 433 17
16 378 11
69 87 58
40 360 34
200 362 33
48 221 62
28 473 16
70 84 8
103 125 6
51 134 38
89 316 52
158 269 40
386 424 52
431 472 39
278 288 96
35 105 74
45 68 10
131 219 58
98 302 18
172 319 4
414 491 61
131 335 38
291 478 78
397 429 54
372 381 51
88 127 79
135 291 48
313 337 53
180 196 9
31 472 95
288 359 30
17 173 100
40 127 57
150 270 68
362 393 2
368 482 46
92 487 16
298 340 78
118 314 61
185 260 24
119 237 40
355 374 20
51 58 14
51 256 11
259 457 73
30 271 23
374 448 95
32 68 85
377 467 3
84 115 96
303 308 60
297 329 69
8 239 95
197 312 66
87 396 56
272 485 31
132 251 66
121 406 79
240 406 17
126 231 86
6 38 22
176 441 89
58 182 21
178 201 45
64 132 54
153 286 30
98 319 16
121 346 25
159 233 60
64 422 46
195 225 28
191 420 21
53 492 29
257 355 95
273 453 91
50 255 9
220 280 78
104 351 38
52 59 25
64 283 2
230 472 66
106 446 37
381 494 72
113 128 43
385 493 59
103 331 61
128 411 50
85 110 64
388 432 47
457 492 44
353 405 80
238 280 16
127 219 40
40 338 32
44 79 4
186 443 58
205 327 80
245 349 41
21 186 89
133 460 85
410 479 25
63 360 62
209 373 64
58 193 17
41 73 61
94 440 95
51 330 12
358 482 77
177 430 58
230 478 97
232 303 21
20 217 46
80 265 5
92 128 51
137 445 23
47 483 39
180 207 50
110 395 85
5 349 21
13 311 13
242 283 45
88 412 72
28 407 66
39 474 80
181 244 23
335 403 91
111 200 66
147 303 78
36 435 4
27 72 52
398 473 49
45 359 49
260 325 78
22 190 86
117 162 51
329 481 10
265 430 29
343 392 25
104 433 83
45 127 73
449 479 83
154 279 81
175 193 57
119 321 89
10 422 56
263 284 23
50 57 8
35 302 47
47 493 9
67 307 92
236 469 28
6 231 63
261 305 8
224 426 23
72 176 33
19 176 44
108 340 55
129 338 34
103 366 28
293 300 83
243 422 98
89 277 54
15 33 2
79 488 19
34 458 53
6 118 90
58 342 39
448 483 77
242 389 58
74 378 8
276 343 54
378 395 100
75 254 58
135 268 75
276 350 11
179 328 96
57 185 79
57 67 24
88 165 88
208 213 98
194 471 28
360 466 95
81 300 30
268 273 65
164 194 39
123 349 69
210 370 89
466 481 51
278 388 9
272 405 11
300 397 92
61 288 65
301 486 2
27 125 25
110 159 43
303 492 55
258 411 45
146 368 12
20 276 17
119 331 53
300 430 20
300 383 34
21 386 95
260 294 45
211 443 87
38 195 40
64 321 32
433 459 3
253 309 74
105 293 38
229 476 25
8 243 51
81 213 75
70 458 82
247 467 91
430 455 90
377 423 59
232 295 76
294 356 10
78 308 32
210 286 31
97 292 65
341 432 73
325 402 22
50 466 30
70 482 37
347 401 61
111 401 53
140 219 81
14 213 98
338 393 91
291 326 42
7 438 78
75 144 89
383 398 62
408 458 26
255 384 12
45 304 29
191 362 77
180 448 71
221 449 61
73 443 71
27 154 84
155 221 65
182 492 53
292 448 60
52 365 32
64 365 79
15 113 70
359 447 53
331 385 25
105 393 44
30 171 6
133 266 33
49 293 96
121 257 86
4 425 26
333 366 45
250 468 46
28 269 26
30 430 80
232 480 82
88 262 25
145 273 2
201 460 81
11 145 49
130 214 36
105 124 96
35 398 43
27 232 63
433 494 100
101 103 35
370 455 59
101 193 51
17 337 42
168 471 58
64 277 9
306 358 36
98 396 95
144 368 81
55 100 17
10 363 1
206 494 73
30 365 64
68 276 11
109 270 89
221 304 80
251 438 83
29 451 42
104 343 6
193 402 99
170 279 78
5 293 3
106 140 9
171 467 61
153 342 38
98 389 77
11 43 85
92 332 21
184 216 32
255 480 97
288 454 1
360 443 9
211 410 60
61 462 3
299 427 75
99 363 57
8 223 51
190 224 14
355 449 67
231 245 31
307 377 34
117 265 10
168 393 89
330 371 97
336 493 77
10 418 78
478 479 24
91 210 49
346 417 12
79 86 15
229 388 17
95 409 6
166 341 23
438 496 83
91 110 59
10 51 83
180 319 72
72 120 58
247 428 82
223 443 85
322 487 36
135 157 33
221 227 12
26 31 83
99 168 17
64 123 68
229 349 100
36 428 7
423 443 21
274 404 12
130 277 17
449 463 88
288 385 43
298 302 26
194 357 20
83 306 53
291 413 52
57 258 9
197 456 44
368 401 65
1 307 68
289 361 78
401 445 59
69 472 63
47 146 39
113 216 6
36 57 14
245 297 47
158 426 92
296 402 12
188 409 28
146 230 87
33 480 79
148 410 55
220 222 73
272 488 9
106 475 48
81 192 55
134 368 44
14 32 74
119 494 75
97 191 86
127 369 92
77 195 30
36 234 13
20 67 68
162 335 49
57 63 39
452 493 35
321 493 85
41 497 55
265 432 41
431 459 10
137 347 12
90 193 73
139 442 17
79 499 58
228 379 31
103 154 19
127 397 69
370 412 7
209 412 20
16 443 68
156 367 11
289 334 54
86 422 63
203 459 25
195 252 95
167 281 54
181 429 86
164 493 92
3 408 57
66 100 49
57 370 32
15 116 98
64 193 100
261 330 73
47 111 86
10 220 96
270 407 37
25 355 10
228 463 67
21 188 36
108 185 73
314 474 74
114 458 89
37 41 3
100 201 4
421 437 49
56 425 45
314 497 74
31 499 60
22 392 94
100 328 67
246 409 82
235 375 46
199 208 7
26 313 74
227 345 52
113 222 78
412 469 50
122 383 76
101 482 5
298 375 4
135 137 84
151 465 4
69 100 66
78 444 75
89 208 65
162 165 63
143 245 6
139 248 48
293 466 14
225 393 23
173 184 35
350 404 1
3 206 71
320 344 97
182 471 10
299 420 82
95 325 7
338 492 46
191 448 50
310 410 87
281 452 80
32 442 12
192 309 65
157 455 12
272 461 1
247 453 44
50 471 5
332 483 60
13 32 68
134 193 91
78 265 27
290 355 18
41 189 51
350 402 11
11 200 51
251 341 10
257 320 79
23 182 22
160 471 59
218 465 63
309 371 46
176 358 81
256 459 22
32 177 97
272 402 19
133 258 2
171 433 23
80 420 23
84 342 12
16 49 81
95 378 61
357 421 26
137 290 7
145 239 31
76 229 25
325 352 68
166 473 31
178 328 99
362 400 74
25 236 42
103 123 89
12 322 51
13 362 87
356 447 40
102 456 54
64 470 27
37 419 61
92 330 56
28 149 44
388 459 59
137 229 52
53 347 100
33 305 25
5 488 81
85 126 28
337 457 73
100 316 55
287 382 92
192 398 31
49 132 43
68 411 34
109 201 33
209 234 77
84 408 88
316 374 9
3 108 12
218 485 81
315 406 72
179 457 82
393 406 40
36 495 17
17 193 17
211 426 96
184 210 7
154 238 25
117 451 69
122 200 18
108 345 100
167 286 79
56 128 11
56 119 11
153 391 88
38 68 96
94 429 85
243 459 48
233 302 100
185 188 49
141 253 95
331 380 56
77 281 82
109 492 55
96 362 62
132 417 97
118 365 2
199 323 66
375 486 65
148 231 12
9 240 49
129 194 88
132 235 40
133 203 81
207 328 34
78 84 70
23 288 82
112 272 9
82 386 47
173 206 85
30 254 23
471 491 50
376 392 68
218 416 25
439 484 43
42 416 51
338 378 17
166 405 39
143 336 44
253 300 31
233 353 61
58 186 56
430 469 78
39 138 48
384 470 2
17 381 3
204 234 47
133 329 33
181 309 57
142 311 96
59 111 8
193 468 51
211 464 27
222 476 57
115 303 33
190 462 96
134 219 14
205 436 38
125 268 48
21 474 21
315 483 6
66 317 12
121 250 92
114 352 36
44 339 53
321 326 40
126 463 99
112 303 82
50 411 56
112 336 5
73 441 68
186 470 37
263 495 17
53 222 67
378 409 24
13 270 76
40 133 85
61 188 56
22 122 57
137 397 32
247 424 86
145 330 43
228 294 51
251 402 11
175 489 52
261 263 59
195 426 11
150 171 61
94 321 99
27 192 37
64 377 21
304 460 13
116 408 67
145 359 97
171 351 26
286 293 11
18 185 82
449 459 93
148 275 84
237 474 50
64 292 12
272 381 72
59 384 99
174 290 71
187 412 22
220 324 45
32 474 96
237 267 68
187 424 96
377 448 55
5 196 96
156 477 31
108 280 38
168 371 1
274 449 39
97 495 57
261 279 93
165 295 64
303 325 17
107 278 74
10 252 61
105 255 64
205 416 16
72 409 6
80 128 10
210 351 60
165 416 29
104 206 36
198 254 9
408 472 13
7 414 37
89 317 79
64 352 86
0 79 70
250 255 48
7 129 1
158 189 89
353 400 74
69 446 67
17 390 27
282 494 39
120 427 72
1 359 76
138 347 23
205 212 41
237 475 89
285 301 39
56 263 81
174 473 36
46 70 2
48 345 12
240 427 32
245 332 30
209 291 89
13 200 12
119 495 92
324 354 4
99 230 47
163 275 60
222 296 29
203 436 100
22 238 15
42 344 22
216 374 68
137 332 49
161 438 69
379 478 55
156 260 53
330 350 50
15 426 77
171 175 69
74 178 83
229 361 85
409 460 18
231 403 12
254 347 28
158 307 26
214 336 35
72 84 6
401 409 96
170 392 42
23 259 95
96 395 13
116 386 46
167 247 20
355 388 17
320 461 39
225 490 79
1 70 45
147 213 50
143 431 56
88 198 85
268 282 72
106 356 88
327 444 80
198 308 45
75 231 61
57 245 80
301 335 29
279 358 69
147 203 43
280 300 24
220 356 72
388 437 89
45 164 94
39 284 43
69 462 41
252 363 71
315 365 70
221 472 73
86 266 27
143 321 39
116 205 57
391 417 15
128 302 79
3 463 93
22 233 37
60 218 37
160 199 33
61 211 28
116 389 24
18 335 54
362 449 65
29 289 37
262 360 9
3 379 6
31 141 51
5 161 22
110 207 40
330 408 49
141 160 32
7 28 75
76 390 12
327 391 11
77 458 11
139 269 20
93 324 41
44 62 61
114 374 90
457 487 19
85 260 64
315 425 3
192 405 40
6 396 85
129 282 59
182 203 37
76 245 75
246 342 24
85 404 16
77 258 32
85 154 50
39 450 97
178 329 34
394 424 68
25 318 56
25 480 88
185 417 22
283 386 25
12 95 7
61 484 18
198 319 80
134 240 41
278 300 55
114 130 50
65 481 5
247 499 98
13 378 66
2 211 3
216 333 75
297 313 21
71 370 23
183 197 86
153 249 5
396 423 34
46 356 80
59 339 69
253 312 45
333 477 90
309 367 62
317 335 87
321 471 59
29 459 28
38 439 14
200 217 1
137 165 97
144 372 54
255 482 18
38 402 29
31 54 57
89 497 9
341 415 79
318 339 69
307 483 76
406 494 25
205 388 18
12 477 88
38 347 79
24 191 80
88 159 67
181 286 14
96 105 98
239 497 38
274 362 47
172 450 23
47 441 92
217 393 83
112 235 13
167 414 61
183 443 24
374 417 60
240 385 87
52 233 23
176 492 35
76 372 6
117 407 50
31 383 35
158 264 74
88 261 64
159 306 98
167 253 78
251 300 10
445 455 15
159 407 75
89 449 31
260 373 27
23 257 82
211 241 22
66 345 31
469 477 78
19 117 9
286 456 14
45 240 72
235 270 54
73 138 92
45 168 40
212 359 49
310 482 31
231 264 54
41 353 51
258 274 2
16 149 27
25 44 25
61 471 45
139 461 82
216 266 13
123 319 52
152 389 59
193 417 46
104 181 77
239 359 86
148 240 92
244 431 28
52 270 21
103 293 51
173 282 4
32 231 5
9 411 91
89 282 21
77 313 87
320 382 81
66 102 23
152 261 24
190 296 43
114 353 36
228 298 76
81 360 68
30 476 2
101 188 42
155 403 31
72 430 12
176 234 32
104 369 67
125 183 85
89 235 47
181 221 17
61 196 55
43 117 3
108 287 89
123 498 29
116 186 37
141 490 17
282 344 37
317 480 75
132 266 52
188 426 72
85 373 5
12 75 80
165 173 56
178 446 26
124 395 91
78 210 9
35 420 34
307 488 91
86 448 66
48 208 40
110 324 39
149 315 43
13 402 52
302 428 76
196 497 77
206 233 20
324 388 48
205 254 94
214 476 6
104 448 1
136 458 7
0 418 34
65 463 92
73 168 79
190 353 39
96 491 59
81 450 72
160 200 52
171 411 16
343 379 34
65 389 83
383 462 79
170 229 88
120 413 36
212 268 50
356 370 12
352 397 35
151 466 8
346 362 35
128 428 41
327 370 33
180 345 23
35 403 63
191 312 52
99 140 48
62 185 76
119 205 90
16 347 72
43 93 46
344 435 13
201 243 79
65 213 60
382 465 48
402 449 66
275 453 32
149 278 27
34 401 45
359 384 27
6 410 16
265 391 99
392 422 75
199 321 78
183 454 44
130 299 82
206 240 15
122 126 43
20 425 13
84 120 90
123 357 67
33 460 94
272 295 3
225 421 53
208 335 11
365 476 63
239 395 88
263 436 62
14 391 97
12 235 29
37 491 49
179 270 48
334 493 2
115 349 30
208 379 96
467 493 40
8 252 89
144 337 41
161 428 75
43 138 18
61 330 55
218 234 6
275 442 74
313 413 88
96 348 66
274 497 79
311 407 98
102 143 14
446 464 54
79 287 85
95 288 43
386 415 53
92 361 72
4 432 5
315 392 2
128 417 65
2 256 77
79 215 96
226 466 4
128 462 72
217 292 40
119 150 34
78 119 95
16 196 15
149 327 86
193 208 76
354 499 65
76 86 28
60 72 14
29 227 96
2 412 1
215 401 67
303 464 24
163 363 79
165 491 64
111 481 8
121 457 4
22 149 39
47 267 26
245 372 84
46 387 51
125 468 76
107 108 75
6 235 67
111 315 54
117 349 35
163 170 83
65 112 41
196 408 8
11 464 47
1 21 90
95 496 61
258 460 10
40 141 96
204 329 22
111 474 24
217 430 78
417 466 52
181 232 47
122 448 78
104 132 22
23 287 79
235 398 73
2 151 43
237 395 72
53 450 72
4 392 95
98 340 36
80 383 89
317 436 52
73 275 3
57 365 98
253 415 65
38 99 7
130 245 68
25 232 52
151 473 30
140 373 48
234 271 79
170 494 47
9 87 100
236 494 23
103 156 99
20 139 37
229 438 54
211 384 96
38 385 22
144 246 47
47 461 87
161 325 88
232 256 37
54 341 11
128 285 5
102 142 91
254 405 97
113 156 42
85 433 11
289 434 11
206 255 56
75 335 13
95 486 57
236 317 67
212 251 32
58 254 81
11 169 33
187 361 21
331 388 25
284 316 97
374 400 67
433 475 84
189 348 66
196 492 87
89 268 60
455 494 43
227 265 20
33 158 48
271 377 72
212 379 58
78 431 18
196 499 4
333 491 45
113 238 35
252 369 63
147 455 36
59 98 40
41 421 44
69 189 19
45 341 83
41 415 81
138 141 39
306 396 78
121 489 20
149 298 7
102 194 41
105 411 27
123 342 5
25 212 23
173 190 13
23 201 78
31 252 7
134 262 26
271 361 41
358 472 92
140 153 58
316 358 90
4 394 28
175 200 96
440 462 77
20 131 5
33 420 17
179 484 15
9 298 36
321 336 43
274 378 69
187 208 87
344 456 25
293 402 63
303 326 42
110 296 45
167 311 8
339 473 10
35 156 72
428 456 88
193 493 89
132 249 34
260 321 51
178 451 65
296 306 3
294 409 61
59 370 29
193 411 22
87 313 63
248 358 23
16 153 92
3 22 62
205 399 54
38 57 6
163 350 31
66 167 98
203 336 42
190 331 79
206 388 2
82 486 42
162 245 97
93 488 20
0 281 57
155 331 44
394 493 65
253 498 90
12 302 10
156 380 71
58 480 67
210 489 44
79 176 93
215 285 91
142 250 11
347 368 12
95 401 70
118 278 49
32 284 52
21 80 68
31 120 84
100 222 83
84 333 72
177 181 26
209 260 75
107 203 33
135 328 23
192 492 24
407 499 59
173 183 28
55 373 24
143 197 34
1 18 26
262 273 52
218 243 4
194 318 77
72 469 95
7 82 22
98 324 83
373 448 89
74 470 33
434 479 50
160 188 6
30 176 7
384 480 59
39 161 89
101 129 42
123 321 90
191 251 16
156 207 67
468 486 29
9 367 70
187 482 57
139 498 56
45 279 98
319 324 2
243 404 55
287 383 35
244 286 65
279 484 80
2 469 93
192 323 89
149 422 61
70 353 37
215 270 10
469 493 86
140 323 65
265 340 98
179 402 21
297 311 87
259 288 90
73 345 2
79 337 29
8 353 8
144 375 67
328 362 81
100 488 29
303 312 33
235 320 34
144 167 61
14 181 11
144 150 75
258 322 4
84 324 3
127 317 91
92 369 59
74 236 25
403 473 67
8 287 44
396 415 95
269 368 97
153 483 69
143 184 98
107 262 22
86 418 64
79 333 53
13 152 75
417 472 17
61 448 86
124 171 66
362 488 15
119 183 7
274 312 40
180 191 42
