500 6500
0 1 6
1 2 21
2 9 24
9 12 85
12 13 75
13 30 20
30 31 13
31 33 64
33 34 21
34 37 49
37 53 73
53 68 88
68 74 9
74 81 12
81 87 99
87 104 58
104 105 57
105 107 34
107 121 96
121 122 54
122 143 35
143 149 70
149 154 51
154 158 13
158 160 40
160 184 27
184 190 4
190 212 24
212 232 46
232 243 73
243 253 30
253 264 67
264 266 2
266 271 57
271 276 83
276 326 61
326 329 50
329 331 71
331 346 4
346 352 12
352 353 99
353 356 40
356 379 27
379 383 12
383 388 66
388 406 99
406 407 91
407 416 45
416 417 34
417 423 45
423 433 26
433 436 5
436 437 22
437 443 18
443 448 28
448 451 73
451 454 2
454 468 56
468 478 88
478 499 24
129 310 31
145 419 33
39 187 47
45 293 93
168 224 3
169 266 91
29 338 55
2 259 75
69 388 93
346 457 22
48 143 75
128 221 5
116 243 66
88 363 30
120 390 42
307 366 50
40 92 4
108 293 77
250 468 37
136 193 36
262 283 78
65 125 50
207 449 61
374 426 57
113 459 20
173 328 17
221 368 19
155 420 23
63 437 65
68 473 10
80 179 35
134 298 44
165 443 45
112 343 46
207 250 70
251 450 28
97 317 80
144 173 49
107 328 13
101 256 82
221 492 51
133 159 15
211 271 84
397 461 1
128 429 59
279 405 80
364 455 36
285 291 46
49 326 100
36 158 3
197 410 93
206 483 90
59 134 75
103 489 87
6 479 55
224 354 10
194 274 47
110 481 66
25 327 8
32 450 4
42 425 48
15 221 30
375 458 31
160 240 43
140 223 77
20 198 3
193 450 99
111 260 69
347 435 70
222 421 89
112 438 56
9 393 94
234 434 78
43 455 79
151 413 8
222 470 69
165 495 48
32 432 19
130 427 90
308 309 36
271 340 7
99 171 90
116 427 64
17 215 81
7 42 76
219 306 40
304 310 68
406 428 21
431 491 86
266 387 94
130 466 92
12 387 1
16 435 5
128 425 82
237 270 32
117 131 50
266 490 47
80 190 54
11 182 8
345 449 62
212 499 3
256 475 53
354 356 71
271 324 67
72 162 89
115 243 3
448 481 75
178 490 17
12 486 26
2 334 80
241 357 72
201 284 83
71 216 47
166 483 27
61 168 27
425 499 75
125 163 96
10 145 5
306 357 25
248 290 92
236 449 86
133 407 45
145 247 69
74 376 92
28 169 85
177 214 82
68 187 35
262 452 92
108 149 78
9 98 24
142 298 8
17 182 94
359 418 16
236 416 51
34 95 46
295 382 27
84 480 79
214 224 63
58 404 74
170 202 34
94 127 65
353 439 94
287 377 10
29 79 8
19 365 66
160 256 18
287 315 49
32 242 27
324 337 40
252 380 30
35 437 70
25 383 72
7 475 22
143 323 22
290 483 20
22 194 82
346 407 91
179 295 4
287 408 91
24 130 78
13 128 22
157 179 87
268 468 48
86 282 77
270 351 95
411 415 14
69 334 58
124 475 43
32 260 3
170 405 5
194 364 76
2 44 13
10 228 32
327 399 88
33 487 11
243 249 76
31 284 36
398 426 42
275 425 95
172 209 73
81 212 21
303 384 32
112 474 46
152 238 50
289 311 26
284 351 34
175 194 48
134 474 35
297 401 94
205 333 13
69 225 23
80 224 82
248 441 61
17 208 57
246 386 58
369 486 60
80 209 62
71 229 99
307 384 84
312 436 81
375 488 23
40 252 55
114 183 48
301 446 55
296 493 48
151 196 33
177 445 77
218 411 79
53 254 87
221 336 21
285 424 32
190 285 37
21 99 71
242 479 33
121 284 64
25 473 65
81 352 23
251 302 83
9 444 9
321 341 4
172 418 90
313 321 99
128 238 53
162 297 96
243 285 68
93 230 64
90 352 90
97 164 9
146 367 31
241 401 34
238 406 87
0 215 31
186 210 81
227 490 1
116 437 27
264 292 87
313 474 20
337 379 37
213 439 88
264 398 94
288 488 99
63 92 77
249 370 54
8 432 37
234 359 52
51 205 28
320 494 81
1 183 25
34 157 13
298 491 46
44 339 29
393 407 3
221 308 37
246 435 15
289 343 34
276 343 15
147 254 10
279 475 12
53 435 12
202 346 92
10 105 66
32 420 8
268 463 22
319 389 64
142 159 31
85 140 27
30 466 61
40 227 59
52 484 65
24 339 20
182 486 83
64 333 81
28 486 29
31 223 49
4 423 7
287 322 90
237 324 59
295 402 94
130 403 5
107 226 72
31 420 50
35 314 72
275 299 48
91 388 56
136 327 96
324 488 23
96 341 14
339 392 46
161 257 41
116 267 14
290 429 3
16 270 71
238 497 22
283 381 76
242 372 37
217 449 14
281 296 96
130 478 64
146 326 78
161 179 79
236 350 45
63 334 100
162 483 77
122 123 18
362 432 62
15 213 34
37 408 3
350 355 11
109 223 88
304 484 91
270 499 78
203 306 16
254 372 44
23 364 86
261 275 93
74 471 47
288 383 12
329 419 1
213 448 27
8 288 56
4 145 3
115 168 99
16 148 28
14 117 71
143 224 64
159 377 100
136 364 81
2 188 52
40 55 63
64 92 11
206 454 7
312 384 39
321 396 68
214 312 49
34 57 11
161 289 15
10 132 1
246 395 47
63 320 9
13 396 83
169 223 64
29 37 33
318 321 76
71 283 3
168 440 5
145 498 90
67 376 47
393 494 51
127 299 2
113 468 46
121 415 10
28 497 9
64 107 21
197 349 92
306 417 61
378 457 85
44 407 80
118 171 61
15 198 48
15 320 25
354 474 18
138 265 71
90 438 70
176 304 11
38 473 32
41 257 61
8 163 100
282 436 44
122 420 69
4 242 82
165 327 85
32 408 19
161 426 68
149 252 84
367 470 90
122 485 88
39 391 33
61 274 42
61 384 73
276 364 38
89 248 98
251 334 95
226 277 89
197 252 82
39 212 30
149 303 82
37 311 87
7 371 33
10 401 4
153 263 19
250 272 85
295 374 74
67 339 23
2 328 93
259 385 52
315 496 7
21 302 40
151 418 72
119 233 17
210 299 28
178 360 63
77 122 28
442 455 31
114 196 95
104 363 75
35 418 49
72 199 58
81 198 71
9 400 39
106 225 85
364 497 81
65 234 8
83 348 25
124 433 58
402 466 67
1 406 41
142 172 43
4 408 42
35 401 94
2 199 98
1 454 92
211 490 35
341 486 13
215 280 53
150 196 30
7 53 93
300 394 49
110 353 29
73 294 7
208 279 25
205 278 86
69 391 92
84 253 13
145 453 34
286 291 56
389 442 86
155 192 82
148 158 7
21 319 19
80 426 90
455 497 97
278 485 49
100 388 86
25 337 18
190 428 37
73 378 32
23 296 77
193 443 77
395 435 48
188 317 39
128 434 61
304 396 93
54 129 92
395 417 68
231 471 96
103 480 6
321 431 63
71 316 4
198 346 65
1 322 55
91 285 64
101 144 84
8 43 40
257 318 97
6 453 80
412 426 38
316 335 25
35 255 28
157 300 57
55 418 75
27 260 36
15 327 51
368 429 89
26 411 89
83 159 73
222 317 22
38 88 49
213 478 50
90 94 96
106 479 6
1 458 30
4 288 49
213 451 55
53 239 98
73 323 81
80 497 15
23 198 32
411 435 25
67 120 74
123 291 29
195 329 78
128 156 67
216 325 96
445 446 89
101 410 34
236 286 47
163 298 21
17 351 18
183 242 69
399 460 18
272 290 6
334 409 51
75 308 61
182 281 14
329 479 55
90 323 58
143 328 64
71 317 73
144 214 72
232 345 83
208 485 100
390 412 19
22 96 38
196 241 5
115 370 100
44 430 11
222 379 18
115 279 10
151 237 35
79 490 41
373 455 82
137 307 53
144 420 62
30 405 29
56 136 38
79 146 11
161 172 42
226 374 43
98 408 69
341 491 51
9 65 59
156 255 62
112 190 43
46 314 18
222 228 47
374 455 52
133 270 84
138 255 92
65 124 46
40 284 3
418 449 74
5 197 52
118 362 3
85 274 33
161 165 21
35 105 9
60 178 74
7 227 81
171 179 87
101 281 10
87 418 28
111 272 9
155 396 22
374 401 9
27 224 35
442 487 30
327 482 56
248 323 96
317 467 86
144 444 75
70 400 86
205 335 6
128 181 90
418 492 69
121 250 33
179 452 93
434 480 56
275 464 100
177 424 16
60 174 69
256 311 82
135 241 67
42 215 66
383 401 47
25 195 5
305 396 22
88 390 94
37 496 46
264 288 38
170 364 16
145 154 3
133 419 29
146 369 90
354 481 37
8 233 12
218 266 68
173 314 43
285 451 39
45 186 88
366 495 35
4 360 31
356 412 46
151 323 34
175 467 37
82 396 91
352 414 97
441 479 29
134 145 26
94 319 62
59 421 6
77 321 36
115 414 67
208 445 55
97 113 87
200 279 68
165 302 2
8 482 39
118 356 44
196 482 84
32 154 93
188 237 72
73 111 82
57 172 5
75 482 5
4 175 25
211 232 54
317 434 82
66 412 19
28 264 55
55 102 97
24 379 16
244 411 21
158 163 86
40 303 96
402 416 79
112 297 92
45 430 7
74 326 37
194 438 85
261 438 33
305 373 64
44 158 38
148 341 82
206 333 25
210 313 37
121 298 25
334 469 69
87 194 3
15 165 75
0 143 95
380 465 33
442 499 60
124 353 38
172 332 6
191 253 11
365 475 17
71 455 64
38 487 79
208 333 4
81 218 40
18 383 89
242 340 78
28 167 30
369 396 52
233 429 87
94 486 13
209 481 85
270 481 85
58 393 67
137 393 7
155 212 73
33 360 17
414 461 79
239 247 56
397 466 74
184 281 54
142 331 65
256 281 49
177 269 3
7 256 5
71 388 84
409 454 21
119 495 32
70 397 79
127 271 12
68 499 96
129 152 87
50 350 56
95 356 39
375 401 7
285 488 38
11 427 20
9 223 57
212 262 94
20 494 52
159 404 45
200 385 80
16 252 16
138 205 94
119 381 45
44 104 68
365 419 8
42 46 59
3 334 94
204 276 34
19 419 74
361 425 67
346 401 66
150 222 50
208 380 88
57 205 52
214 371 63
4 73 100
22 199 44
310 444 51
162 479 61
31 213 70
27 395 91
11 469 51
132 195 32
99 179 92
299 324 97
83 121 66
71 296 85
319 428 52
129 404 9
125 416 93
107 468 1
78 302 82
418 470 61
78 229 9
37 211 33
202 309 21
113 302 8
120 386 93
304 456 69
20 359 75
342 422 100
58 432 51
395 410 53
4 227 100
110 433 26
130 180 68
121 137 57
228 354 39
13 264 12
146 446 59
29 171 78
141 436 72
270 316 77
148 182 82
45 235 38
230 462 37
32 148 69
375 499 55
69 139 83
87 254 67
404 414 90
117 295 93
417 480 5
98 192 64
115 221 85
8 443 63
136 342 52
432 476 30
198 281 75
310 410 60
88 490 56
347 440 94
313 460 38
277 383 6
261 334 14
88 450 13
162 255 97
320 345 54
203 435 10
151 260 15
5 358 65
172 228 14
269 353 68
152 197 41
164 375 77
280 377 74
135 408 41
33 158 44
3 84 81
86 346 26
100 415 85
173 174 27
128 361 54
185 477 23
22 290 79
89 310 28
430 447 9
45 469 42
96 255 81
36 201 68
297 341 43
71 208 49
58 468 51
154 162 32
144 379 77
153 213 38
154 193 89
26 303 29
214 414 37
292 445 84
82 485 12
315 352 98
115 192 82
62 231 73
78 440 7
65 412 71
143 320 84
63 301 92
64 145 5
55 104 78
245 293 67
112 446 69
41 351 33
48 101 48
327 333 27
37 263 84
453 486 48
331 445 73
292 293 29
245 499 48
70 409 28
156 294 62
42 64 47
113 215 18
174 376 79
43 394 80
376 458 81
362 472 19
43 346 63
238 479 22
183 334 89
272 307 47
237 414 92
281 388 20
51 294 17
76 196 82
68 197 92
93 272 14
84 434 39
24 400 30
94 116 91
370 433 27
198 386 50
163 367 95
101 278 60
141 278 26
354 386 22
179 195 2
18 277 60
97 496 89
46 293 46
83 280 21
258 394 12
410 447 85
168 462 15
396 420 2
253 321 8
40 395 23
384 430 26
458 483 98
207 283 90
69 120 63
249 314 19
10 381 18
105 140 25
383 473 62
252 468 69
336 418 28
119 214 95
36 382 23
259 365 28
23 486 45
317 426 91
85 476 90
23 273 77
123 426 16
337 461 74
453 482 98
27 350 72
9 255 30
92 351 23
309 448 69
338 341 82
33 46 58
225 478 89
424 441 39
265 283 92
100 346 82
161 370 38
108 358 99
86 122 41
283 323 98
89 174 93
72 121 42
134 394 81
240 309 13
259 400 7
134 358 6
155 490 98
22 362 51
70 177 70
1 420 64
205 358 86
57 284 94
217 241 59
278 321 90
200 273 60
168 247 33
185 490 82
30 112 19
83 292 83
176 325 57
189 366 64
15 24 78
140 141 55
392 433 94
422 477 33
394 426 55
161 222 53
28 204 70
488 493 63
84 244 82
237 428 55
115 241 88
103 254 76
294 362 57
174 464 100
269 428 17
0 482 28
16 48 65
16 243 88
401 411 3
150 282 48
97 486 91
192 346 25
151 248 15
382 430 8
341 407 9
93 284 53
34 405 98
157 186 17
425 455 98
478 487 22
148 342 17
140 416 51
293 448 32
22 122 14
184 435 57
166 390 89
157 385 41
107 289 89
188 469 91
416 498 71
216 348 14
145 299 77
250 252 13
35 493 50
210 293 76
215 289 28
261 480 90
84 156 55
168 271 71
132 457 17
227 430 8
252 324 36
34 175 36
252 295 3
285 423 26
36 146 86
98 406 75
157 412 1
178 389 64
251 428 25
440 493 99
57 362 31
249 265 22
49 101 69
84 214 53
208 374 3
30 442 48
82 406 21
78 150 74
222 256 4
188 452 49
283 292 62
296 386 39
13 389 75
70 430 51
13 257 60
16 150 27
1 402 94
109 163 30
74 249 89
338 343 27
176 374 91
46 310 34
332 387 19
170 248 58
65 318 75
126 416 68
224 311 28
131 281 72
18 478 30
101 452 50
206 211 91
87 188 85
79 469 30
14 481 93
179 314 83
189 412 100
68 134 61
187 322 69
85 483 62
51 334 52
150 415 68
214 261 47
139 231 96
17 413 63
173 234 94
213 236 11
229 277 70
21 462 55
80 295 22
168 429 89
24 245 8
178 481 9
93 302 25
125 158 28
58 200 22
65 354 71
279 309 8
159 286 40
48 65 88
44 163 43
274 401 88
263 447 24
85 197 99
385 497 24
337 456 64
31 297 42
346 492 21
157 307 26
0 480 14
9 283 25
42 206 61
209 358 72
395 398 69
332 360 37
182 238 56
216 360 10
12 259 75
55 386 69
199 270 9
249 486 83
162 419 92
62 182 58
19 175 41
114 361 28
46 407 72
5 462 92
182 404 29
70 342 41
41 383 52
374 435 92
77 325 78
214 259 7
105 242 29
190 349 87
385 495 99
25 121 52
26 148 11
172 438 95
185 342 33
187 478 46
152 213 11
182 478 70
307 343 67
107 141 50
131 322 24
174 207 7
264 311 57
92 297 38
228 499 49
170 279 14
312 336 52
3 118 70
191 192 41
424 440 87
146 395 91
207 429 61
178 405 99
137 222 100
85 242 87
342 466 38
42 269 32
234 484 52
265 401 14
33 329 60
57 389 23
119 317 61
331 341 86
0 469 16
91 148 88
83 393 74
114 416 40
209 230 24
34 404 79
146 274 1
80 373 24
119 202 78
142 177 44
203 393 64
69 155 38
198 321 2
235 398 36
268 334 73
175 371 26
261 452 61
89 97 32
234 442 24
343 349 74
192 336 30
60 63 59
300 372 47
90 170 86
26 325 71
309 310 66
296 340 60
197 223 81
395 487 11
26 372 31
180 376 43
429 437 51
109 142 25
285 301 19
45 373 24
220 381 51
107 349 96
132 370 59
158 238 32
76 443 89
105 345 2
314 354 72
174 265 24
102 110 80
23 324 61
66 225 4
303 489 47
322 391 37
103 188 92
477 480 39
181 205 27
20 85 82
269 490 3
44 479 64
297 478 18
265 491 30
218 233 93
78 234 41
97 298 84
233 399 1
177 345 29
54 344 5
86 145 81
190 443 23
224 489 37
298 368 88
156 192 70
337 402 69
232 428 12
275 296 48
363 498 20
297 307 39
17 273 67
479 498 85
374 387 77
269 313 23
173 232 60
255 348 88
2 264 4
461 497 44
283 324 26
140 488 2
43 350 10
58 325 40
16 106 57
88 463 74
77 200 40
259 413 7
207 425 35
13 346 16
130 150 54
134 252 71
125 154 51
167 234 5
183 395 39
162 283 6
120 406 55
264 299 50
56 76 21
49 264 22
301 486 8
182 419 69
175 199 15
124 414 68
35 72 57
41 268 94
108 228 60
30 159 6
326 478 56
341 452 38
200 437 95
37 245 61
136 407 65
26 365 32
240 479 17
234 351 77
16 118 81
195 279 26
136 414 55
351 360 38
281 302 9
282 480 54
203 482 64
159 302 56
182 264 62
57 495 9
98 248 68
406 498 18
301 476 28
195 314 52
469 488 99
100 307 56
94 339 80
112 323 53
243 467 92
409 430 28
1 55 28
21 342 94
440 459 77
174 398 60
191 472 33
14 364 57
221 474 44
74 341 73
276 418 68
315 439 67
118 302 13
214 490 2
461 475 56
278 315 89
31 260 34
67 279 11
58 334 49
91 427 83
142 463 49
111 437 40
297 337 74
2 435 39
117 282 48
351 379 6
279 316 40
302 499 73
29 273 10
136 168 10
38 64 50
44 227 62
70 335 64
86 176 3
419 460 35
467 494 36
30 177 80
35 484 76
33 476 55
27 382 12
182 411 84
44 473 67
130 156 87
157 301 80
216 300 8
234 402 26
226 316 55
93 392 34
317 498 84
68 239 43
191 300 20
203 320 85
80 495 67
94 136 54
22 479 43
224 269 86
73 95 70
253 294 48
313 383 96
98 191 14
82 176 40
71 435 86
270 343 29
23 283 51
348 452 80
187 356 52
118 483 43
196 339 9
37 290 2
260 479 50
182 312 52
1 62 26
43 443 77
226 261 5
207 220 90
347 413 25
81 333 58
357 494 61
332 362 83
365 463 22
195 265 37
55 398 53
56 236 13
283 406 61
260 268 98
98 448 5
79 362 61
31 370 17
336 413 49
3 59 66
287 395 4
68 131 89
55 472 9
135 247 12
58 127 84
177 251 77
273 353 77
142 161 47
77 93 21
88 301 32
140 468 57
74 313 16
228 305 9
339 411 48
19 171 3
55 275 14
92 220 63
465 494 48
427 498 11
116 208 84
103 227 58
140 338 94
43 184 15
210 258 4
33 478 3
28 247 47
14 256 23
125 257 68
449 460 85
4 213 30
2 268 88
315 373 52
4 411 98
134 259 63
244 462 65
252 312 10
433 439 6
197 381 24
277 394 26
216 295 54
30 432 17
413 469 69
204 291 61
95 476 50
398 497 60
214 335 76
52 387 49
31 414 30
152 356 99
228 292 76
311 424 67
54 349 31
137 159 70
20 363 35
286 469 46
35 303 43
128 380 50
169 308 80
86 458 77
227 441 4
348 378 84
2 283 48
293 485 60
64 498 70
203 305 88
4 39 8
143 451 27
50 259 2
382 474 53
8 169 33
7 498 47
18 320 62
372 464 68
106 442 27
1 280 53
358 481 78
91 333 48
277 353 23
271 449 79
429 457 21
80 147 47
162 488 26
30 287 70
158 237 90
36 152 3
274 438 5
122 148 81
70 367 58
351 418 95
307 317 26
123 432 74
6 68 21
20 341 88
393 454 9
310 465 59
65 482 2
239 250 10
145 315 31
211 314 56
202 497 49
33 494 74
107 439 79
11 419 28
258 281 2
234 476 94
163 377 72
12 187 53
290 463 87
91 354 81
1 169 50
210 353 57
331 490 94
112 265 4
145 379 61
28 442 63
43 181 27
113 429 15
118 189 39
203 497 23
4 347 63
253 394 37
7 180 43
183 499 95
200 274 35
228 402 92
262 484 42
166 369 38
168 227 28
154 459 97
370 461 26
8 164 92
341 401 29
224 444 82
352 485 28
199 365 17
348 429 94
271 349 98
207 277 82
23 359 27
309 496 56
331 367 23
142 186 99
111 383 58
250 370 64
338 396 46
107 372 36
6 151 37
109 459 100
234 471 62
173 428 33
31 436 9
96 382 10
47 475 35
284 335 68
25 444 58
426 484 57
97 420 15
175 444 8
156 484 50
170 275 95
125 401 11
222 376 34
52 441 75
244 278 32
9 96 14
5 234 90
298 352 42
169 377 16
79 375 91
291 368 18
80 218 32
231 402 59
272 454 11
174 199 72
178 345 56
274 288 81
83 313 54
36 452 6
113 488 20
144 373 56
102 486 50
21 422 55
195 444 23
57 268 67
63 286 77
126 418 10
11 229 51
132 377 1
23 451 5
348 410 62
37 494 8
281 378 55
228 293 33
78 228 24
295 439 60
276 445 83
45 107 81
1 373 44
365 492 24
372 394 76
190 207 61
268 373 62
246 455 60
64 135 58
469 486 83
4 44 86
32 202 4
147 305 76
133 222 98
4 370 14
408 437 53
414 444 15
7 215 26
91 402 37
17 331 13
38 374 25
167 318 22
76 235 20
222 310 5
85 223 25
311 319 57
12 363 43
153 400 59
202 319 85
95 383 64
191 495 12
181 185 88
16 411 58
124 277 60
119 358 32
52 169 58
215 417 24
38 266 46
430 481 66
292 360 16
57 254 73
334 420 34
252 467 20
153 279 62
180 332 89
184 464 29
90 401 25
121 132 6
219 273 84
94 473 47
303 336 38
372 374 22
64 414 4
130 490 33
190 450 77
184 266 27
147 157 37
17 436 18
366 425 76
2 476 14
238 371 4
115 456 28
199 498 96
42 239 41
120 136 65
331 380 28
88 394 17
329 473 40
97 156 75
94 240 41
267 320 88
352 495 94
215 388 4
117 231 55
345 479 35
42 228 13
23 495 11
198 329 9
86 389 17
2 254 83
393 449 88
92 172 23
88 281 80
66 190 34
99 291 42
179 206 48
142 191 69
384 423 50
19 99 42
33 223 61
66 437 87
88 426 28
62 174 22
93 454 73
148 410 26
437 452 16
142 420 61
209 289 17
129 452 10
150 187 65
127 265 4
293 430 93
153 325 3
150 287 51
64 307 66
131 327 61
140 413 55
254 383 5
290 394 63
269 401 95
193 203 3
41 227 40
104 447 86
363 449 43
225 336 22
111 229 68
135 303 62
147 493 89
79 367 14
334 355 87
250 350 75
241 491 99
221 359 87
225 435 48
48 451 32
9 74 70
328 370 58
294 461 20
127 412 60
208 290 91
21 88 45
127 129 67
65 411 30
280 408 63
59 493 14
116 196 33
178 309 20
328 479 22
260 414 32
61 396 96
84 245 50
258 476 12
298 486 59
74 469 41
176 340 92
164 254 13
43 126 90
34 273 26
231 479 11
145 410 47
92 370 38
92 294 74
105 438 54
190 401 60
320 465 3
16 281 68
2 221 15
206 473 79
214 462 27
281 439 4
426 439 35
248 443 65
315 475 9
210 495 65
48 393 87
466 482 26
139 199 13
20 411 7
209 455 73
92 358 85
277 299 39
224 275 72
73 496 79
301 343 13
165 376 39
325 413 56
405 436 27
5 445 10
56 284 41
182 341 41
14 371 48
65 214 9
299 397 92
148 212 86
88 309 16
189 230 44
330 450 27
122 309 73
24 433 31
73 147 50
112 236 62
387 410 20
174 312 17
101 170 33
336 408 46
175 443 99
156 355 31
148 167 39
90 476 66
129 183 59
77 171 51
13 31 97
20 251 73
75 212 72
240 496 76
8 159 81
95 141 68
352 430 99
102 374 13
368 413 76
44 310 75
86 204 96
102 496 72
418 440 94
239 241 89
412 474 75
47 459 16
289 320 72
89 488 65
38 67 29
24 295 36
106 163 3
267 495 61
179 291 75
108 463 23
240 447 70
18 172 68
168 172 43
271 370 51
32 332 86
316 343 43
8 409 9
415 444 13
251 411 27
125 463 65
397 448 12
96 241 13
301 335 55
74 379 58
24 183 41
94 171 95
353 444 76
14 389 96
76 149 2
202 446 72
96 183 62
227 293 68
188 223 97
21 152 15
78 270 29
38 122 20
342 368 52
96 345 85
193 400 30
354 418 41
48 391 6
39 423 33
27 234 44
136 489 2
312 482 47
152 194 18
86 199 85
9 212 49
167 174 25
13 338 95
116 471 32
79 413 13
83 460 5
204 483 31
83 218 62
137 184 59
131 384 89
107 402 74
92 317 3
169 183 32
228 249 30
55 347 65
343 361 75
116 322 51
149 259 67
24 368 21
247 256 69
79 192 49
149 255 38
199 248 51
73 221 22
128 164 16
62 451 72
35 458 84
114 200 1
76 92 88
277 444 41
293 471 50
369 391 45
161 206 63
226 287 10
189 283 44
61 434 100
10 403 73
31 172 37
156 465 32
172 401 23
151 243 86
111 477 44
148 262 16
155 466 10
2 256 63
168 285 12
238 375 27
363 428 38
18 412 2
324 454 24
186 202 24
177 291 23
359 451 60
35 432 4
398 488 16
312 330 28
48 95 89
69 397 61
22 357 90
313 372 28
341 425 75
0 479 67
148 209 23
14 134 52
100 110 89
116 172 40
309 428 52
406 494 62
212 282 85
156 250 91
297 484 76
157 495 11
146 170 16
14 103 99
226 490 94
8 106 69
290 291 58
5 426 77
145 312 48
178 421 68
15 289 55
442 449 17
79 83 8
219 321 50
133 353 75
139 490 97
16 266 74
240 264 71
119 398 22
177 218 98
145 359 7
44 402 48
397 457 26
167 218 76
36 52 15
118 360 30
138 270 67
178 354 33
127 273 4
362 441 3
67 486 13
29 193 83
16 44 76
401 441 22
24 79 39
151 225 1
372 442 65
161 483 78
270 479 31
171 436 5
238 314 74
41 392 21
35 336 25
2 168 10
298 362 45
118 380 23
366 419 36
1 44 17
365 415 74
329 431 9
18 138 13
120 337 41
293 427 32
160 450 53
134 481 28
5 110 56
100 212 92
17 269 29
163 352 23
164 433 57
203 219 36
224 322 47
327 347 90
14 413 54
252 334 66
249 256 30
235 426 1
456 489 47
74 282 98
43 246 94
159 468 5
70 339 13
36 178 47
34 84 33
112 171 10
323 338 86
324 407 95
5 28 40
3 245 97
260 280 63
23 371 88
140 310 20
107 110 57
248 391 3
287 409 35
203 390 60
13 236 77
32 319 17
164 477 56
159 228 4
66 194 38
356 399 26
178 388 89
85 202 39
28 117 61
217 446 22
157 426 68
347 362 54
27 305 2
85 183 26
36 384 60
100 492 18
168 488 68
129 175 98
155 348 11
352 389 70
1 286 83
33 214 54
136 355 47
230 480 24
380 466 83
335 361 17
99 350 24
318 405 36
261 443 61
276 423 40
69 333 7
218 251 31
93 175 55
241 450 21
259 408 79
84 189 78
232 388 2
191 426 7
28 307 53
148 496 71
8 380 38
439 463 20
148 297 63
337 364 99
74 312 29
413 487 85
253 429 33
67 245 5
103 272 66
12 72 28
132 242 52
32 285 71
8 222 24
179 418 94
338 380 70
388 472 13
83 371 75
336 359 26
450 491 6
300 450 13
138 399 51
83 373 28
36 271 36
47 186 70
244 308 83
311 429 24
47 125 22
118 186 61
212 311 95
175 279 98
224 303 17
280 368 15
296 380 24
78 368 80
192 207 12
165 333 89
138 320 72
100 178 55
255 258 46
0 299 5
100 102 98
230 423 39
362 401 38
278 418 11
276 446 16
249 472 99
31 352 71
284 449 97
426 475 36
304 312 83
98 206 18
45 299 47
150 207 21
401 471 32
11 258 26
40 380 93
77 144 51
211 316 39
25 283 63
59 70 98
341 342 2
151 346 11
69 485 48
146 392 50
57 110 63
241 389 93
121 337 91
51 270 8
63 237 68
120 126 44
324 452 12
308 353 20
229 441 9
424 452 57
97 404 50
231 291 98
302 436 41
63 135 98
13 497 9
224 403 55
402 436 9
146 213 54
100 412 42
12 403 22
41 378 17
121 238 30
367 437 83
157 436 100
140 235 63
76 459 72
223 384 60
27 480 41
361 418 19
75 359 74
301 428 65
121 406 9
178 219 100
228 335 86
69 242 79
460 468 45
136 459 36
219 414 88
185 481 18
35 345 33
26 91 93
280 466 2
366 456 94
31 45 62
169 378 96
23 102 5
201 311 55
382 389 74
109 137 26
355 493 78
128 135 31
57 206 17
130 254 62
131 474 14
14 369 62
308 314 29
46 174 70
185 353 42
108 402 82
102 479 14
119 335 85
201 250 59
157 384 30
42 485 65
15 462 70
142 386 2
406 414 24
118 339 16
7 192 94
32 239 6
307 458 36
351 411 13
99 411 66
153 455 46
198 211 44
184 233 43
3 246 97
29 436 51
193 212 28
181 334 23
85 397 99
163 245 14
300 315 16
70 184 84
35 76 40
425 471 30
49 426 56
37 289 97
329 467 25
83 405 61
372 482 51
338 468 52
403 442 5
227 426 69
197 260 46
50 394 42
93 233 34
167 185 61
134 457 67
348 453 7
47 144 41
324 427 34
191 391 8
68 270 58
120 326 46
70 97 6
385 485 68
50 461 91
130 255 99
44 261 37
263 305 45
112 397 51
58 188 54
307 492 92
41 82 90
12 431 90
218 483 21
56 488 29
175 434 7
353 402 89
80 423 91
391 448 49
20 132 72
147 416 75
247 325 63
42 108 50
202 450 74
298 464 59
0 48 98
102 173 93
112 252 58
152 409 40
154 421 57
87 339 50
203 457 75
179 290 16
16 484 15
7 61 11
18 287 66
108 493 15
183 374 37
373 464 16
66 487 31
223 268 6
38 290 80
42 493 63
167 369 78
178 423 92
408 498 48
196 276 84
56 216 18
107 177 71
11 246 80
40 71 11
27 143 76
133 442 58
123 245 36
117 341 61
54 93 58
156 327 70
107 119 11
281 424 94
92 335 22
2 22 40
320 357 2
22 186 30
427 471 22
109 466 67
57 179 95
18 49 10
380 478 28
245 246 99
363 499 57
176 411 75
339 417 72
29 467 53
369 390 28
491 495 26
10 205 27
98 491 15
11 497 94
75 148 31
64 433 77
202 251 22
191 306 48
295 341 86
243 304 15
199 379 32
151 224 33
90 111 79
104 349 94
364 454 67
131 435 12
100 180 92
452 483 34
260 380 1
110 420 99
199 221 71
248 432 55
231 386 41
74 277 7
116 305 51
157 402 52
41 290 22
369 458 18
419 459 81
222 490 77
360 364 94
150 304 97
138 317 95
228 281 63
75 219 99
155 373 37
71 387 97
134 213 71
83 118 80
220 345 71
130 389 22
148 265 54
149 295 57
108 233 27
154 392 14
175 178 86
188 240 24
305 372 52
223 402 70
160 213 46
99 287 47
242 344 59
130 372 19
289 428 15
152 388 86
136 262 90
133 317 54
86 184 49
266 333 95
191 316 75
104 369 41
95 242 5
64 349 52
38 147 78
70 225 11
221 313 23
232 413 19
243 412 26
69 364 71
429 492 7
232 432 15
362 435 79
394 400 40
98 165 77
98 138 78
200 262 54
12 75 94
183 342 63
81 221 69
206 398 25
23 138 96
176 260 27
115 309 64
39 155 50
61 468 45
298 347 44
339 385 6
313 380 56
55 100 19
373 460 86
1 300 86
381 392 51
219 262 82
118 294 18
13 301 53
342 419 98
243 379 34
143 314 8
360 379 75
78 257 18
23 182 4
137 255 70
215 282 8
221 302 8
106 420 82
126 182 40
286 466 86
135 368 29
240 241 63
161 414 13
164 406 89
317 380 15
45 390 82
120 249 25
238 457 30
141 480 1
266 352 84
274 312 41
371 475 99
125 176 48
81 470 41
66 489 82
179 189 35
281 308 12
362 385 16
168 393 67
71 215 96
212 304 95
319 382 26
143 487 88
232 316 5
341 471 79
48 149 63
212 454 20
255 484 47
189 342 41
88 444 48
107 234 25
221 309 74
327 366 71
247 262 2
132 279 10
305 419 99
21 104 5
346 496 67
65 306 55
252 292 25
270 460 22
20 155 41
17 343 75
352 373 25
94 324 82
56 147 86
228 427 7
192 236 42
51 124 61
159 222 50
133 413 51
95 244 98
155 217 38
394 476 18
462 493 20
87 301 29
141 144 30
66 241 21
39 496 62
113 129 54
195 395 4
87 279 94
200 312 37
297 429 50
145 332 45
178 368 63
79 433 6
323 494 91
312 480 74
357 411 23
40 483 55
200 338 74
102 104 60
201 285 26
164 395 32
218 493 7
187 374 20
220 348 69
147 382 66
261 323 75
394 477 81
67 453 81
41 284 45
179 309 47
84 134 68
340 394 70
102 195 8
123 489 14
42 231 79
20 125 51
243 252 12
67 149 14
351 476 38
218 461 52
19 248 25
75 150 69
87 391 89
176 442 6
271 457 69
360 474 7
57 183 53
101 440 88
39 219 67
96 387 76
139 179 48
247 425 94
209 385 5
123 437 57
5 398 70
140 296 8
60 308 86
136 200 92
64 310 88
44 425 11
99 416 91
221 310 56
181 398 2
79 163 90
31 496 88
360 468 66
5 71 15
55 58 25
215 332 33
133 261 38
156 284 28
403 484 35
127 496 49
339 436 79
199 409 92
174 487 96
146 497 51
231 427 69
88 97 26
255 498 3
172 322 34
336 358 56
216 488 18
42 242 11
62 381 31
205 332 60
32 362 43
154 319 13
341 432 57
469 473 32
66 90 7
304 335 12
19 179 37
68 214 32
171 220 4
169 256 80
195 425 76
110 114 79
165 429 7
194 494 94
80 407 35
125 373 15
188 496 91
427 443 49
328 390 76
194 340 68
69 70 74
81 326 17
32 402 17
110 373 52
236 246 7
35 294 89
49 98 26
10 22 11
128 200 21
55 351 53
24 83 13
46 483 63
381 496 92
247 261 28
334 336 30
233 249 49
304 453 31
136 137 90
42 496 20
28 31 66
268 365 27
115 388 96
67 96 6
80 146 81
27 199 64
15 230 46
53 459 33
45 281 63
297 473 95
24 218 63
269 331 95
252 311 61
426 449 52
25 388 13
342 437 93
183 413 72
48 150 30
73 485 14
95 175 38
270 312 77
247 332 51
164 165 98
63 221 26
343 478 49
22 136 75
275 403 4
206 229 65
97 201 47
5 494 33
303 361 64
209 448 61
380 391 23
9 308 95
118 480 96
205 286 79
203 274 66
158 204 16
272 401 12
10 275 74
41 321 12
244 277 31
330 468 76
295 365 73
102 445 24
265 446 87
130 354 59
250 336 89
167 425 14
264 407 28
5 328 32
239 312 52
214 357 52
184 459 76
256 481 12
196 397 30
45 425 97
355 364 84
111 149 50
176 288 69
284 396 40
164 309 87
342 460 62
50 326 45
68 269 86
327 364 18
3 381 69
278 359 60
281 491 21
96 380 20
14 201 68
93 251 71
255 470 82
433 461 45
39 170 24
135 417 69
91 441 3
223 225 40
120 143 20
394 441 88
197 225 4
312 337 62
127 421 46
165 225 40
208 469 31
140 205 61
199 423 54
183 397 72
140 325 54
72 134 28
170 438 1
70 306 7
39 135 36
123 458 58
33 196 53
324 433 25
402 471 30
326 332 20
227 472 45
65 451 9
46 323 70
88 460 56
462 471 16
482 497 73
120 383 77
254 388 95
78 193 13
159 249 11
263 384 65
140 330 57
296 351 48
114 387 49
258 425 71
325 366 33
59 410 69
77 154 73
306 435 18
80 259 36
467 483 66
263 434 14
27 47 92
64 467 21
26 464 82
30 263 4
83 184 49
370 424 55
124 125 88
264 377 45
225 496 18
218 407 77
73 136 39
266 362 17
0 104 37
249 255 92
44 467 15
120 465 86
302 402 7
249 343 50
412 497 75
168 243 96
193 376 28
9 337 55
342 383 100
185 447 99
183 355 68
78 123 31
18 44 32
311 494 6
283 299 26
165 305 58
106 491 36
211 494 100
81 405 28
66 317 47
34 484 74
118 347 45
214 298 78
267 350 27
145 420 89
206 351 40
197 315 22
214 236 81
240 388 26
267 384 1
201 271 23
136 198 43
201 456 46
111 378 58
155 491 14
58 370 32
312 490 77
124 264 67
182 189 69
333 383 100
43 329 18
183 311 86
357 452 73
94 210 68
170 344 8
63 106 50
294 359 81
195 305 3
353 354 3
141 358 50
72 421 14
71 120 73
4 499 71
387 412 4
102 447 89
7 113 97
367 422 73
0 372 30
5 260 50
116 280 58
274 400 68
8 369 57
493 494 91
335 355 5
31 236 10
75 461 40
266 420 63
64 437 55
45 486 68
489 492 75
53 266 79
295 458 22
98 431 13
307 495 65
22 270 24
134 146 34
10 377 48
170 455 18
175 475 69
111 196 26
290 475 100
433 495 60
166 460 21
47 109 67
253 254 14
425 497 52
256 270 31
133 340 32
20 336 100
4 204 3
458 489 1
36 54 66
289 362 96
176 443 35
283 330 98
79 160 77
10 135 45
96 319 66
26 236 32
155 185 14
259 412 54
85 423 100
88 408 74
213 347 72
30 103 29
255 329 47
197 430 48
33 256 82
276 392 5
268 341 84
45 397 35
116 345 55
130 401 32
74 308 53
494 497 82
297 352 53
118 167 25
210 452 93
191 348 59
101 478 74
380 426 86
78 349 92
21 353 58
269 438 41
116 395 17
116 218 52
334 415 39
122 451 59
226 304 4
324 347 83
65 450 59
105 226 49
197 498 73
128 162 32
183 445 81
234 369 19
97 395 47
152 418 50
98 317 13
377 394 14
60 344 67
208 353 32
247 379 80
279 347 65
92 237 97
283 473 7
88 483 10
46 166 34
320 467 14
132 206 41
90 362 61
50 306 15
6 207 64
161 247 53
275 375 11
161 419 52
223 274 49
332 358 73
151 431 57
99 203 96
206 390 20
180 403 94
313 422 25
219 261 69
144 152 69
78 98 93
468 482 81
332 411 2
320 435 83
204 284 96
339 405 93
122 186 24
220 294 64
47 136 32
19 288 18
104 448 44
35 429 67
228 277 20
281 423 78
4 344 11
83 413 73
61 419 97
179 451 28
3 199 82
364 395 32
47 139 25
36 281 20
355 359 79
68 82 49
159 207 19
85 286 30
219 396 25
222 453 28
24 133 74
208 210 87
30 162 58
201 403 54
413 484 49
45 488 51
16 194 30
216 408 68
323 455 93
254 423 4
78 94 51
147 428 52
240 320 20
21 235 69
60 408 55
221 391 49
175 351 3
126 398 85
93 319 8
97 368 71
138 439 98
43 310 99
174 408 75
179 346 79
173 332 68
11 66 78
271 386 38
343 474 53
68 293 92
90 383 5
65 73 80
375 393 93
18 160 48
221 388 86
10 347 71
23 434 46
142 476 100
182 316 28
163 194 29
300 422 99
451 465 82
252 472 35
362 397 32
240 268 75
123 124 68
261 475 15
250 305 52
305 320 2
237 247 75
121 216 93
149 317 37
69 457 45
81 345 94
121 330 20
216 473 4
39 205 75
204 253 27
8 166 28
304 375 62
46 489 57
320 385 93
28 215 77
1 174 66
116 175 100
62 443 43
197 397 90
68 194 65
134 302 65
343 374 15
263 288 37
147 207 72
22 481 48
89 114 58
40 409 98
187 250 27
91 334 92
252 473 22
179 319 8
297 489 65
89 459 34
72 366 86
120 212 84
268 331 93
46 343 56
19 487 95
5 375 44
78 198 70
366 376 53
404 467 52
347 461 12
52 294 53
348 455 28
73 300 10
232 489 84
21 309 62
125 333 42
265 406 73
156 440 2
157 313 72
30 198 9
77 362 77
80 320 56
76 349 60
195 387 63
225 436 15
289 432 89
114 181 76
9 477 51
186 499 20
245 466 42
93 430 76
120 169 69
6 390 5
186 271 89
184 192 96
84 475 75
138 282 88
172 311 67
430 449 73
238 490 5
300 425 4
117 165 74
330 370 40
100 409 60
63 195 49
201 472 84
60 297 41
126 152 48
142 405 8
9 338 100
441 491 55
354 428 44
262 405 89
123 213 70
236 307 39
378 458 69
112 467 27
318 438 4
339 341 43
273 498 60
228 273 85
119 248 93
57 261 17
137 464 76
150 488 29
294 412 66
67 496 64
86 323 73
268 323 98
123 239 26
6 165 98
322 480 96
41 320 51
115 372 11
374 450 4
402 445 93
261 309 18
412 413 8
320 324 96
130 153 89
187 266 69
260 412 38
139 389 48
237 348 30
138 324 35
391 445 85
192 405 44
24 474 91
48 463 73
76 407 47
137 395 69
133 424 58
13 322 11
31 184 86
53 154 93
58 495 11
65 85 83
23 326 17
245 329 79
204 440 52
96 114 87
358 465 50
310 413 74
9 470 70
132 439 27
20 460 44
366 481 65
380 443 18
271 418 65
46 199 54
218 296 80
225 282 18
94 408 20
18 290 43
368 495 47
139 303 58
418 451 39
17 420 1
166 456 82
112 484 41
82 194 66
104 461 52
357 385 45
133 375 57
12 268 55
386 406 92
45 133 89
384 481 92
39 458 67
9 188 89
380 404 37
191 232 59
204 248 6
88 101 53
416 435 49
377 448 74
74 391 14
143 178 88
377 427 41
168 374 85
28 370 47
134 319 84
77 280 41
327 485 69
127 235 99
227 302 72
40 72 51
5 156 41
123 148 32
215 358 75
292 313 93
132 331 87
68 207 56
37 127 59
206 300 12
150 454 98
250 487 97
317 406 69
157 423 99
3 121 10
236 403 93
184 418 77
272 463 96
109 250 95
332 452 38
153 372 88
284 329 40
153 188 37
150 210 53
45 109 20
104 333 76
23 199 64
35 108 74
21 51 67
21 229 85
249 427 69
181 253 62
16 345 2
106 348 18
118 472 38
471 486 97
388 410 58
39 197 57
75 206 46
52 66 29
178 329 87
312 362 17
46 258 25
2 468 71
346 362 95
310 483 98
37 94 90
100 248 73
403 499 78
43 321 95
33 148 87
321 437 68
178 390 68
379 497 15
257 349 69
38 398 68
29 114 95
137 388 84
222 350 33
313 449 94
204 465 79
75 120 19
321 419 13
398 440 66
466 470 5
131 480 12
112 278 60
29 397 100
412 414 35
146 216 94
101 173 51
106 109 92
141 237 34
67 108 68
106 266 9
393 451 4
84 326 20
41 482 87
197 352 76
215 272 13
200 386 21
159 342 69
145 452 68
235 431 9
155 180 24
249 375 82
98 217 47
180 301 14
261 268 33
55 231 76
182 296 62
306 319 43
26 480 45
110 423 28
28 432 79
62 269 70
107 432 16
74 461 31
203 439 89
242 404 25
71 108 44
189 291 95
132 214 83
287 382 51
125 394 55
264 387 85
75 393 2
463 471 55
2 112 41
301 389 66
333 365 17
51 471 89
370 481 35
193 358 10
67 224 69
106 264 21
141 181 29
93 341 91
92 384 81
117 322 54
103 197 11
61 310 61
273 385 8
146 233 19
33 389 22
167 345 91
382 479 23
202 481 80
257 472 32
89 200 41
197 238 78
45 287 98
95 207 11
30 353 54
267 334 86
142 281 47
310 317 2
276 406 70
41 100 49
293 358 79
54 142 27
168 433 42
79 218 92
391 460 32
212 398 16
12 432 84
70 252 72
200 208 11
108 420 76
212 365 86
82 217 53
61 145 91
320 330 55
115 292 62
26 160 26
92 458 43
175 213 84
80 182 61
458 499 84
10 407 10
255 308 53
72 356 24
157 339 66
203 252 95
24 482 69
322 495 61
67 473 53
118 320 48
33 104 33
85 151 93
58 401 52
163 262 10
5 268 33
36 72 83
115 386 100
421 428 60
148 373 48
113 183 40
180 387 81
209 307 3
75 84 22
173 349 59
111 344 26
3 322 65
452 490 20
148 288 19
228 338 34
230 429 30
295 301 11
17 419 22
359 480 47
98 113 80
198 369 53
103 198 15
10 491 48
366 446 52
17 210 98
120 148 92
251 279 93
202 261 78
393 400 61
71 78 18
231 288 60
141 444 33
71 123 58
71 381 15
278 410 79
68 135 33
211 444 19
46 474 96
455 473 59
98 273 49
333 482 69
106 195 40
208 410 26
145 259 90
244 318 81
334 357 68
115 364 25
9 436 2
128 406 29
162 196 99
87 492 75
387 394 1
281 374 80
49 497 72
387 445 42
48 489 96
19 118 84
332 429 39
122 300 35
329 382 33
108 130 86
81 311 74
428 482 88
92 354 48
276 372 53
322 355 40
176 307 73
239 425 13
57 286 80
62 314 57
16 260 73
131 471 19
176 262 100
61 275 42
123 146 26
241 486 43
313 452 91
116 299 87
90 203 17
281 413 94
97 372 77
444 449 75
56 350 97
248 472 87
308 437 33
203 325 11
175 195 17
212 243 50
189 367 94
22 142 34
135 324 67
222 353 94
55 213 37
225 434 24
61 78 11
43 116 58
22 402 24
256 403 56
147 480 82
272 433 10
308 381 8
323 487 35
246 313 10
195 221 97
222 267 38
242 349 1
23 174 32
384 460 51
187 432 57
108 495 32
357 362 43
98 299 87
95 177 17
192 229 70
269 419 25
83 88 86
217 381 9
48 255 94
26 60 24
73 312 86
59 235 93
58 376 29
340 409 61
22 238 25
36 265 1
273 294 29
302 488 9
27 331 71
187 453 11
107 358 26
286 428 64
54 119 92
71 329 54
103 156 69
207 461 65
225 345 14
68 328 17
110 259 61
23 159 61
131 149 77
125 309 31
227 284 41
160 390 26
150 161 48
40 259 30
50 196 56
64 485 26
113 460 64
171 394 78
134 353 15
188 411 27
324 444 17
29 304 93
329 392 31
129 340 67
152 177 46
193 327 21
74 104 72
178 241 15
250 330 6
67 170 13
135 349 100
182 390 52
95 384 18
201 327 24
43 84 14
240 474 41
95 268 38
123 248 92
443 461 9
216 450 41
199 482 37
29 277 27
104 131 73
231 491 95
137 302 32
297 428 19
323 393 8
90 359 33
70 148 7
176 462 64
37 157 87
68 208 91
49 421 9
266 355 1
165 446 97
58 146 76
59 257 82
58 418 73
78 479 40
379 418 2
398 402 25
55 202 86
140 303 79
287 419 9
210 225 36
63 277 64
140 175 84
104 115 39
44 109 53
121 378 26
31 135 43
408 419 32
361 383 85
301 336 60
98 131 12
78 114 28
203 378 18
87 230 57
190 357 8
71 295 54
22 57 77
39 239 3
110 419 14
370 465 21
186 425 74
48 147 11
6 131 88
351 421 94
272 294 19
68 299 20
71 238 95
100 101 99
307 443 100
260 497 93
14 385 7
24 236 16
143 263 68
170 348 25
183 481 52
267 300 31
41 439 19
25 210 89
10 239 87
224 280 83
83 242 97
85 290 44
409 464 13
231 324 42
37 286 72
61 462 65
129 252 16
35 251 58
127 176 36
102 428 35
181 435 45
87 487 92
56 240 81
105 189 10
134 273 76
20 141 23
190 463 73
380 438 70
36 179 31
111 129 51
282 360 89
371 424 48
132 172 4
61 482 27
132 376 2
210 249 7
467 472 51
42 129 43
57 430 15
41 302 12
15 305 90
35 487 6
60 234 16
159 359 21
32 174 23
281 460 32
413 474 50
314 463 88
132 173 62
29 364 62
253 382 64
117 472 42
52 288 29
184 478 59
36 274 69
55 163 57
59 474 23
45 482 41
72 376 69
38 89 59
334 370 17
197 382 9
123 478 52
277 344 40
110 151 30
18 263 8
46 278 58
274 432 32
304 359 61
318 475 65
91 321 74
184 473 24
13 71 68
187 278 9
114 280 3
364 433 20
168 497 48
224 392 98
104 390 57
156 424 100
48 61 59
174 309 29
182 286 79
224 418 69
322 479 77
299 382 77
70 211 53
203 434 66
20 216 27
338 356 60
392 421 46
159 174 52
59 313 19
38 162 6
10 195 90
83 327 76
263 297 83
366 450 54
55 461 40
215 242 33
11 72 16
89 491 77
136 180 48
128 301 24
119 486 94
58 476 36
9 176 39
19 183 70
88 230 11
178 427 86
94 161 57
251 452 93
30 306 20
16 330 5
225 462 93
121 318 20
86 421 91
93 248 51
125 261 72
272 457 48
68 93 38
17 58 80
432 459 16
9 287 38
53 107 88
224 373 75
32 440 91
207 437 99
233 483 26
438 499 57
271 388 99
330 340 24
145 167 45
57 184 68
152 221 53
197 215 26
195 205 29
388 399 15
114 143 38
252 313 74
24 190 44
226 460 12
241 327 47
82 129 9
19 372 46
15 131 12
126 283 78
278 429 16
461 477 98
262 288 98
252 464 57
11 188 34
337 341 43
145 357 61
42 176 51
31 93 96
70 398 81
5 308 48
188 439 31
199 252 74
315 325 86
200 261 14
61 336 74
66 439 8
91 389 70
96 267 94
88 370 82
56 229 85
176 407 6
128 405 28
12 277 45
327 433 81
150 231 100
28 39 11
391 433 37
381 420 41
46 72 54
17 44 43
253 438 18
114 365 38
151 454 88
373 447 99
68 375 19
17 91 25
87 359 19
289 382 97
101 208 81
260 428 60
114 468 71
11 89 49
310 407 89
163 181 66
112 406 7
56 113 39
198 487 93
371 484 2
405 460 42
214 431 52
185 396 57
386 455 72
460 492 22
70 151 17
184 488 70
58 483 99
36 255 11
355 373 78
116 181 67
165 207 83
24 333 96
267 273 63
234 424 99
213 288 92
83 346 69
314 378 28
232 390 72
49 386 27
346 389 94
132 347 74
33 497 14
5 93 48
130 200 15
203 332 61
34 475 94
17 431 49
16 177 88
203 374 89
230 449 22
92 278 27
208 421 10
256 496 76
124 220 74
79 111 71
223 235 90
49 68 49
124 366 53
22 203 13
215 223 24
388 430 87
97 210 84
214 498 5
235 379 31
183 341 41
187 490 69
107 250 14
90 215 69
313 389 43
58 77 50
36 326 63
57 409 69
0 405 94
362 381 7
19 333 12
154 456 99
196 487 47
57 241 27
9 430 79
250 373 30
69 137 8
342 412 89
61 177 10
112 375 14
179 487 6
354 415 55
9 397 34
43 175 61
126 460 65
19 155 17
62 478 34
20 116 47
93 446 52
312 360 98
176 323 40
340 456 40
278 468 54
208 271 34
153 164 29
70 390 40
280 389 77
82 89 11
285 299 30
244 298 27
50 283 66
386 414 24
59 158 69
27 166 47
382 464 77
349 351 51
175 341 74
327 378 28
199 239 25
57 398 2
98 114 80
19 292 58
357 428 10
227 249 5
62 440 31
24 435 6
65 385 36
265 284 43
41 304 27
91 409 25
71 217 52
333 499 39
79 292 39
196 497 49
64 98 46
122 305 5
336 480 54
149 197 49
343 391 2
19 55 37
3 42 72
71 395 6
227 390 92
13 56 4
134 356 33
40 422 37
110 345 46
95 449 93
15 51 64
296 389 28
162 458 59
174 391 7
57 415 1
24 299 48
167 201 74
125 267 84
257 375 6
274 327 73
32 179 82
436 477 54
107 429 75
128 153 55
384 490 2
37 266 11
395 475 45
443 479 18
55 152 46
4 23 100
30 317 72
153 345 88
52 153 49
141 280 83
44 160 20
174 352 80
251 324 32
194 198 48
144 185 31
305 496 69
202 311 82
40 416 49
37 99 44
294 436 18
73 212 50
240 415 11
134 246 64
267 468 93
56 345 68
57 315 87
70 317 92
352 366 27
37 362 91
155 177 98
198 257 27
203 330 34
318 442 4
288 318 50
115 369 1
443 445 80
161 432 31
367 407 67
4 85 44
273 388 91
132 169 66
134 307 5
194 339 11
137 377 86
67 83 66
188 213 83
264 410 80
192 350 13
332 431 94
161 482 74
378 380 35
57 85 74
59 148 60
22 49 90
110 326 37
93 409 8
90 147 68
96 342 59
120 264 38
15 178 79
149 479 91
256 327 64
154 476 39
312 321 1
233 329 38
44 236 2
0 414 79
97 329 17
9 151 60
238 412 5
103 134 25
177 382 39
88 214 92
127 471 95
252 485 2
138 362 20
415 446 34
197 446 41
121 170 7
189 239 47
165 393 74
224 243 3
167 463 9
4 235 43
93 121 21
71 224 1
160 370 21
60 70 70
375 414 35
40 41 71
301 495 55
240 272 25
148 251 48
423 440 75
277 380 7
128 341 68
2 177 87
232 284 61
137 358 94
66 477 93
56 308 94
24 150 60
254 427 7
269 283 88
230 419 53
151 443 57
322 338 26
57 180 9
70 139 49
53 240 10
114 197 37
239 453 79
154 266 8
141 425 13
110 291 76
9 35 35
99 453 95
124 128 72
146 230 74
82 195 82
2 251 54
284 483 49
285 381 53
154 484 31
151 445 51
316 361 26
58 228 76
302 327 44
296 481 84
18 68 94
205 269 53
2 464 49
71 101 96
178 186 72
238 289 32
14 254 62
370 390 22
100 244 2
417 429 17
12 132 31
52 447 95
56 272 35
159 176 2
31 140 11
2 367 73
34 298 16
210 310 95
339 459 32
357 371 48
38 141 16
18 164 30
71 495 21
280 493 69
401 431 35
51 403 24
432 497 10
170 387 87
374 431 46
4 337 91
120 288 97
377 455 62
86 435 59
404 443 91
258 375 13
60 388 34
18 156 15
194 195 95
338 407 4
334 388 47
7 106 70
106 275 79
63 414 12
195 249 12
50 355 27
52 319 81
239 438 61
16 71 77
300 436 84
322 461 34
230 316 85
332 435 46
53 297 80
366 413 14
183 260 80
279 323 8
31 377 13
110 441 50
244 482 29
162 352 6
257 454 76
167 460 76
1 7 14
304 333 12
109 480 61
78 448 18
90 121 63
75 323 68
29 495 59
237 375 68
145 177 28
135 442 14
152 285 68
198 376 97
176 282 21
205 485 56
83 441 59
52 422 76
61 474 44
75 183 54
151 368 17
49 131 49
85 463 94
280 334 92
234 444 15
183 272 3
110 184 64
21 321 63
155 158 60
89 196 60
186 498 38
86 404 2
425 475 58
448 470 30
382 484 46
5 324 99
44 292 76
181 408 12
154 496 44
33 75 48
77 466 41
157 299 6
0 416 31
183 267 88
92 445 89
88 173 78
199 359 2
45 275 74
290 466 74
150 223 63
13 191 68
216 309 42
102 350 15
232 379 13
147 439 97
186 463 65
64 483 47
99 480 93
2 61 51
96 431 64
15 218 19
355 460 36
326 379 79
182 381 11
49 417 17
184 425 18
85 390 76
13 234 49
272 406 39
317 402 9
58 64 64
362 460 48
41 269 92
51 141 15
56 309 24
105 480 2
127 242 14
18 369 30
23 68 22
2 68 84
118 220 7
136 339 92
222 332 63
315 348 36
34 358 4
335 396 17
7 194 62
357 445 32
343 408 30
120 127 21
297 430 100
10 140 60
96 332 91
58 183 55
17 223 8
161 321 18
4 33 92
97 304 73
314 435 33
446 448 34
373 401 100
161 499 5
97 239 79
11 378 75
212 430 86
142 360 31
25 191 20
172 216 3
222 306 67
5 73 80
400 453 77
18 488 7
329 471 57
191 324 77
62 63 48
71 223 16
27 397 44
376 424 63
7 497 64
184 415 92
65 126 85
43 359 4
121 222 79
115 135 99
47 214 1
92 381 26
273 403 57
33 426 68
13 80 26
255 343 76
37 55 61
165 257 34
161 180 97
39 195 48
48 493 10
141 329 9
8 344 2
137 213 85
253 421 69
468 470 61
17 50 31
109 273 65
210 229 9
259 378 58
89 406 86
388 498 51
17 221 93
15 379 68
52 121 68
188 389 16
131 298 16
148 377 5
115 352 67
345 392 76
202 358 87
68 116 67
139 328 20
23 448 6
272 274 41
344 444 41
58 346 37
150 427 71
416 445 74
459 483 10
234 375 26
30 190 52
96 178 56
418 488 32
226 253 26
67 438 24
7 52 54
145 249 37
130 462 65
211 391 23
57 94 23
340 434 72
335 425 41
63 118 63
241 287 12
286 301 19
108 362 82
121 138 19
431 499 34
81 335 66
228 260 46
157 290 58
297 408 29
309 370 46
156 435 73
86 314 21
0 381 38
282 356 71
76 406 81
178 437 3
189 208 66
343 426 79
217 289 83
113 466 96
184 487 54
138 496 31
41 69 33
143 443 68
138 230 3
90 184 46
13 455 89
272 332 3
131 442 12
203 396 88
251 485 19
223 248 45
98 414 30
50 188 19
15 112 7
145 287 23
72 429 43
148 413 51
4 241 65
192 498 68
108 339 51
329 415 10
250 458 55
101 389 29
257 264 59
247 267 56
152 495 17
22 233 90
222 396 36
86 359 57
426 485 53
77 272 19
313 412 29
154 173 99
374 421 5
54 196 91
136 341 34
153 175 65
59 269 48
282 359 64
254 454 86
318 471 59
43 396 50
120 263 78
101 146 60
324 355 59
72 374 13
241 385 42
17 246 45
327 418 44
155 293 89
360 375 30
62 255 69
39 309 53
179 475 90
197 339 98
0 257 13
185 258 76
246 292 21
128 379 30
428 442 15
294 351 65
1 266 89
281 397 15
169 394 56
110 132 31
131 159 46
19 231 53
34 290 75
162 332 93
227 378 47
379 473 48
100 145 78
72 128 28
3 399 88
196 284 16
98 360 97
50 213 21
95 443 79
80 374 87
70 441 40
63 338 91
3 22 69
307 436 85
185 376 54
88 246 62
451 478 83
234 463 25
179 432 99
47 491 90
33 229 27
3 86 24
37 479 9
45 480 17
230 336 49
48 201 1
0 97 50
109 416 40
153 219 62
268 271 69
294 494 30
288 305 33
228 240 53
197 290 35
81 132 96
97 140 18
53 403 81
186 204 6
271 344 83
162 238 14
14 383 22
34 261 26
227 370 19
54 259 28
315 357 47
82 489 79
407 408 9
369 412 33
208 257 12
107 261 97
368 453 36
211 445 83
149 218 14
177 292 73
86 188 20
113 420 67
199 249 27
44 62 27
233 315 60
361 395 43
75 161 36
11 86 4
253 420 75
154 246 45
101 285 40
63 331 49
251 330 66
6 381 73
15 368 40
248 491 66
123 461 91
394 494 74
19 437 15
357 426 14
348 396 59
19 370 89
325 416 75
431 457 62
312 379 27
18 414 31
344 470 59
294 337 9
410 491 26
181 493 60
146 439 2
69 163 20
69 460 51
18 38 33
345 364 66
221 275 55
363 407 32
238 318 13
307 465 86
437 482 39
57 308 49
239 406 86
114 210 48
154 475 17
55 325 30
173 327 66
30 60 64
157 230 91
188 277 62
197 206 33
99 303 75
262 436 33
44 240 69
181 299 23
464 474 35
63 388 89
299 461 14
122 476 38
159 300 88
86 117 54
1 345 67
187 363 73
177 324 37
244 454 23
96 115 99
178 297 90
279 288 36
3 205 26
111 454 12
3 498 23
363 373 27
268 372 29
283 378 67
16 269 66
130 453 98
375 381 40
74 241 18
334 492 99
377 499 84
105 133 68
84 100 12
127 381 5
236 298 22
2 308 4
21 234 11
375 385 68
75 396 74
37 40 29
25 181 53
129 227 38
357 496 89
65 121 12
206 254 21
89 92 49
29 316 48
46 398 53
97 381 47
358 492 99
129 379 87
191 368 5
87 304 20
193 485 75
52 478 5
269 309 95
304 474 32
282 435 54
167 194 69
101 453 4
302 363 93
8 251 95
169 489 13
332 485 65
252 290 4
45 271 61
25 57 84
289 321 9
37 327 7
166 480 66
279 415 56
71 193 47
41 274 58
114 235 25
260 272 2
200 314 97
213 480 87
411 453 53
199 408 19
105 413 50
39 304 54
81 200 91
26 100 80
269 443 1
111 493 8
345 491 68
144 376 11
146 315 79
174 329 76
135 475 56
176 481 25
245 312 77
178 322 5
340 424 76
172 370 81
158 486 20
417 446 32
145 307 2
38 200 96
60 281 5
371 377 63
50 161 32
10 320 51
293 390 83
46 495 58
119 293 82
136 437 38
385 401 33
314 406 54
81 167 81
190 291 82
239 385 8
31 425 11
188 454 36
33 157 43
249 307 42
401 451 39
40 128 88
332 356 82
272 386 6
244 449 25
122 311 32
432 474 80
89 360 78
364 456 56
358 381 10
229 279 19
46 285 94
10 483 46
94 487 41
378 412 11
276 479 63
191 467 35
299 343 59
8 49 24
19 486 73
165 456 7
186 228 62
335 386 59
117 125 27
106 388 54
25 430 8
13 325 38
126 188 99
121 388 54
122 291 49
207 303 59
26 353 8
55 133 36
123 339 57
49 474 70
106 470 59
144 309 47
76 118 73
132 387 70
52 379 2
105 432 73
351 354 45
382 410 31
0 72 18
258 303 95
177 276 16
240 324 16
117 436 40
92 208 70
188 441 48
92 377 86
163 407 60
252 499 46
316 386 17
83 164 74
38 354 38
164 387 84
28 252 70
104 219 25
1 78 16
208 393 72
283 360 3
158 215 11
200 367 73
356 445 13
101 200 95
128 310 57
199 444 51
3 165 39
21 433 91
320 453 42
137 208 8
121 296 73
328 448 17
404 432 84
76 422 32
173 400 74
140 277 85
169 376 15
26 491 69
277 493 4
128 173 72
190 364 99
109 270 23
257 357 85
66 273 56
210 358 60
431 462 1
95 122 61
284 422 79
136 322 65
81 251 46
344 394 65
258 462 37
417 438 47
271 334 83
254 494 65
56 331 59
197 452 8
223 342 38
198 333 60
44 60 65
131 205 99
220 236 67
103 466 30
157 390 13
115 415 92
340 447 21
27 197 71
215 322 77
266 451 13
180 469 90
44 417 51
239 259 33
328 439 87
170 294 9
340 344 37
174 177 23
399 482 17
157 181 70
63 291 5
256 486 71
220 317 68
425 460 64
202 397 91
151 395 5
159 339 80
140 172 1
243 361 10
99 136 55
19 87 6
349 449 65
182 325 19
33 219 53
287 335 33
129 444 15
195 411 86
4 12 41
215 423 30
113 443 13
36 389 61
241 465 34
81 259 33
24 424 89
160 360 28
18 274 47
27 364 97
110 322 61
9 211 80
48 250 26
23 427 25
117 182 71
87 306 8
59 481 1
12 347 57
32 477 13
16 146 36
20 202 63
96 125 78
127 473 80
225 328 36
19 132 38
312 449 97
181 209 77
200 415 99
285 333 11
161 458 25
21 434 58
213 265 60
305 492 90
360 399 79
116 255 42
481 486 42
5 29 13
37 143 39
140 451 96
176 215 16
285 351 88
146 155 52
11 461 4
339 359 42
162 277 90
86 364 3
150 328 19
185 440 73
144 388 45
129 341 7
81 459 92
67 151 22
50 247 40
194 484 63
272 376 14
157 178 49
103 202 75
136 177 57
56 78 91
36 119 12
150 348 17
58 279 45
131 341 98
31 341 76
51 150 7
217 302 18
74 305 15
345 434 12
240 409 70
45 246 20
204 470 8
429 442 77
274 443 23
51 119 82
74 207 59
373 499 31
12 248 7
131 199 71
165 217 59
261 497 74
326 426 45
387 418 86
14 114 57
272 425 75
10 258 45
213 389 81
71 333 70
153 402 85
20 284 14
287 356 37
13 373 81
155 443 14
114 432 100
135 157 100
196 399 65
274 439 57
32 482 3
161 260 55
213 257 75
16 459 57
32 111 32
440 444 3
372 403 47
12 194 8
287 320 2
67 348 67
2 233 24
20 244 38
12 321 46
402 414 59
169 494 22
16 312 84
341 358 91
55 273 8
109 395 88
138 293 88
85 457 51
299 347 100
112 207 7
249 336 98
166 168 38
301 431 32
52 100 31
10 77 36
183 217 37
64 162 49
175 232 34
104 254 75
278 454 1
166 418 99
88 346 46
8 218 37
53 207 67
218 429 72
20 80 81
425 439 62
405 447 97
79 150 30
212 348 13
72 123 59
286 376 54
387 447 87
33 279 58
83 444 43
121 411 78
11 276 58
187 208 38
1 18 5
141 165 5
194 477 16
30 253 56
27 147 98
107 271 92
198 296 79
205 435 66
318 490 31
61 421 96
115 151 82
38 105 95
238 305 49
59 113 23
56 199 3
404 476 68
324 435 84
196 334 51
340 478 59
308 427 40
370 379 81
29 197 26
28 351 68
145 151 83
286 458 27
245 370 78
17 376 70
45 407 27
256 287 21
103 291 42
356 403 69
263 472 88
17 483 68
72 102 61
364 457 73
259 358 50
10 422 28
77 425 53
152 489 35
372 435 52
132 388 41
47 451 73
51 113 36
321 464 16
293 450 82
357 466 8
69 219 94
49 55 42
44 157 12
115 312 70
69 305 47
102 206 69
276 318 64
291 297 30
141 273 50
217 322 37
165 278 24
344 497 82
255 478 44
20 394 33
480 487 19
117 118 87
378 410 47
263 335 64
25 440 13
169 242 22
120 440 77
60 423 12
176 370 55
83 207 47
334 401 73
162 215 28
134 270 9
70 453 67
160 345 65
450 463 3
158 292 56
235 382 83
347 438 68
187 422 38
143 300 83
26 318 27
173 389 10
185 374 39
227 256 55
289 387 85
36 338 31
414 462 97
15 398 15
39 395 65
119 334 86
221 446 4
42 458 6
198 354 63
14 46 24
291 309 35
189 394 76
167 430 89
307 480 55
114 128 99
163 408 10
85 343 19
123 156 80
220 366 89
209 335 32
46 167 81
315 404 26
182 400 41
135 328 41
317 383 6
47 414 3
83 446 9
148 457 79
130 152 9
212 452 17
50 452 36
35 373 69
265 298 24
53 172 22
64 357 79
264 424 50
72 175 6
240 285 14
55 67 49
407 477 43
180 296 20
67 144 8
227 341 8
184 270 70
2 319 69
56 426 40
80 176 21
255 295 60
21 270 51
60 89 100
36 147 27
31 386 34
187 258 38
408 459 37
78 157 53
39 211 18
245 367 95
206 313 81
271 408 64
81 288 13
274 453 60
5 38 3
294 463 95
25 85 29
106 458 31
7 95 12
19 354 51
318 370 90
187 482 91
36 474 47
105 137 18
378 398 98
214 486 69
418 490 30
108 317 82
134 187 89
45 307 91
456 492 28
242 432 55
4 372 6
191 339 74
125 361 4
62 421 36
86 136 42
357 412 51
85 336 6
139 319 12
201 270 30
97 301 46
4 208 56
80 181 21
277 463 80
104 345 38
379 392 19
4 210 24
73 473 35
63 128 57
150 400 61
0 285 81
182 244 31
348 472 92
44 112 94
248 403 90
167 286 38
368 388 30
322 337 5
73 460 60
389 392 96
221 285 21
167 263 49
287 452 43
16 41 38
214 404 94
87 402 17
251 403 44
141 438 63
231 495 76
179 459 49
188 432 69
152 432 40
77 215 32
32 101 77
240 373 53
70 124 73
31 188 86
159 423 47
61 262 35
207 237 88
82 218 95
79 116 86
50 491 27
243 321 87
420 489 29
8 474 85
52 241 7
6 152 11
44 340 78
27 240 32
71 487 94
308 385 45
39 243 59
76 229 68
94 389 5
303 402 34
377 456 69
15 120 69
365 469 81
114 312 50
348 354 2
64 305 84
159 285 5
162 171 91
178 491 14
15 277 25
142 202 97
22 27 51
78 146 55
82 91 57
6 375 53
42 65 24
58 62 31
185 408 38
121 453 10
54 280 65
118 305 55
6 238 98
266 393 89
255 407 37
204 424 26
304 439 36
280 409 96
292 448 60
331 392 25
63 410 76
114 411 7
281 347 83
340 368 6
134 220 55
240 444 76
10 89 60
26 72 28
33 204 1
250 322 86
80 437 44
40 159 61
173 373 26
198 332 4
199 378 85
159 175 72
6 96 90
258 486 13
112 466 19
195 486 1
185 262 23
157 288 91
155 269 23
86 477 47
170 231 23
68 238 72
82 436 92
121 497 92
33 126 67
286 424 50
49 271 59
256 463 48
75 278 75
259 289 94
21 60 30
120 209 20
6 372 4
77 407 4
27 124 1
124 346 98
98 255 25
200 287 26
147 336 100
69 177 2
210 279 84
286 330 73
297 308 52
396 471 90
64 376 77
256 425 30
186 465 76
78 457 69
11 90 6
68 171 87
439 461 35
344 479 29
317 444 52
228 367 29
14 251 21
290 348 24
62 87 62
71 135 99
23 485 18
67 169 20
320 477 41
291 482 10
290 484 95
104 165 48
265 342 14
74 498 42
286 384 61
6 401 58
109 111 81
187 427 72
7 304 12
113 471 92
48 297 45
38 275 99
448 471 66
163 266 42
356 418 82
279 492 21
105 475 2
47 460 80
261 422 12
128 272 86
279 436 14
28 265 77
47 408 30
285 408 64
74 295 89
26 222 24
250 419 71
261 316 93
1 179 61
123 394 29
239 305 67
435 480 42
0 124 62
231 377 25
233 340 22
325 383 100
234 446 11
120 178 29
29 268 29
54 250 14
142 341 89
82 450 70
121 387 55
401 406 87
191 427 88
56 464 78
138 197 15
217 229 5
71 371 36
201 248 65
82 399 33
85 137 66
379 420 67
237 438 32
23 499 9
71 299 4
145 241 47
345 436 38
154 391 36
179 493 74
82 253 65
306 460 6
38 265 35
377 454 46
142 174 3
27 342 70
288 314 8
68 407 12
5 261 69
260 347 88
117 298 87
12 393 5
206 255 92
84 232 54
67 410 33
315 409 95
91 237 73
246 276 77
29 319 92
127 188 47
32 335 41
293 331 99
369 394 8
192 415 51
109 361 87
166 432 25
160 182 5
151 343 27
324 419 94
359 427 32
179 481 89
128 202 65
485 490 76
370 452 55
202 264 93
0 175 43
43 100 86
221 469 37
333 428 21
311 314 76
37 237 89
295 361 45
306 425 99
192 421 7
189 322 39
319 457 37
27 476 77
9 162 72
89 246 2
220 280 52
118 221 78
75 441 52
290 392 46
2 342 69
113 287 72
155 319 51
211 486 58
132 389 87
133 445 19
38 385 90
5 313 7
127 441 100
128 354 34
189 334 59
322 446 93
128 281 4
170 268 41
138 268 50
10 102 85
323 332 79
211 357 47
114 129 78
258 482 24
372 477 23
396 441 21
32 135 33
27 88 57
201 349 84
300 395 7
109 115 27
313 466 84
1 447 10
84 240 89
43 141 27
100 331 74
149 309 82
301 453 24
322 373 20
6 8 78
179 267 78
164 418 87
63 185 17
248 281 15
347 415 82
219 233 69
167 432 36
43 87 52
352 405 27
5 372 36
34 440 79
190 308 94
228 312 84
391 422 37
58 233 70
72 306 22
28 340 4
348 398 80
200 310 35
308 490 93
328 467 81
277 359 78
433 482 84
26 194 38
188 302 9
151 378 2
404 410 65
302 318 45
247 419 87
470 480 85
56 298 35
112 455 63
241 347 62
17 25 63
281 407 55
201 321 49
348 491 52
83 300 12
117 212 19
26 410 7
77 83 26
126 145 78
355 466 33
93 465 88
245 472 5
432 434 54
144 262 78
158 242 76
1 100 27
73 233 33
89 148 6
115 144 91
25 158 54
125 460 30
327 481 9
219 317 19
312 405 100
203 207 94
29 221 57
447 461 59
129 378 94
223 395 82
157 321 97
206 478 44
162 414 21
135 326 39
227 332 18
31 350 37
33 241 98
58 138 48
317 482 62
248 384 75
307 481 21
17 347 86
61 454 3
154 306 51
70 284 2
48 63 93
60 294 81
83 307 11
164 476 31
57 274 99
151 430 18
3 471 10
36 371 84
21 473 51
184 272 83
15 472 88
69 341 56
314 384 35
0 358 33
24 276 93
372 451 83
152 452 77
219 397 49
205 436 45
262 471 93
116 275 64
93 483 79
256 261 73
218 380 10
189 391 6
88 256 47
143 413 24
210 322 50
69 95 59
353 396 100
128 357 97
51 400 78
196 408 9
107 287 23
85 256 73
277 363 68
300 334 19
340 341 18
127 484 99
189 299 92
192 348 86
190 478 41
0 37 90
123 427 18
175 217 12
145 466 52
133 272 75
209 413 71
103 421 41
427 490 13
85 379 87
76 356 72
40 387 38
221 242 71
35 199 44
44 200 1
1 308 38
180 202 94
71 114 32
237 355 36
293 418 38
117 461 1
293 337 79
104 494 91
79 475 23
192 424 8
356 417 23
53 348 62
214 456 76
189 359 74
32 151 59
253 485 64
10 100 58
145 482 63
145 269 85
137 258 72
18 455 31
169 287 41
195 355 51
142 222 84
355 498 49
17 241 33
26 437 31
71 219 56
237 470 50
22 227 64
192 473 34
51 225 70
79 412 70
58 140 40
24 69 52
48 301 81
254 390 43
154 495 37
201 499 43
53 145 63
40 241 41
289 480 78
202 383 27
282 459 35
25 172 5
498 499 61
348 367 13
261 265 68
198 232 8
58 88 73
61 360 32
194 444 49
80 468 34
37 303 19
100 374 77
155 368 92
192 468 34
6 123 90
369 408 33
101 114 11
35 47 65
79 423 10
279 421 11
60 338 100
215 263 35
29 43 47
5 292 29
222 247 33
188 413 99
194 416 95
128 479 94
102 237 82
230 478 54
2 320 18
87 411 92
27 483 94
78 453 85
178 179 25
235 321 59
186 372 98
91 219 39
96 265 7
165 214 7
63 487 22
31 164 33
0 195 21
89 241 3
243 380 83
15 140 8
212 351 13
311 331 94
100 283 4
128 326 11
41 249 88
362 434 94
398 486 86
24 334 40
125 345 41
283 494 69
37 357 59
331 489 100
181 367 25
95 168 23
255 403 3
276 459 87
174 233 78
209 304 39
140 233 78
150 450 3
180 377 19
9 385 92
214 327 52
117 444 50
44 265 23
202 225 39
277 408 85
85 115 12
117 455 35
83 99 56
105 321 3
259 374 72
73 465 25
108 498 76
159 275 18
461 478 29
369 481 15
18 73 27
283 415 12
101 425 19
93 334 78
319 448 3
137 361 28
59 262 14
197 250 3
373 445 52
237 402 64
278 367 61
421 424 30
15 456 34
291 350 1
211 369 70
205 304 15
55 262 30
110 111 53
148 180 81
114 498 59
80 260 11
27 444 98
96 163 6
355 475 26
385 423 42
206 448 96
47 352 33
254 392 97
20 301 12
12 15 72
290 462 45
33 200 56
427 453 34
131 338 19
188 252 80
378 472 4
80 129 84
105 308 96
243 366 16
50 63 29
77 440 21
87 423 68
271 384 6
289 449 84
229 417 62
17 408 89
97 312 54
88 379 40
18 362 39
33 496 70
67 278 73
69 186 89
329 352 68
86 286 5
64 79 35
245 333 17
267 351 14
83 92 59
219 497 51
250 446 52
241 418 73
96 418 6
38 53 80
173 397 12
239 280 15
124 360 82
160 414 77
74 182 79
210 497 1
110 205 11
287 305 62
9 476 31
14 469 64
7 422 23
29 203 27
177 341 8
178 256 54
6 16 67
337 425 99
476 488 89
252 354 18
148 290 66
286 430 33
150 265 18
170 466 41
61 364 52
402 486 62
89 136 37
147 227 84
191 397 99
111 140 33
98 341 26
1 81 40
248 392 93
144 245 63
226 495 98
115 308 82
10 312 97
238 246 42
137 362 18
383 428 36
157 240 98
13 429 62
254 479 81
116 455 38
153 350 66
114 315 97
405 495 5
56 301 49
47 339 12
132 493 63
161 204 78
5 320 65
116 266 99
226 466 79
55 485 34
22 116 73
260 401 25
312 475 66
115 380 59
103 449 93
48 491 40
277 411 75
3 40 48
302 441 80
97 365 5
59 283 68
345 351 29
126 325 30
385 392 39
154 479 35
21 493 3
42 415 39
18 450 56
241 256 30
234 247 8
2 371 70
239 313 71
150 388 56
2 486 51
18 264 47
354 413 53
45 333 42
396 463 79
397 496 82
279 341 55
398 409 73
48 364 45
7 379 28
133 428 8
191 479 12
138 429 83
62 204 7
133 416 83
81 315 52
100 256 50
86 378 65
67 445 87
286 432 73
213 372 50
141 291 68
44 370 79
40 371 80
98 178 89
12 258 6
56 250 63
137 287 19
152 181 35
53 105 19
304 305 4
97 217 100
313 499 90
169 319 45
404 451 48
78 224 100
327 387 84
26 338 82
104 186 8
222 388 33
44 205 19
128 345 29
255 341 80
402 441 46
223 258 100
177 192 24
291 320 42
430 459 44
235 300 36
243 466 76
142 166 91
74 380 52
119 487 22
147 361 81
107 399 42
209 450 44
105 184 31
119 490 28
401 461 4
104 304 100
86 463 44
101 262 55
63 488 93
54 74 31
393 468 54
11 336 29
305 329 3
285 469 94
32 480 32
118 475 11
269 479 85
173 462 48
210 243 93
13 216 66
255 338 57
27 310 28
33 365 42
27 128 62
138 187 30
95 481 28
11 135 70
172 483 20
239 465 17
117 265 83
371 496 34
65 179 4
37 382 79
161 182 69
308 491 38
371 383 74
163 202 99
169 190 50
52 476 46
292 468 74
5 89 37
379 439 45
277 386 23
412 487 3
9 213 35
212 403 23
110 364 74
462 473 4
281 360 76
131 212 90
270 330 48
269 296 100
452 456 12
46 320 36
319 487 24
2 139 62
278 494 94
53 463 53
320 326 21
203 350 27
410 411 1
160 296 69
120 459 20
0 466 81
81 231 9
94 312 75
78 356 35
266 323 45
96 252 90
154 180 40
92 365 28
115 222 76
265 275 25
237 475 96
181 410 37
127 258 84
467 493 77
3 439 47
84 300 9
181 440 83
138 157 89
326 416 86
57 458 98
141 312 78
34 78 47
118 463 50
392 463 19
61 106 13
13 307 45
120 401 29
60 428 86
305 316 94
175 311 68
36 336 20
142 368 13
292 351 55
114 162 93
449 495 60
39 444 20
338 464 26
228 419 83
219 308 40
8 335 87
180 435 75
70 324 68
54 207 68
133 293 53
142 224 3
249 466 57
239 451 46
143 479 23
144 261 45
344 487 88
26 300 93
181 430 53
218 330 27
321 486 81
139 153 46
86 475 64
216 234 93
262 321 52
232 358 43
336 370 26
273 419 15
99 315 44
271 443 77
216 221 70
294 421 32
98 351 46
11 423 92
368 431 84
2 32 37
158 380 70
65 355 70
6 335 99
232 407 59
213 254 32
238 389 68
141 465 60
52 371 72
34 437 16
191 428 26
8 10 92
70 340 58
8 361 56
356 391 75
99 188 62
285 337 75
48 124 5
121 392 39
11 353 68
207 272 17
127 146 46
249 298 94
291 378 72
117 181 96
268 429 96
179 443 50
283 394 21
72 148 88
145 421 14
85 424 46
85 147 9
37 415 48
102 477 16
298 355 72
227 386 59
214 239 5
259 379 84
308 463 47
69 300 66
184 433 26
179 380 59
168 257 86
298 482 36
49 465 35
39 375 85
133 378 82
184 374 40
5 357 77
204 425 4
32 211 84
73 178 35
257 413 77
65 320 2
160 338 92
347 458 63
307 334 24
355 477 20
279 308 27
361 410 42
106 440 39
148 274 33
66 446 26
44 211 4
32 149 37
111 313 3
123 428 36
240 315 66
85 109 20
45 145 94
17 327 90
23 225 21
200 228 95
171 315 67
412 420 75
145 430 77
133 335 79
177 258 78
311 385 70
152 438 13
207 480 38
141 398 66
45 77 1
202 292 45
160 453 63
41 142 18
334 433 54
121 356 60
214 400 66
91 146 20
107 168 2
2 480 21
181 381 1
39 358 51
188 309 50
47 264 2
318 409 65
444 481 6
203 387 70
335 395 83
304 390 46
189 404 85
147 166 20
415 438 65
195 440 13
271 313 1
42 186 57
44 89 3
179 471 46
125 274 97
220 343 95
335 450 56
58 99 74
5 395 34
218 469 77
62 484 37
81 425 26
136 469 2
160 191 49
116 206 10
61 481 37
140 343 74
273 426 53
289 485 98
81 334 10
428 458 6
442 459 28
162 336 29
198 449 48
67 415 12
139 221 10
125 146 67
100 303 42
91 274 16
14 328 98
128 484 12
157 280 2
11 349 85
21 314 55
175 481 91
69 436 84
239 328 34
180 357 52
233 351 44
56 132 90
219 265 89
89 429 36
397 427 24
111 144 74
0 112 85
22 209 42
35 186 38
118 155 8
360 450 60
289 497 73
74 404 11
18 364 32
289 467 92
335 421 13
388 395 68
50 456 32
151 251 4
53 316 30
32 329 29
183 361 19
37 236 54
6 210 38
127 410 48
272 410 93
65 259 37
34 488 53
1 426 31
310 318 67
214 489 41
76 392 36
385 464 76
376 470 76
413 460 62
187 361 48
388 442 87
155 317 49
92 457 54
286 361 65
236 303 26
133 134 19
225 485 53
285 440 71
57 142 64
72 308 38
455 481 5
319 398 53
30 407 37
184 454 63
133 248 99
200 329 31
61 102 99
180 258 25
68 435 66
22 485 96
418 476 74
58 402 67
326 468 22
194 426 71
205 402 28
58 229 23
81 253 65
279 450 36
225 250 11
66 443 68
229 237 98
231 360 60
357 495 59
104 113 36
119 213 38
263 487 25
197 369 89
189 395 43
173 381 79
350 411 56
219 469 58
277 449 63
107 223 19
336 342 5
113 236 49
318 449 38
136 320 43
5 119 56
6 18 9
229 392 97
32 327 9
34 247 64
97 375 40
11 228 47
25 42 33
52 85 72
226 346 50
68 91 26
33 391 28
307 329 31
208 324 83
153 476 83
4 188 25
32 449 59
145 221 83
177 414 83
100 277 53
62 74 83
321 393 65
313 407 27
273 432 1
27 218 6
22 394 86
285 461 76
18 467 75
352 422 17
103 468 9
169 426 24
57 386 15
187 438 64
29 74 1
247 355 10
148 379 7
336 387 37
138 367 26
99 341 28
237 344 13
13 466 64
32 275 21
184 283 64
312 423 49
114 304 44
124 155 63
124 239 81
347 401 81
348 481 61
251 469 8
222 232 49
116 420 53
30 354 49
44 398 2
159 287 56
51 485 36
25 460 39
236 494 93
115 202 43
280 364 89
281 390 76
16 82 39
214 366 79
400 447 3
168 344 11
248 278 54
161 166 94
438 478 51
200 243 60
260 351 89
66 230 36
193 488 53
141 316 77
183 258 57
174 484 4
229 280 20
188 423 52
236 297 55
252 394 89
408 434 66
373 403 59
47 442 5
79 439 60
273 470 83
72 189 49
49 147 14
361 476 34
9 276 65
96 357 99
213 455 4
27 426 20
151 492 97
334 463 77
105 183 41
216 337 23
88 485 74
12 246 22
284 482 71
2 31 75
153 314 19
325 433 42
8 252 93
347 355 76
157 389 70
381 467 51
84 370 21
145 414 86
84 335 43
187 491 58
167 293 88
28 273 47
261 297 51
241 432 67
206 462 16
395 463 48
387 468 16
10 138 10
192 428 32
111 243 46
458 466 98
143 459 41
257 465 88
280 288 88
62 99 49
147 351 72
38 476 56
69 394 90
244 333 80
118 334 10
348 474 12
0 146 63
145 489 26
196 360 90
191 423 97
113 187 79
39 480 68
264 308 5
141 401 13
349 464 35
11 213 96
26 358 60
81 391 67
25 363 59
340 405 85
91 262 20
105 283 14
100 385 39
305 351 45
115 383 9
275 430 18
265 474 58
189 384 44
367 387 69
155 386 65
370 482 88
231 379 14
178 479 28
161 292 61
203 204 5
136 157 5
173 304 85
60 200 42
106 141 64
29 139 28
91 309 40
21 66 12
81 433 18
57 439 27
135 363 29
198 358 83
402 499 80
143 248 32
150 320 55
36 440 17
235 351 36
245 369 14
12 156 37
301 426 98
168 323 96
94 366 85
310 492 12
35 134 44
96 144 21
245 324 50
145 381 13
464 488 14
310 422 96
205 355 80
64 131 15
3 317 77
9 322 86
18 19 95
156 449 4
20 413 6
144 386 84
1 43 43
56 90 15
349 489 33
111 447 50
475 490 86
239 318 48
300 303 44
62 291 21
211 477 57
138 486 91
11 490 82
483 491 11
85 312 67
214 283 14
118 165 97
74 466 16
322 455 96
188 434 20
36 207 43
92 125 10
137 254 36
271 297 57
119 287 62
84 312 91
22 271 51
57 316 44
304 475 23
185 366 88
277 392 95
78 79 53
65 173 48
322 435 24
86 312 23
1 252 91
249 400 34
365 432 27
295 419 40
71 346 82
36 355 39
33 264 26
382 458 91
123 299 93
181 428 34
35 272 33
128 438 16
148 473 68
102 355 7
337 442 25
78 299 90
65 286 100
0 46 7
234 301 68
1 261 37
39 431 41
248 452 18
75 445 1
86 258 68
244 395 19
43 352 18
42 288 49
288 434 12
194 352 91
10 449 41
160 166 41
105 250 39
298 323 1
80 363 36
40 314 83
2 195 32
24 488 38
139 435 81
150 206 34
210 260 20
68 178 81
363 467 4
35 256 82
297 361 44
36 121 30
105 486 73
38 357 38
151 279 86
195 363 94
264 429 10
9 494 39
340 343 75
44 264 3
267 362 95
90 228 31
74 150 100
23 244 35
10 213 43
183 454 12
116 348 67
24 116 5
99 391 40
123 292 13
49 200 87
5 471 85
319 480 40
437 467 91
205 226 49
20 29 86
72 230 29
336 462 27
138 260 33
254 463 27
0 330 70
171 418 81
479 488 41
154 385 25
39 471 97
16 114 25
26 71 73
306 461 8
144 266 70
256 332 19
108 170 34
173 419 13
122 459 93
145 237 38
25 65 97
54 145 20
199 457 42
398 421 26
86 427 17
230 468 70
191 496 32
136 337 51
173 363 34
221 478 35
47 412 19
259 477 85
367 499 73
172 224 85
173 315 67
21 283 48
146 356 48
115 158 77
291 410 95
9 467 11
126 151 9
150 477 25
42 158 16
21 380 54
177 359 91
198 381 37
16 206 32
188 189 4
135 221 16
11 119 35
96 423 34
19 499 29
264 456 60
160 336 28
333 441 38
196 489 73
189 306 35
81 429 22
266 413 39
7 295 10
81 225 69
220 402 85
263 390 47
277 373 53
334 445 4
114 448 42
185 221 83
20 338 46
40 80 62
305 384 24
254 484 58
10 425 16
115 466 7
257 404 57
28 446 56
34 377 92
79 265 17
113 292 50
181 243 97
256 446 96
10 215 12
275 311 75
250 405 18
115 359 46
126 205 12
284 397 4
74 106 76
126 473 21
15 155 59
125 295 33
94 367 57
57 60 76
227 457 6
263 496 19
455 496 61
196 326 62
32 455 4
408 442 76
143 454 100
377 461 32
325 489 57
287 451 66
48 176 41
114 348 88
123 360 39
92 473 46
9 179 20
266 409 100
19 102 4
34 376 65
21 40 13
192 450 89
167 258 92
58 436 36
212 409 75
39 169 48
239 363 73
110 497 84
96 466 90
227 498 67
