500 5300
0 6 2
6 7 30
7 24 46
24 26 75
26 34 18
34 40 16
40 43 19
43 44 2
44 46 94
46 49 19
49 60 5
60 66 3
66 69 60
69 71 83
71 73 77
73 74 2
74 78 37
78 90 9
90 93 19
93 98 48
98 101 26
101 103 38
103 114 80
114 117 25
117 119 92
119 124 31
124 135 58
135 138 75
138 141 16
141 144 42
144 146 98
146 153 1
153 159 27
159 172 54
172 176 85
176 178 43
178 180 100
180 219 67
219 220 36
220 228 73
228 229 60
229 232 51
232 234 22
234 238 11
238 247 52
247 261 76
261 266 93
266 270 33
270 273 38
273 282 86
282 283 19
283 285 55
285 296 17
296 298 30
298 319 18
319 320 67
320 321 73
321 332 73
332 333 5
333 335 65
335 341 76
341 348 12
348 356 98
356 361 18
361 363 89
363 370 58
370 371 22
371 372 62
372 375 38
375 380 10
380 388 47
388 396 71
396 406 70
406 417 45
417 425 76
425 428 76
428 429 88
429 433 98
433 440 40
440 446 33
446 448 90
448 460 98
460 462 78
462 463 21
463 470 37
470 471 69
471 472 14
472 474 49
474 480 71
480 488 4
488 499 29
255 440 70
229 348 19
213 416 25
118 173 37
386 420 49
68 465 93
109 331 88
18 365 32
103 113 91
76 353 1
56 337 17
66 421 38
215 251 29
151 244 60
16 364 49
295 357 78
0 331 42
325 472 16
104 355 97
59 396 45
190 235 52
19 310 65
323 363 16
452 469 89
58 429 25
372 452 99
137 481 86
59 199 86
20 253 55
323 417 93
209 223 38
351 395 23
67 464 30
160 174 94
182 406 16
212 249 78
186 414 45
51 174 81
13 242 9
76 320 79
89 169 10
112 295 6
8 292 98
462 484 11
180 318 62
249 398 92
271 354 41
189 319 19
93 445 13
41 475 47
99 217 46
112 437 27
420 488 29
238 256 51
178 403 52
258 286 33
106 349 68
124 333 58
166 497 24
340 403 50
37 179 78
93 179 11
213 412 49
5 284 41
110 338 12
22 487 18
158 431 88
68 290 34
319 471 38
84 493 51
24 289 45
169 328 7
259 309 49
46 446 79
110 276 37
423 427 95
136 163 8
213 482 98
98 105 16
59 338 97
258 458 9
101 120 29
201 295 88
9 98 76
195 208 63
194 217 79
64 248 21
11 152 26
263 343 73
103 433 93
5 304 90
100 203 14
136 238 68
180 337 6
332 407 43
116 173 96
116 213 51
13 329 24
50 282 31
149 167 14
18 184 44
123 497 64
33 297 42
133 364 87
170 447 49
56 441 58
80 319 18
116 408 23
291 397 10
391 435 94
276 429 41
219 224 87
76 322 30
43 196 26
90 254 1
86 216 67
418 431 60
130 308 26
41 74 74
287 293 28
68 416 82
241 342 22
89 473 32
240 482 91
32 220 25
30 207 14
280 487 25
224 467 80
212 230 83
25 50 27
73 161 53
206 224 43
418 499 41
402 404 77
140 223 20
257 281 58
349 465 10
454 474 71
222 342 1
184 379 63
112 301 81
206 336 9
149 391 82
1 333 10
167 368 19
71 291 39
433 473 49
53 162 74
127 384 2
334 341 6
144 448 77
16 475 71
312 329 32
62 148 63
332 447 34
106 275 65
334 476 32
52 169 5
40 64 35
15 352 82
169 330 17
395 428 64
213 339 32
20 243 41
59 111 84
111 130 88
95 248 46
301 360 30
159 385 3
236 340 89
127 496 59
116 257 39
169 428 67
146 310 36
138 385 65
139 443 16
52 116 14
493 499 18
25 476 45
30 418 6
209 476 84
328 421 63
314 413 32
72 357 81
436 451 57
412 488 76
46 162 12
245 444 35
169 179 21
144 253 36
157 408 10
86 155 20
399 479 23
240 425 45
346 460 56
62 278 49
144 438 82
89 208 71
280 414 62
301 432 64
54 323 42
191 487 69
387 455 67
230 338 22
45 62 93
21 387 69
197 488 82
163 431 55
31 209 95
140 411 30
479 483 54
92 247 74
96 105 2
426 483 13
167 399 5
152 490 85
255 453 91
61 171 78
167 425 64
109 207 77
174 391 22
249 396 32
405 420 34
292 475 44
228 315 25
200 247 19
183 266 89
54 270 7
433 479 39
211 277 55
402 437 23
157 475 64
212 341 56
41 343 95
384 427 43
152 254 71
405 497 96
8 25 68
310 331 78
48 492 70
333 433 32
91 128 98
133 344 87
449 481 68
224 299 77
63 445 35
185 457 32
26 287 81
37 118 46
180 333 44
108 332 24
17 316 23
339 436 32
371 432 77
172 367 18
14 76 94
226 340 54
130 445 31
42 382 4
160 207 72
156 201 24
216 457 38
289 422 86
405 478 87
130 305 52
92 380 8
110 230 73
289 351 76
1 60 70
209 241 71
130 196 92
100 295 45
165 351 46
130 405 72
142 294 41
144 264 57
201 338 31
211 224 21
304 439 43
347 383 22
10 351 73
218 435 38
146 252 56
9 65 2
67 391 3
160 487 58
275 339 62
108 291 9
25 494 10
249 480 89
146 415 58
328 483 57
177 286 35
63 481 23
130 374 41
121 252 46
58 334 44
427 467 21
284 385 37
169 322 47
12 69 22
60 425 91
129 198 54
114 425 85
296 309 72
207 387 72
203 394 8
214 494 81
72 100 62
135 144 3
304 347 17
410 435 11
91 337 38
148 461 3
148 182 84
58 76 87
255 456 81
40 317 90
15 310 54
61 172 90
226 274 51
179 373 32
171 358 6
4 33 8
22 121 80
266 378 19
83 495 77
86 441 14
156 355 20
84 231 22
217 378 95
255 418 40
159 458 64
433 459 94
217 311 43
248 347 51
63 152 4
132 298 14
116 459 33
193 204 2
7 336 95
194 263 51
121 164 21
214 378 16
326 444 15
217 397 9
117 260 29
324 340 36
56 436 5
111 409 79
197 291 50
159 297 19
319 468 94
28 361 64
161 324 45
83 145 100
72 266 90
42 74 68
262 404 70
66 211 47
260 298 18
106 281 76
307 458 37
103 183 81
230 433 70
91 467 33
254 316 88
81 430 4
36 160 100
110 242 72
65 95 49
303 471 83
163 376 1
176 350 19
444 470 52
64 294 90
225 428 93
59 226 67
40 455 18
304 458 4
341 358 51
172 340 8
104 236 50
38 295 28
148 303 7
167 319 64
275 283 75
119 194 61
177 342 40
257 384 37
96 395 40
76 410 41
179 314 76
126 482 69
52 215 88
138 277 91
27 362 61
217 285 24
62 149 12
117 244 43
296 443 43
337 366 53
37 274 22
408 476 27
58 349 1
262 264 5
67 304 8
82 375 82
27 302 99
38 393 57
297 397 92
63 357 76
118 251 28
150 294 28
407 444 34
160 306 21
264 399 46
311 333 63
386 496 61
342 360 68
125 366 30
24 27 97
103 342 81
189 242 92
225 414 75
282 436 54
141 329 96
170 465 84
321 485 15
331 418 18
244 467 96
105 168 63
130 361 33
51 402 84
186 230 52
66 77 38
97 340 84
250 461 7
57 321 17
123 358 65
175 296 43
117 335 91
462 472 85
64 408 92
400 481 20
238 275 29
55 64 25
344 423 20
126 395 40
230 287 71
269 401 9
66 236 38
291 414 60
65 111 19
449 469 14
261 396 60
219 451 55
453 456 7
131 200 40
63 473 24
199 417 6
83 345 60
113 148 52
190 287 54
229 246 84
294 401 10
343 359 47
43 190 28
31 498 8
192 194 11
106 343 7
93 113 80
8 49 86
319 485 90
114 359 14
54 116 77
205 480 7
149 202 9
81 273 97
15 393 25
32 129 91
430 496 36
258 444 90
342 362 67
134 176 6
466 472 7
342 417 44
453 485 45
192 193 66
245 283 99
32 461 49
339 499 69
286 363 6
178 230 64
263 468 33
219 499 82
36 267 37
342 397 41
14 254 31
47 111 31
95 238 70
138 463 89
185 362 30
63 165 45
96 452 52
177 364 73
149 248 26
222 252 55
370 443 24
19 385 70
36 456 10
129 391 2
114 438 97
25 268 43
391 411 35
272 308 1
119 461 100
89 225 96
133 168 40
47 63 23
9 208 43
166 220 72
264 312 34
136 412 68
34 436 48
283 402 37
2 205 45
17 304 24
318 375 6
92 320 11
240 434 29
259 421 1
141 231 72
383 464 86
122 403 16
148 260 31
59 220 23
152 497 55
65 235 11
252 326 91
79 312 21
147 454 37
213 404 48
180 348 40
10 63 40
30 119 69
399 493 66
297 320 28
457 468 97
398 422 3
47 347 74
315 452 58
50 468 25
87 275 69
2 297 5
352 407 77
330 411 39
166 455 67
211 308 44
2 327 97
272 481 23
42 287 51
297 443 46
89 136 8
0 468 14
132 429 13
311 424 66
59 442 46
13 389 39
250 254 80
323 478 68
141 418 90
93 460 58
310 414 64
257 417 69
56 377 49
29 166 58
76 125 52
7 376 46
54 368 90
93 128 95
139 392 89
134 380 81
55 170 94
179 417 73
97 469 11
232 332 80
117 450 93
131 346 40
142 330 82
90 131 45
251 298 30
268 311 75
30 191 38
149 396 65
195 228 67
157 307 48
106 247 27
218 314 64
128 360 27
171 209 56
185 219 78
373 421 23
274 293 6
297 456 1
353 400 18
262 473 4
202 234 67
10 36 86
308 417 45
83 132 3
22 375 53
249 351 44
247 335 56
267 421 80
260 473 87
264 471 62
110 170 1
51 481 88
67 137 21
225 491 13
94 125 90
186 499 40
267 385 30
100 390 8
87 133 95
158 438 91
355 395 28
23 70 5
278 404 52
265 425 16
129 281 51
60 286 92
224 423 15
392 472 46
172 331 53
254 282 85
132 266 83
143 461 56
243 308 37
2 369 9
165 355 63
300 415 93
97 175 68
52 168 38
64 159 13
82 248 23
31 431 91
12 249 66
141 159 95
201 405 69
110 375 51
145 408 93
248 394 20
166 219 30
68 324 31
65 453 32
367 414 48
32 410 95
65 99 50
255 356 82
402 473 87
111 453 39
124 416 67
379 394 4
371 408 42
210 464 55
493 496 6
165 452 67
31 130 74
371 457 38
58 284 28
209 456 68
10 101 88
20 298 72
218 357 38
153 187 67
106 346 35
0 1 48
144 339 98
442 489 91
273 318 45
86 142 17
74 236 100
140 151 42
148 497 13
163 357 97
23 278 4
279 430 99
333 415 93
171 475 83
12 449 94
67 295 23
188 429 7
152 341 62
234 363 31
230 267 34
184 190 10
162 224 45
163 265 55
381 425 8
191 453 89
239 299 58
126 466 57
102 351 45
247 368 20
151 308 34
324 420 30
223 374 27
3 321 89
2 67 60
396 474 44
284 348 77
17 285 90
270 387 1
36 291 69
322 478 5
63 215 30
152 194 54
29 132 28
135 459 23
251 472 96
92 275 47
6 116 9
187 230 38
254 360 70
28 486 59
361 455 29
51 499 15
57 396 13
191 409 43
25 404 42
51 495 74
73 147 40
272 480 85
18 471 44
76 366 38
294 359 96
68 206 43
44 368 28
26 119 85
95 392 36
262 289 14
205 315 60
203 345 17
450 488 29
123 486 60
28 175 5
303 339 52
91 115 78
111 405 57
195 417 83
13 250 83
2 453 99
311 443 2
150 363 71
87 354 2
342 365 58
376 457 80
56 256 64
26 315 98
25 304 99
265 404 28
159 374 18
96 373 24
144 156 66
251 337 99
259 364 35
119 218 97
52 172 54
99 243 57
258 479 54
366 439 36
287 345 9
82 408 49
28 393 96
140 359 45
81 338 37
296 299 52
203 340 96
54 476 3
81 349 25
77 227 100
61 355 49
1 279 73
12 173 37
116 253 65
376 446 13
80 433 29
143 260 14
306 417 74
243 441 83
22 191 15
278 302 85
40 61 17
362 385 12
98 463 94
114 157 39
304 382 12
10 190 24
19 59 55
145 192 84
250 273 11
112 488 63
97 341 21
39 431 43
107 241 48
320 442 40
20 233 79
32 366 54
52 463 9
101 176 36
380 496 30
256 300 46
320 463 24
56 93 31
68 250 61
72 342 80
117 278 38
219 422 86
136 414 68
53 241 34
434 473 76
0 393 41
122 281 41
255 469 24
328 440 62
24 480 85
92 146 38
174 442 34
259 371 88
274 295 80
16 181 1
314 483 17
428 437 73
206 498 71
139 357 82
57 418 58
283 418 24
190 274 54
312 422 19
263 493 48
127 167 29
110 341 35
215 334 57
161 438 96
432 441 62
216 247 64
136 322 69
322 456 85
7 419 90
10 463 5
144 312 45
114 182 84
118 255 70
196 494 27
123 388 38
91 137 16
75 430 31
4 212 72
130 392 52
36 265 39
292 354 55
51 262 49
15 246 72
223 349 52
70 303 30
458 492 36
20 169 87
430 455 100
269 373 100
34 298 98
270 277 7
370 403 6
59 63 58
205 377 31
80 84 48
24 413 54
55 442 52
70 304 92
88 148 25
25 123 67
189 215 14
159 277 93
90 197 58
28 451 70
14 97 8
163 194 58
265 327 50
429 441 86
245 402 33
166 255 69
382 426 73
355 467 5
245 272 40
132 250 1
262 498 74
193 490 74
60 62 64
1 109 70
50 340 14
33 46 72
182 451 67
55 305 95
0 209 18
27 344 45
85 164 34
91 442 51
136 301 32
77 304 65
309 449 86
342 398 99
200 233 79
381 420 13
83 496 75
341 448 54
52 159 43
79 184 7
321 353 45
183 258 78
25 282 52
172 401 68
467 484 15
67 140 36
112 405 11
34 212 82
28 287 20
484 486 51
60 462 14
4 269 6
189 275 8
50 171 85
178 334 92
135 190 80
247 283 47
153 198 12
293 404 72
42 75 99
491 495 76
85 462 95
209 282 97
66 204 6
488 496 57
36 97 98
61 369 6
399 496 21
12 212 65
40 331 70
182 338 52
315 345 73
80 331 17
407 484 17
119 315 26
82 418 75
42 417 12
45 186 20
110 166 93
70 337 3
241 491 4
253 315 72
8 186 90
421 458 34
453 496 22
113 339 7
115 289 99
261 450 67
389 439 43
232 333 92
333 408 64
80 116 86
43 75 5
203 334 1
44 353 93
10 339 29
27 365 46
50 413 61
59 397 40
97 466 3
337 489 35
106 472 3
325 498 25
361 384 57
41 367 94
156 426 41
310 361 11
90 147 11
252 479 76
101 424 26
300 416 98
410 420 70
51 173 19
67 496 71
150 394 86
126 348 96
285 360 91
43 246 33
324 429 29
356 371 2
3 346 99
322 481 54
23 24 97
338 365 13
197 374 63
234 328 55
46 195 23
313 384 47
116 297 84
44 105 83
226 462 21
33 357 18
264 474 20
116 256 5
110 395 94
131 414 55
252 318 65
12 25 30
53 210 2
172 387 12
28 34 37
73 260 47
176 474 89
347 430 24
202 261 30
215 342 49
222 497 93
21 96 93
196 207 59
187 237 12
265 462 85
206 274 71
14 186 21
215 462 66
172 348 25
150 262 9
65 194 27
35 330 89
66 403 8
279 354 69
278 464 54
354 447 68
40 185 74
81 210 98
69 439 53
46 174 18
237 490 38
225 449 17
88 197 13
315 374 37
62 376 87
106 316 54
76 454 99
292 488 79
253 304 19
101 367 7
80 88 16
301 393 53
16 348 47
53 67 76
308 365 67
126 498 100
125 347 54
5 395 26
373 484 90
179 490 72
66 390 73
195 427 77
84 278 1
110 467 100
12 260 87
278 493 91
99 387 84
93 360 89
18 125 57
38 333 43
98 262 57
108 119 59
360 392 8
85 460 71
77 102 27
407 449 53
13 313 85
273 477 33
274 466 57
383 493 79
48 452 31
384 409 98
291 447 33
302 331 16
40 408 85
179 351 37
25 461 73
128 241 28
166 405 99
24 387 60
27 286 58
456 488 61
134 237 93
10 314 69
266 366 67
28 360 3
193 389 50
396 409 81
111 172 86
334 458 22
50 84 13
183 493 100
244 456 42
340 435 13
70 310 92
20 68 97
49 197 30
204 361 16
318 400 37
189 282 25
445 470 21
13 419 72
117 457 44
48 180 100
10 95 87
231 255 28
284 338 33
331 333 10
107 230 46
399 476 81
106 363 96
174 263 30
151 382 36
67 405 12
147 304 19
201 333 67
149 299 85
184 426 61
59 206 33
290 368 87
87 499 9
251 252 6
449 498 85
110 420 57
211 429 56
91 251 52
2 296 24
19 354 39
149 310 62
374 422 82
9 85 28
30 384 79
225 488 72
401 413 39
161 359 94
309 311 26
358 445 70
151 358 36
118 324 98
152 416 16
64 107 16
259 299 46
199 461 67
323 340 3
47 361 83
282 386 45
300 315 4
24 54 8
147 291 19
170 292 95
149 285 19
188 490 21
7 279 99
112 167 93
5 64 53
77 490 83
102 385 81
337 383 98
193 232 13
69 406 100
152 282 30
400 419 49
220 367 24
290 493 42
363 440 20
131 491 23
158 264 6
349 490 45
189 491 93
207 245 66
85 191 45
84 311 9
101 162 7
281 355 96
147 410 81
10 387 3
105 143 62
223 286 95
170 412 64
128 309 54
318 388 51
293 462 76
251 478 90
37 237 77
117 427 59
169 443 11
187 212 11
88 283 95
4 55 23
350 468 25
261 410 61
23 477 77
262 441 18
409 458 61
111 499 7
34 118 11
124 447 46
378 431 97
265 460 35
34 110 33
114 309 84
112 318 77
1 51 73
237 456 83
147 218 91
177 283 62
376 483 9
118 474 16
56 195 55
126 270 37
38 88 39
23 280 58
254 255 100
478 483 66
206 342 49
449 466 65
118 254 48
165 485 61
147 348 62
1 344 24
230 406 7
31 282 79
9 216 65
177 346 77
91 354 38
94 222 38
255 422 53
225 233 24
443 475 13
311 394 66
251 459 7
244 445 96
79 118 69
192 264 56
165 177 86
40 395 31
442 460 19
248 312 22
348 429 12
45 111 40
355 403 66
55 143 97
95 442 23
20 377 15
80 372 91
145 375 62
3 417 74
255 280 23
245 299 25
215 440 4
299 492 20
363 425 4
143 352 56
299 466 96
111 481 42
157 234 4
51 240 78
199 454 47
303 448 64
19 304 84
287 303 55
15 358 29
182 328 70
20 414 6
350 430 24
224 281 74
26 376 72
65 338 26
47 359 39
320 458 12
95 365 24
303 320 49
39 248 91
274 326 5
115 140 50
161 203 46
235 402 57
215 265 35
218 306 76
292 322 23
361 474 38
38 179 60
58 136 81
34 428 37
238 380 87
78 152 29
345 425 35
249 451 40
367 465 37
6 19 1
153 459 20
79 80 16
37 136 25
164 463 25
3 169 50
422 425 10
37 403 69
115 164 95
253 351 78
245 320 63
287 397 86
192 347 44
3 143 14
229 323 93
107 151 76
269 301 32
19 218 49
405 474 17
144 477 33
45 328 24
182 478 49
172 475 65
103 263 1
91 265 47
76 161 93
183 217 58
344 458 32
62 109 90
5 187 45
9 267 60
217 393 28
462 479 65
390 466 33
43 438 30
315 494 70
256 344 30
229 339 65
88 495 88
42 115 92
188 302 1
96 473 88
168 371 40
99 307 87
354 481 48
207 374 25
343 459 77
297 441 63
362 429 11
329 353 87
27 376 87
191 446 21
341 353 71
422 454 67
164 339 74
62 188 30
274 330 80
86 436 76
31 352 96
168 184 74
46 381 26
424 499 21
332 386 86
349 448 26
100 333 89
110 453 58
24 316 25
103 401 50
6 255 85
124 154 33
259 433 28
161 370 73
331 487 37
118 450 38
299 407 15
46 285 96
310 354 74
48 199 50
204 288 71
17 494 68
86 223 22
190 392 34
411 421 18
324 384 17
69 465 53
66 193 62
102 456 63
382 389 92
136 147 68
222 442 64
356 385 79
9 205 27
258 293 69
39 453 65
37 201 23
100 234 64
413 462 23
328 464 42
485 490 31
98 251 63
341 406 82
301 317 61
45 161 16
306 432 49
172 474 6
151 175 43
63 423 68
301 493 15
407 467 100
125 475 62
107 457 2
247 378 92
233 452 48
267 386 28
199 497 4
362 458 41
203 235 86
201 388 15
315 455 35
328 362 70
9 95 16
96 394 99
202 497 5
14 77 1
126 182 69
42 295 64
19 263 75
308 453 6
115 391 6
297 477 7
286 384 3
470 478 36
104 330 10
4 470 56
192 478 55
191 291 38
16 128 27
94 286 1
287 290 34
288 314 9
256 493 82
399 467 81
274 298 12
377 410 42
111 444 40
20 458 41
158 349 19
5 492 32
206 364 29
219 247 83
11 332 19
100 300 79
264 433 31
155 168 59
250 482 39
184 343 75
198 379 80
273 335 1
110 167 4
46 436 12
53 413 77
275 310 93
1 357 59
16 60 61
15 337 80
3 200 95
51 95 77
241 447 48
64 244 65
373 468 88
0 178 3
361 409 53
127 380 59
43 447 80
213 248 38
64 268 85
236 498 6
330 486 78
18 63 21
275 448 38
414 496 94
280 440 57
310 493 100
224 461 64
50 359 32
64 448 64
164 453 27
91 282 92
43 56 94
133 408 68
13 445 31
318 341 15
40 49 6
143 495 88
139 247 98
221 360 60
167 278 94
299 325 43
314 460 97
274 388 51
22 451 84
42 328 27
384 401 74
194 282 55
211 359 42
397 405 31
78 215 63
257 484 98
32 231 35
255 448 83
9 143 22
78 363 27
76 472 47
102 247 83
45 330 55
61 273 75
144 453 41
0 31 40
40 262 27
443 455 1
65 425 94
231 401 69
327 340 45
210 466 28
61 384 9
166 280 18
20 344 48
282 331 79
128 198 45
230 337 17
81 393 18
33 313 49
174 374 90
216 231 13
340 347 47
306 309 45
164 438 70
157 179 47
169 384 98
88 224 62
43 173 18
218 260 99
14 355 16
49 93 11
312 346 24
115 496 52
123 330 45
149 409 13
41 390 21
64 118 24
42 354 29
81 466 85
183 275 73
203 293 29
346 416 2
206 368 40
40 112 54
184 478 9
120 348 84
82 88 85
24 70 19
198 199 62
342 396 4
55 210 52
1 294 27
151 300 85
42 432 74
58 301 93
39 126 57
292 368 34
70 482 76
142 383 40
262 349 20
302 416 59
61 229 92
341 379 56
65 297 52
162 476 63
69 139 7
261 408 90
25 413 40
44 399 73
122 350 3
160 273 44
160 328 89
46 90 6
221 451 91
321 464 24
177 302 89
298 312 56
206 276 40
127 262 34
89 330 50
51 91 89
1 219 24
117 358 82
297 376 96
36 137 88
2 272 17
176 448 100
47 251 26
2 182 39
102 252 40
57 477 1
20 449 97
153 462 31
171 348 13
115 254 45
317 362 100
297 439 10
25 177 3
83 478 27
411 445 36
119 374 78
82 354 81
323 346 70
232 498 55
4 176 62
43 136 2
127 215 90
93 340 71
288 302 81
190 402 30
12 73 39
314 350 68
56 285 8
490 499 22
8 58 55
3 361 70
309 452 74
259 339 64
72 73 27
324 477 62
235 273 35
201 243 16
195 449 60
211 288 77
113 370 15
182 319 72
52 75 56
304 461 28
59 354 71
86 318 90
124 275 55
83 438 19
360 422 36
2 170 68
310 473 45
46 135 98
19 246 23
44 330 36
29 202 92
3 64 77
228 488 27
68 472 96
384 391 56
32 450 37
177 245 28
196 368 27
3 84 45
32 255 71
127 213 14
38 430 22
364 425 61
180 284 83
61 243 94
172 411 13
427 488 26
247 292 94
101 368 51
205 426 91
97 213 45
20 90 99
390 401 47
362 444 95
209 228 24
206 455 46
154 346 46
115 310 91
273 455 33
224 353 26
178 292 67
7 105 58
267 308 5
3 410 85
114 382 54
158 242 42
83 176 89
25 349 86
416 427 91
56 480 44
98 445 21
53 438 50
213 244 4
112 262 4
280 459 87
122 149 17
38 282 95
157 314 94
219 410 62
32 486 48
120 382 77
190 276 64
53 194 39
26 406 18
12 167 86
309 456 81
245 392 62
281 361 25
197 474 74
147 193 71
298 437 57
41 195 31
134 467 25
16 168 10
158 456 14
15 466 8
318 497 15
138 356 17
184 319 13
365 471 26
194 433 52
404 439 66
143 253 3
413 425 51
347 490 87
211 453 84
8 232 38
277 369 24
46 260 83
186 196 64
474 476 47
62 158 33
17 371 43
172 261 94
188 371 21
184 354 18
250 380 5
385 428 45
19 191 80
53 372 99
85 275 96
65 133 44
380 440 67
52 290 47
51 210 12
342 412 91
145 435 88
106 298 17
176 439 22
266 383 92
275 327 27
472 491 100
89 279 87
192 477 38
257 289 48
45 191 24
102 441 28
284 493 81
63 268 8
83 134 97
273 460 1
134 393 78
248 473 84
159 472 34
313 453 19
335 404 42
151 259 50
378 420 67
90 200 41
33 497 60
363 392 39
313 368 44
180 346 2
40 444 51
284 296 35
218 349 60
179 360 95
32 352 25
277 412 32
197 458 46
175 348 11
162 195 23
38 370 57
4 37 13
131 494 65
75 156 50
146 229 59
451 492 76
322 435 73
378 392 27
99 412 46
254 462 99
130 279 96
223 324 37
56 371 65
32 90 45
232 337 80
269 475 85
272 274 60
165 220 18
136 431 2
36 459 33
16 155 28
390 406 73
156 368 29
388 405 55
60 344 31
345 385 20
205 238 57
113 444 2
54 350 85
189 335 51
394 440 72
12 44 13
267 387 88
75 495 41
266 390 8
67 246 56
13 378 47
227 295 89
171 203 71
194 402 90
277 487 93
22 136 14
354 408 69
158 221 74
489 492 79
90 367 49
112 316 75
198 476 36
239 398 37
144 237 83
350 370 95
207 296 36
157 242 7
236 493 70
307 427 67
357 446 58
39 305 83
365 451 27
148 199 95
278 365 60
233 366 43
100 450 80
227 392 16
183 437 85
113 179 6
26 416 82
175 483 78
65 389 49
74 385 21
183 376 5
296 408 98
19 415 47
116 303 80
93 333 42
491 492 20
96 430 37
48 386 67
269 335 23
282 435 62
322 370 22
79 174 61
308 499 36
349 429 60
418 490 94
87 224 41
103 215 13
248 425 19
395 450 40
179 425 49
44 388 39
360 477 27
232 370 67
347 384 19
108 328 75
386 444 47
230 232 76
157 434 69
53 354 57
153 464 10
222 357 14
5 119 28
27 84 96
7 12 51
71 164 24
115 299 40
53 300 35
44 144 89
58 202 3
295 496 47
417 480 57
1 99 90
4 31 94
197 329 50
47 367 86
186 338 61
110 337 84
114 346 13
56 462 12
208 352 53
118 264 17
127 164 3
119 416 76
395 496 7
273 373 38
74 227 75
153 329 13
27 337 76
165 378 50
181 457 32
77 161 48
133 262 35
83 326 100
9 176 42
400 427 42
271 335 96
333 358 60
311 381 98
58 227 66
59 121 72
151 171 17
195 337 57
259 476 62
85 389 2
328 414 68
10 170 80
131 489 65
125 344 26
29 99 41
352 466 70
116 239 73
74 368 40
225 278 18
32 203 15
386 438 35
174 330 24
70 85 56
127 447 39
448 463 91
114 384 83
38 221 20
287 396 6
363 428 41
115 479 95
136 248 90
96 417 76
87 115 48
93 156 25
76 300 54
131 165 3
19 342 16
4 257 97
49 140 95
308 389 75
6 305 12
354 431 94
247 488 8
10 467 24
324 435 5
319 447 100
168 289 14
242 405 89
245 286 21
263 293 41
46 330 93
371 398 87
89 422 51
334 479 28
336 376 28
196 329 63
26 354 57
40 330 62
6 157 74
121 253 59
58 167 23
307 341 60
108 252 68
109 289 42
85 339 78
165 462 95
127 307 93
83 311 46
84 227 27
203 216 33
48 296 46
351 434 62
28 242 13
360 467 8
192 247 85
140 316 89
63 348 25
150 220 62
380 400 21
1 142 1
297 398 27
99 232 49
342 400 62
21 23 14
165 473 47
366 496 42
45 376 27
281 429 34
152 451 33
10 373 52
1 283 12
94 369 29
316 489 9
171 444 15
352 421 33
130 488 41
31 35 35
202 247 1
123 198 61
29 412 73
56 305 70
29 498 19
56 262 46
166 232 59
97 449 17
34 256 46
60 396 32
110 273 12
62 99 33
11 428 37
16 437 14
249 335 9
24 238 94
175 398 23
8 22 99
221 242 57
217 279 45
155 303 74
86 382 93
432 450 69
222 471 42
154 360 25
117 201 60
275 412 33
94 154 90
312 391 73
44 336 8
248 480 32
257 380 96
244 282 34
133 499 85
298 405 64
219 342 32
253 483 18
221 275 55
94 466 42
120 307 45
11 165 29
259 336 72
184 458 87
379 437 42
90 159 68
57 82 2
328 381 100
361 491 48
198 229 13
318 331 29
452 493 31
124 167 59
104 142 7
404 407 83
59 490 63
444 475 23
292 498 65
47 462 24
207 217 7
104 383 78
82 131 99
325 388 12
150 411 23
199 295 98
126 218 60
233 357 78
117 160 49
39 94 91
365 376 76
88 332 6
288 441 45
56 207 16
182 370 28
77 411 91
120 187 12
218 401 40
82 259 53
311 319 59
39 343 55
145 442 74
96 139 72
172 377 52
66 181 95
149 401 74
132 419 37
213 380 22
129 340 91
169 295 32
171 283 44
10 97 60
156 435 59
236 348 60
262 405 97
82 495 41
391 497 74
46 233 95
2 218 92
265 396 70
132 308 35
347 382 2
177 465 37
173 232 55
23 387 4
178 288 31
317 400 55
53 257 41
224 316 43
66 427 60
354 392 25
175 422 32
67 251 2
17 109 48
339 400 51
294 396 13
252 408 27
153 254 80
69 352 27
233 394 21
137 218 82
119 281 100
272 349 27
239 341 60
250 384 33
301 421 80
102 112 20
62 111 48
110 296 4
277 404 63
398 434 1
276 301 50
25 187 56
365 391 54
269 461 9
322 471 86
115 337 45
55 81 90
8 65 6
153 473 10
282 324 93
142 307 40
219 318 13
321 498 41
54 351 52
331 377 28
266 388 42
353 441 68
247 402 29
27 428 92
46 456 23
52 451 6
8 317 28
225 322 75
382 406 100
151 158 85
398 470 73
341 467 12
454 486 9
58 432 69
172 471 94
62 119 84
23 447 86
257 493 9
26 426 48
96 337 74
422 498 50
81 234 34
364 476 70
131 192 67
35 127 3
136 230 31
132 336 13
99 195 37
89 337 57
30 39 11
63 199 79
46 340 42
242 450 42
110 290 5
0 115 20
231 463 18
291 342 94
11 89 69
67 473 87
128 395 74
220 335 53
62 143 84
135 242 4
72 247 55
187 251 14
16 479 4
179 331 39
22 414 80
201 489 63
30 262 65
448 487 30
55 246 36
78 236 75
61 367 18
46 126 12
20 460 38
316 395 5
180 483 44
136 302 77
32 154 53
419 476 65
305 405 91
59 370 53
65 155 40
102 106 81
241 330 75
98 333 68
58 67 67
286 296 9
21 146 24
237 397 2
37 128 8
30 255 4
298 342 39
242 403 88
223 224 38
159 447 42
137 425 62
304 452 69
20 437 20
41 127 65
322 402 61
199 421 52
179 290 25
197 460 98
161 187 27
75 172 54
128 456 72
87 154 26
119 286 75
266 294 50
305 312 69
116 266 53
164 236 59
276 306 26
305 323 26
266 393 40
458 499 50
238 326 1
228 283 8
225 384 88
125 142 30
346 424 14
95 231 63
22 41 14
151 155 68
158 241 2
65 332 78
294 445 99
189 427 5
9 130 28
66 240 61
107 409 55
43 222 41
45 58 7
185 278 67
164 177 30
145 475 47
20 82 2
78 413 1
31 394 41
31 398 29
139 198 51
230 306 85
149 469 69
51 219 84
444 448 70
307 462 27
285 416 16
92 471 47
193 499 40
298 396 28
54 127 53
238 254 26
99 403 55
39 491 62
203 228 52
152 459 19
55 144 11
139 253 63
265 300 71
305 446 82
207 318 24
20 309 23
99 115 11
191 442 37
76 389 70
243 370 44
58 361 40
16 83 43
214 261 34
21 161 56
3 111 61
75 432 51
32 286 89
311 445 18
87 493 79
62 162 17
205 442 3
39 90 41
53 121 65
182 295 55
455 476 50
12 278 81
124 319 19
316 380 42
383 477 32
266 326 35
85 433 2
314 383 50
190 440 26
108 279 50
150 187 40
10 227 17
135 410 68
113 191 48
76 172 81
27 447 59
60 419 46
31 74 7
45 297 78
19 153 58
235 366 93
218 242 93
219 317 13
23 151 16
185 475 55
64 468 38
187 429 12
390 453 3
235 480 40
328 459 29
54 187 36
123 134 44
37 451 64
10 114 74
369 391 97
443 447 27
402 412 93
339 407 61
268 351 44
166 177 55
12 152 42
29 465 93
5 62 2
211 405 43
45 455 34
86 309 24
348 433 47
174 387 65
254 335 75
76 113 38
14 337 3
77 223 95
378 452 63
102 403 33
224 434 67
168 303 73
309 451 76
189 272 96
172 448 87
32 460 64
37 281 54
237 270 98
181 390 23
97 104 98
241 496 18
40 211 61
39 184 25
10 211 4
131 415 67
18 426 93
329 405 64
283 332 66
260 419 62
218 464 98
452 497 30
54 153 27
308 390 75
237 398 62
142 150 48
30 251 58
248 325 37
278 487 39
80 423 2
69 421 45
314 485 86
303 335 47
398 435 86
198 209 84
68 186 21
281 464 90
332 451 74
22 154 43
148 364 65
157 199 68
68 479 87
86 157 25
340 491 34
261 430 16
315 475 81
55 463 33
164 218 80
47 455 19
438 458 39
58 475 81
130 428 84
55 269 36
45 234 55
144 163 22
254 280 68
201 223 26
69 491 3
81 94 97
177 203 78
55 115 39
38 56 40
185 327 13
174 228 67
28 244 19
327 359 99
72 135 3
208 392 89
147 435 18
49 341 83
120 486 98
141 282 8
26 267 46
202 429 40
287 494 59
99 101 37
216 328 75
79 323 59
61 303 28
276 345 46
180 201 64
211 252 78
154 420 21
134 435 22
168 222 66
463 493 71
430 497 36
121 473 70
73 98 89
228 420 80
228 242 98
94 312 22
291 495 36
271 451 34
209 328 12
338 379 96
61 131 97
187 267 49
238 346 78
137 290 41
213 413 58
96 189 5
152 262 57
66 367 23
55 183 3
260 459 38
140 239 59
325 416 26
58 216 66
204 491 55
15 328 37
187 341 21
308 336 91
115 263 98
70 283 29
298 332 45
89 220 4
218 351 56
150 271 96
10 152 33
92 280 69
40 104 85
195 258 75
124 354 95
282 466 92
199 441 48
427 454 34
117 255 51
44 127 18
51 320 41
100 366 71
353 416 75
285 409 39
213 397 64
2 342 15
98 452 31
96 193 31
382 428 23
165 342 15
54 330 100
246 371 11
308 380 2
218 300 8
350 378 33
425 490 30
299 355 79
136 263 16
7 86 61
321 450 31
161 457 83
332 357 38
177 357 89
269 394 1
187 229 34
17 364 100
139 493 60
269 349 46
487 493 73
81 364 61
61 358 11
89 404 58
56 212 82
435 440 96
293 295 32
35 69 41
69 73 3
38 422 91
207 224 69
45 96 47
174 369 68
334 462 4
170 380 22
165 176 81
218 348 69
443 489 42
271 313 30
175 452 60
206 243 8
105 407 30
74 209 23
46 275 27
305 440 17
288 391 90
184 328 8
482 488 56
147 378 34
474 492 86
314 471 56
382 431 96
198 276 25
384 440 37
195 371 8
79 308 63
85 497 43
148 331 66
432 474 2
74 274 15
12 145 31
322 418 91
79 289 74
39 318 22
137 145 56
108 348 76
264 398 10
230 450 49
49 252 96
30 101 15
117 349 84
433 462 97
111 183 38
122 261 39
323 449 89
219 393 9
217 489 96
244 443 73
486 491 23
394 429 87
271 458 15
273 310 99
52 429 25
318 454 51
140 318 75
47 362 47
60 93 49
38 418 12
143 441 74
68 258 36
247 395 12
27 77 13
134 471 45
245 280 75
260 274 90
208 382 88
28 62 29
86 240 68
166 376 66
387 460 33
179 329 47
353 390 66
333 456 36
193 364 45
110 357 74
218 281 75
144 343 68
165 191 71
373 470 84
70 206 73
109 404 10
204 214 21
165 301 41
156 171 50
312 389 84
16 126 82
166 170 80
246 285 94
36 229 32
397 423 39
90 409 35
173 477 72
16 454 67
131 185 72
7 52 90
167 230 8
142 210 26
258 309 1
161 391 43
54 159 15
264 308 63
35 122 84
201 278 29
153 212 86
35 453 80
197 281 12
261 473 68
143 292 91
221 484 31
291 355 52
220 309 1
187 452 62
374 403 6
325 386 35
312 452 34
148 410 83
87 100 16
76 135 76
46 74 34
76 423 2
308 472 43
146 283 24
220 325 74
56 391 54
184 346 1
62 365 84
117 294 15
113 146 74
7 245 70
87 117 25
106 180 89
85 133 81
147 462 69
76 238 47
12 445 86
109 142 71
32 116 30
377 460 2
210 471 99
43 163 19
93 185 18
90 443 22
246 313 15
190 234 65
185 431 31
80 157 63
135 487 24
35 417 22
3 487 92
82 132 32
418 463 92
300 360 39
229 392 62
144 266 76
246 350 46
136 427 57
58 404 60
79 102 76
116 152 36
163 228 46
178 497 40
216 446 91
92 257 24
142 434 98
87 172 19
178 358 53
354 385 83
96 439 50
328 486 51
312 423 72
3 274 26
283 411 96
230 344 50
183 227 8
168 221 45
190 349 42
235 476 69
187 244 79
148 310 33
270 349 96
101 149 84
71 230 76
102 169 59
416 461 71
89 205 76
49 262 71
102 273 58
66 283 60
158 480 64
86 162 34
79 342 53
219 476 27
71 96 20
401 414 72
235 440 16
13 318 78
266 380 80
89 122 86
114 177 67
451 488 86
357 392 93
341 454 21
2 136 86
13 299 50
98 400 51
310 415 100
72 134 26
205 389 11
289 457 48
61 138 28
148 288 95
175 240 88
212 333 87
274 468 40
196 283 73
100 231 15
166 427 16
326 409 77
369 449 49
104 444 25
152 478 37
271 330 61
101 388 91
54 104 31
99 289 76
122 152 42
213 342 33
111 308 31
88 203 82
227 325 20
16 245 71
136 186 60
53 254 80
13 37 17
85 335 8
108 274 84
144 174 73
103 420 97
271 430 62
357 362 85
6 104 50
98 418 8
81 162 79
140 270 6
111 446 10
312 458 38
22 142 6
251 270 96
115 243 11
230 350 75
120 133 71
12 283 48
309 453 100
61 184 27
69 205 52
431 468 86
353 480 4
165 422 37
23 41 43
346 381 26
15 366 75
311 440 80
280 397 20
103 270 16
273 338 32
86 416 43
143 471 62
194 426 60
293 312 36
321 380 54
21 187 38
310 362 100
127 143 34
66 363 4
91 201 44
197 370 71
249 366 12
256 432 94
177 350 25
250 339 82
63 77 1
282 473 18
99 124 30
104 316 43
250 385 92
64 296 64
222 461 70
90 447 32
44 50 55
13 219 3
299 338 43
220 353 72
40 323 35
92 454 73
141 356 51
75 464 61
69 414 33
196 231 14
3 375 26
23 339 40
384 469 75
195 231 72
347 442 24
338 398 94
280 357 12
347 416 51
221 225 1
111 283 21
32 331 21
29 179 64
41 490 54
89 108 94
5 156 28
295 361 7
314 444 90
44 234 93
321 474 6
85 249 5
271 360 8
27 404 43
147 208 44
30 470 35
298 355 32
225 387 49
213 276 51
122 135 46
147 414 7
266 351 76
71 294 70
186 337 44
17 263 48
318 422 14
320 342 7
33 304 99
384 419 44
17 241 20
123 381 42
220 310 5
302 463 50
459 475 54
325 394 37
121 462 98
297 388 29
185 486 9
13 323 79
278 453 51
193 431 27
18 134 96
19 282 62
74 206 38
136 153 74
52 176 58
23 491 5
164 496 44
164 241 84
208 445 77
12 33 61
70 312 57
53 226 95
50 108 16
46 320 71
238 377 98
7 175 45
280 385 63
53 333 60
141 174 46
19 490 7
157 476 7
278 315 84
228 384 93
108 222 91
307 412 51
105 179 85
98 290 7
201 221 91
124 283 14
39 440 69
438 464 82
132 290 91
0 455 39
314 359 39
86 467 96
73 206 59
104 454 62
75 297 81
199 494 41
30 124 74
126 180 6
115 438 32
61 458 11
153 332 24
0 215 51
150 462 88
0 386 30
212 226 92
304 390 69
311 477 43
81 223 51
167 373 30
82 110 1
138 405 32
258 440 59
20 35 98
63 89 61
12 205 32
6 392 31
255 257 28
367 471 81
392 477 24
222 315 39
288 489 45
358 376 76
33 136 27
265 459 53
56 433 100
231 308 48
50 315 79
278 442 11
63 182 83
93 323 100
243 303 77
418 492 2
280 319 80
85 453 53
334 474 82
136 356 64
14 143 41
364 449 79
139 250 43
84 472 26
26 473 45
6 253 59
203 343 12
226 310 54
131 362 84
261 320 91
72 158 21
21 85 75
152 399 52
340 406 78
90 435 50
203 451 2
61 74 32
158 441 36
11 164 4
435 443 70
79 133 92
350 460 29
63 134 16
121 288 17
280 330 37
378 411 22
86 358 10
179 298 75
89 299 68
357 374 28
330 378 60
440 494 32
148 468 10
130 166 84
37 446 8
134 276 12
358 388 34
135 376 14
101 299 94
87 185 42
207 491 44
41 286 38
114 357 26
200 356 3
180 320 88
34 495 25
316 371 58
383 497 43
238 352 23
328 352 49
187 205 26
258 370 76
147 245 45
19 358 23
399 417 78
77 423 91
43 236 13
383 444 100
135 471 22
175 304 18
40 270 98
298 392 30
26 456 78
108 230 51
239 279 85
80 403 61
138 203 13
176 409 45
125 212 9
121 324 32
70 354 85
297 385 29
271 292 64
245 301 73
173 213 50
197 364 82
122 171 69
456 478 38
28 335 80
178 325 51
176 469 70
49 164 88
6 126 16
144 302 38
84 484 100
206 325 2
131 219 13
61 120 85
15 394 11
207 384 49
336 495 97
216 498 52
121 213 29
176 497 36
74 161 74
78 185 24
47 417 32
302 369 3
78 283 74
376 379 16
124 458 68
270 452 35
63 370 87
365 387 10
282 449 59
12 322 57
20 342 67
220 253 73
77 330 32
301 401 34
85 467 60
67 176 85
223 327 36
103 336 74
176 288 88
225 489 27
288 354 22
10 65 74
281 298 23
230 340 1
175 402 70
115 473 44
21 258 67
37 153 66
154 385 42
4 325 58
163 393 20
248 447 84
321 400 7
233 470 55
196 443 21
242 341 31
286 416 71
235 358 10
44 172 40
134 381 16
86 182 56
137 335 7
45 322 26
341 475 43
81 159 42
89 294 5
193 491 83
2 115 79
110 347 67
441 470 24
187 392 93
76 223 64
119 147 20
161 220 4
391 394 5
129 217 60
64 105 84
19 314 21
93 197 81
284 327 85
363 424 76
172 242 15
190 219 84
128 161 56
432 468 43
7 130 85
344 350 41
268 395 2
126 285 5
384 484 64
67 352 28
23 484 60
75 298 6
78 302 41
9 463 31
44 438 25
44 261 38
274 451 99
301 433 97
81 359 13
1 396 63
28 460 22
306 312 88
25 60 19
103 402 14
252 254 68
233 358 11
181 482 38
218 412 27
81 335 1
55 486 4
90 171 96
269 388 63
218 312 67
326 392 54
362 449 31
315 466 54
184 197 53
98 483 52
32 365 49
145 460 17
25 440 13
351 462 49
281 396 46
30 97 95
1 191 87
251 483 48
460 495 55
116 142 100
6 433 31
186 367 24
204 415 40
207 464 72
223 426 52
15 85 21
194 357 12
150 389 35
62 89 15
206 496 94
71 184 52
201 359 39
283 479 6
36 208 51
280 493 5
415 496 66
34 439 96
109 325 61
174 244 37
275 394 35
199 422 20
382 464 51
255 454 8
40 218 64
211 290 89
53 466 73
198 456 15
74 364 91
47 453 22
373 387 52
22 367 16
41 366 40
82 233 86
200 359 53
147 407 91
53 352 58
149 216 35
164 369 64
267 347 69
110 248 92
412 483 39
127 427 82
26 42 35
115 394 37
189 443 80
56 275 89
224 344 44
293 321 5
123 329 54
120 342 52
137 144 18
385 483 91
60 328 19
148 168 58
23 118 59
291 498 45
304 419 77
104 242 49
208 303 42
244 315 56
149 390 67
123 346 60
10 70 34
106 315 59
11 219 6
281 488 69
37 70 65
254 345 68
254 493 62
154 386 58
84 287 61
164 195 87
94 140 27
189 199 60
340 398 60
7 243 1
349 496 37
52 191 36
110 179 96
332 405 53
289 308 39
31 389 100
203 252 66
64 265 98
71 75 39
60 429 96
128 238 17
170 289 70
313 418 34
86 116 52
100 178 45
158 260 43
90 318 16
398 467 29
103 201 22
87 350 61
223 344 59
110 433 61
327 330 95
359 379 43
35 475 21
116 370 32
1 119 54
355 366 47
80 237 28
52 406 37
99 261 85
59 388 53
181 221 81
210 394 85
147 405 45
86 120 16
26 477 70
153 207 60
271 439 75
296 492 14
244 317 95
164 204 73
151 428 31
99 140 54
208 467 86
348 493 46
134 243 28
281 459 28
167 301 72
405 433 11
95 347 89
275 352 90
107 479 23
201 384 52
45 362 35
223 458 6
161 309 41
38 180 11
185 229 38
54 216 11
318 370 99
5 175 45
211 357 78
51 94 100
42 324 84
195 463 59
41 379 33
48 186 67
123 440 88
75 228 69
283 438 84
13 20 57
300 352 77
49 407 23
171 440 54
230 439 43
156 264 83
89 262 63
327 374 43
214 410 1
341 469 13
148 291 56
400 496 82
85 184 74
174 242 44
221 291 8
67 232 41
192 354 58
62 379 74
1 136 65
357 421 30
12 138 50
78 171 49
181 431 77
267 280 56
157 311 41
141 147 82
143 384 78
61 278 94
13 346 26
203 336 92
240 390 66
169 324 46
42 260 74
143 182 96
30 467 85
162 281 62
294 377 71
93 467 83
2 27 36
228 496 19
301 378 10
29 410 79
18 457 95
309 322 38
86 359 1
15 251 68
3 236 46
163 306 55
91 156 43
148 426 100
105 419 42
48 107 69
218 409 98
409 490 6
229 477 18
307 373 46
359 463 4
74 300 11
12 317 67
33 184 51
276 415 22
262 313 40
111 277 19
321 394 86
13 222 62
210 331 20
297 322 24
313 420 91
299 455 33
11 491 64
72 382 89
70 276 24
28 203 83
5 351 61
1 86 100
341 416 86
84 172 78
25 383 46
217 391 61
302 444 55
65 238 25
151 253 95
4 373 62
83 161 25
178 204 56
115 259 47
146 169 45
181 406 29
133 474 12
355 389 60
81 436 40
276 463 55
384 470 60
382 435 71
221 424 9
285 289 16
219 260 48
372 381 22
0 270 24
14 103 20
323 416 80
85 140 67
324 426 84
20 148 97
131 399 89
38 266 86
214 342 29
428 480 64
240 428 25
385 419 99
190 275 10
27 420 67
137 332 94
79 263 62
82 220 1
134 496 9
233 303 55
405 462 77
81 219 58
110 468 72
167 240 47
274 335 91
58 88 99
128 154 56
65 483 11
184 477 20
396 492 96
282 384 44
224 277 25
282 406 81
99 327 7
9 479 99
69 434 88
228 231 71
248 389 54
156 391 46
234 304 80
388 477 98
249 272 79
14 360 97
143 405 83
320 423 14
129 402 72
90 114 36
335 370 50
211 334 76
201 403 50
306 335 98
199 323 34
177 270 57
197 285 67
66 112 81
317 441 71
367 400 83
454 488 92
322 400 66
355 386 58
282 355 56
35 276 34
81 442 100
295 498 87
14 320 34
58 155 53
410 470 13
212 325 81
18 445 42
81 173 50
276 352 69
296 415 77
22 87 99
115 308 9
81 491 45
39 259 92
103 288 75
11 65 98
215 386 14
468 473 71
34 322 48
291 424 32
105 315 39
63 109 90
115 309 63
116 472 18
133 438 56
279 323 5
57 492 63
244 466 98
241 435 80
129 363 62
52 231 10
81 201 27
47 355 18
112 206 3
119 121 61
159 412 79
131 234 35
1 432 18
3 85 41
263 268 55
140 437 21
179 237 24
179 190 17
31 359 84
5 213 73
376 475 79
191 408 81
14 86 77
303 464 3
300 327 13
101 460 64
225 498 39
94 441 95
424 430 18
174 395 11
254 354 21
224 363 89
199 301 67
301 339 92
259 467 61
40 409 47
163 232 9
48 81 4
50 479 36
413 496 76
127 303 1
305 369 89
183 297 63
178 481 81
81 331 98
27 83 15
372 411 31
237 383 81
65 464 91
321 349 75
209 465 21
420 432 13
170 246 16
51 104 50
145 406 53
356 453 83
34 285 60
241 367 67
92 344 74
342 443 16
62 153 85
181 264 19
196 302 78
375 416 35
3 356 66
70 126 10
137 405 59
410 486 76
72 257 77
168 277 70
52 82 86
294 424 12
184 243 21
55 490 93
211 310 22
146 255 95
402 431 67
206 481 48
1 277 31
108 164 65
49 486 42
400 421 73
23 351 53
274 370 89
203 305 5
8 247 92
442 458 5
77 95 36
166 396 25
42 132 61
86 327 23
12 215 38
141 430 10
18 339 17
30 445 17
257 461 1
123 283 2
129 361 19
157 282 62
319 392 80
162 376 34
199 485 86
46 70 18
126 259 27
109 197 55
108 494 28
20 486 29
202 318 33
189 438 22
137 143 76
149 193 86
172 327 87
83 309 16
62 174 48
291 327 56
44 75 31
16 246 4
196 373 46
126 141 41
27 370 21
21 326 72
61 466 93
138 213 61
202 405 12
41 220 84
47 228 65
156 305 49
10 52 67
267 343 81
190 434 60
338 416 43
251 377 80
355 453 93
105 332 3
255 483 28
5 272 30
305 324 5
46 149 86
296 340 26
279 319 77
93 439 66
157 403 56
63 172 52
12 183 23
203 317 54
194 431 90
397 399 25
137 390 61
22 199 21
11 198 52
332 344 15
65 113 35
273 354 78
36 369 34
330 353 76
40 324 49
14 317 45
423 435 6
121 183 14
18 208 65
435 478 44
108 310 70
327 484 91
95 221 43
331 495 48
313 340 57
6 187 41
36 281 32
398 493 16
219 251 89
187 499 64
19 399 62
55 342 47
247 329 62
258 453 78
43 66 74
101 248 77
236 319 99
138 351 46
8 204 15
55 119 7
126 200 1
78 220 16
234 348 38
185 325 31
32 49 16
329 410 49
240 301 24
452 477 78
6 348 85
315 428 83
98 302 100
32 321 36
78 261 94
230 485 86
287 307 30
107 430 77
218 234 42
320 398 33
133 413 67
7 159 88
346 405 46
191 201 64
3 192 90
77 448 31
60 127 92
27 119 18
128 141 9
21 485 91
205 368 65
168 242 11
82 455 70
12 492 8
232 402 41
39 270 51
16 75 81
188 478 25
59 205 10
2 9 57
211 363 45
252 267 1
143 454 79
154 305 39
376 428 16
22 251 9
248 472 8
221 473 76
57 130 64
92 397 56
214 320 37
282 378 50
74 284 13
229 356 91
322 341 31
111 468 5
323 442 49
46 465 1
106 481 96
42 56 55
134 185 68
190 231 24
405 499 71
375 400 8
22 349 47
325 422 69
377 452 11
36 431 92
420 479 22
186 460 5
252 466 39
297 493 69
121 210 35
194 415 92
354 493 39
186 291 29
96 199 41
39 230 38
146 282 68
22 180 60
101 425 94
152 167 60
4 66 83
121 221 95
55 331 4
98 444 43
357 383 84
21 490 82
21 51 93
94 282 66
103 452 92
242 336 25
287 461 99
167 331 69
387 468 46
236 480 73
142 204 42
13 163 16
222 423 68
170 238 21
452 489 54
419 465 79
232 358 50
274 478 34
142 228 38
4 480 33
105 460 1
296 484 2
343 446 33
41 385 84
3 26 1
252 412 40
179 410 92
26 461 69
117 169 22
95 329 56
201 419 74
400 409 83
122 368 2
378 403 41
93 209 79
268 412 5
300 403 79
43 174 58
316 342 78
291 410 12
64 234 63
128 219 23
165 281 16
198 271 25
70 191 37
146 284 6
6 492 35
87 349 39
349 498 2
179 472 16
14 312 63
12 338 61
217 400 5
182 304 63
152 429 9
93 211 18
153 276 90
241 327 71
6 370 86
179 250 6
146 235 61
308 418 42
378 396 22
150 202 66
258 418 100
7 50 41
73 492 60
87 129 54
188 212 63
164 281 48
9 61 7
113 358 26
79 285 79
386 400 5
266 352 2
110 222 33
129 338 5
175 350 79
50 301 96
135 180 24
310 447 76
45 427 82
173 301 24
32 483 20
182 206 35
385 406 54
88 269 83
287 478 73
202 352 73
391 482 33
63 409 72
147 252 50
16 439 16
185 336 71
230 354 62
277 340 91
206 258 90
32 187 53
257 494 93
230 332 51
404 487 89
112 416 10
464 481 65
354 484 32
418 451 66
25 189 34
3 168 46
120 271 50
404 494 81
74 263 20
155 432 54
184 212 85
306 422 33
10 309 20
94 492 93
40 461 21
106 280 27
12 185 22
184 486 39
102 127 19
104 391 43
338 348 78
35 399 11
340 387 83
136 185 84
174 216 72
104 199 46
7 388 92
143 267 70
54 168 93
116 284 31
137 293 41
136 266 30
32 103 60
408 473 90
213 302 87
68 166 28
59 188 21
87 438 17
63 310 86
89 210 36
89 224 32
44 161 87
175 313 19
116 367 5
374 449 36
16 218 79
55 284 31
100 275 20
70 253 54
24 429 8
416 483 83
199 337 66
57 110 21
199 446 21
71 362 99
28 411 52
22 131 9
122 249 19
21 175 22
10 175 83
194 406 57
10 193 48
72 381 18
327 483 13
68 278 44
217 323 94
47 412 47
45 237 60
244 369 80
218 292 16
385 478 91
48 476 59
356 404 100
38 302 83
43 232 54
5 491 29
305 404 48
138 296 7
38 478 12
301 425 86
257 331 88
6 149 19
52 259 5
315 328 90
440 477 19
150 372 67
289 434 57
66 74 93
354 375 12
40 203 87
361 431 86
150 416 21
306 314 72
162 212 51
168 271 87
91 209 24
125 488 46
30 59 22
35 234 56
179 223 76
49 364 3
298 340 85
126 390 13
363 433 100
354 373 70
36 129 28
34 134 97
29 455 98
121 404 39
439 489 41
315 394 27
202 360 87
312 426 18
117 377 63
61 129 2
121 392 67
68 137 39
32 128 22
409 485 91
53 360 37
82 184 56
55 317 82
151 250 81
37 496 4
196 377 38
114 303 2
8 367 49
145 268 85
447 463 86
246 258 55
241 453 41
83 115 43
44 310 74
148 298 16
357 407 88
92 402 95
113 296 16
242 279 73
165 287 52
147 180 4
272 348 77
38 50 31
243 415 7
28 435 55
123 217 89
366 492 6
62 186 4
351 361 67
219 475 90
48 368 96
87 104 95
244 284 91
359 417 91
33 110 31
24 306 65
59 189 53
55 489 62
48 246 57
33 312 15
475 478 90
17 336 38
466 474 63
78 484 60
226 390 53
222 420 14
40 336 88
100 297 78
126 211 28
216 474 20
13 461 68
210 465 65
119 494 92
46 480 47
288 440 52
171 387 16
178 189 7
166 462 14
194 391 13
171 231 98
43 403 70
300 463 44
16 194 95
65 162 99
408 452 89
10 25 67
142 463 21
410 433 39
59 83 81
69 449 87
138 372 80
176 386 40
216 262 94
32 248 13
70 341 5
187 450 93
79 424 86
91 419 3
142 498 6
119 413 47
287 483 87
262 317 59
358 421 61
39 473 38
319 479 73
35 45 28
362 382 55
390 455 45
132 181 89
30 370 62
97 165 42
15 174 33
168 370 48
129 474 38
151 309 29
115 155 11
170 360 67
200 330 55
441 484 21
449 485 50
234 279 46
181 324 22
363 441 8
293 447 100
119 230 79
17 476 60
129 358 15
132 383 44
362 436 78
98 142 18
232 355 92
188 416 81
0 372 45
373 414 27
126 244 24
154 446 44
158 434 85
20 334 1
40 277 23
49 133 66
90 103 22
10 131 44
21 112 62
6 240 30
269 496 84
106 468 85
271 477 8
222 250 88
157 201 98
315 485 96
20 228 35
114 199 25
348 401 78
334 438 54
235 294 55
236 485 63
71 350 75
391 414 55
121 282 80
299 446 27
19 436 29
121 191 93
235 301 16
68 337 35
22 233 23
129 341 75
408 488 36
157 281 75
75 329 40
14 413 2
104 429 66
269 360 31
297 415 85
141 355 50
204 232 42
236 375 11
349 466 27
333 378 69
4 193 72
108 217 10
95 447 64
388 421 33
7 299 59
51 311 69
20 468 22
103 271 99
59 214 28
128 362 71
388 499 37
314 467 58
44 364 63
66 358 35
47 461 53
3 262 19
7 453 72
206 348 79
419 475 88
13 476 83
25 431 16
36 286 57
313 434 11
128 311 66
197 355 91
316 345 33
251 413 33
64 355 1
2 174 79
345 373 89
13 489 26
158 482 42
269 416 76
4 164 69
53 228 32
56 477 90
142 481 36
448 476 56
83 431 42
212 231 67
53 177 36
0 132 48
371 453 20
93 280 26
7 313 57
267 277 28
266 436 72
311 464 55
205 338 43
174 358 50
190 370 58
335 486 51
37 414 2
62 198 7
380 462 96
32 137 54
198 212 57
168 483 24
47 441 64
390 461 7
88 485 54
18 271 81
110 120 24
116 174 56
31 214 6
32 264 53
246 497 4
318 418 22
43 346 17
343 394 6
46 222 94
6 98 12
3 118 30
88 382 17
315 386 1
438 471 67
8 330 76
448 467 54
83 239 13
105 265 13
30 127 52
408 490 43
98 273 80
345 430 96
127 485 15
324 434 5
88 384 87
231 307 53
127 225 61
402 410 2
137 191 38
81 314 49
197 316 37
272 493 42
65 227 76
173 484 77
196 431 24
199 419 80
126 296 38
189 234 60
104 131 48
415 460 24
277 287 11
28 438 36
270 416 76
212 357 16
168 265 91
326 488 40
373 418 67
72 473 33
179 398 55
32 405 25
11 168 64
18 82 69
384 479 42
48 182 65
129 252 89
87 199 4
9 274 57
114 144 84
300 358 36
127 326 43
439 477 56
13 131 13
84 299 82
120 215 28
284 380 1
45 340 34
38 107 2
263 472 81
289 370 56
40 250 88
79 462 87
360 384 11
407 414 77
169 312 75
119 386 82
4 181 6
182 186 14
77 232 7
290 367 26
7 161 89
30 72 28
261 463 18
167 208 38
122 397 21
186 444 76
1 264 80
142 191 60
426 444 50
146 157 27
284 433 77
47 312 61
10 137 79
346 360 24
157 209 40
2 178 49
296 468 34
186 243 54
140 364 68
369 373 54
234 386 99
349 375 56
0 274 56
6 494 85
76 260 13
247 449 98
296 491 78
458 480 78
66 205 78
338 349 10
11 29 82
101 252 14
95 163 36
171 292 14
88 173 53
22 23 67
30 147 39
12 398 27
101 328 45
43 118 15
110 472 94
331 485 10
300 359 46
181 343 45
141 242 7
172 403 34
367 428 26
310 384 34
106 334 36
196 304 25
294 439 34
283 416 31
231 369 45
171 240 87
142 427 98
410 488 61
238 454 33
198 325 13
336 406 37
298 386 41
51 296 99
93 103 87
28 285 21
245 383 49
233 281 94
47 406 35
2 197 21
143 373 66
67 342 70
33 139 29
106 197 79
158 428 50
129 460 94
98 470 22
58 95 54
42 43 43
355 393 1
310 482 93
302 345 54
200 433 94
12 91 86
45 356 46
128 229 37
102 493 8
116 225 29
82 84 72
349 364 85
69 216 15
66 263 87
72 115 68
104 329 32
333 390 79
86 494 40
103 196 27
138 448 57
348 435 59
146 397 92
40 342 67
46 301 55
62 490 98
32 97 83
195 197 82
62 127 15
96 482 25
144 406 75
122 484 7
7 496 79
222 344 64
26 105 12
163 473 33
114 441 96
6 77 38
160 468 28
50 213 24
51 93 96
15 151 34
244 446 92
27 236 42
301 362 93
278 354 15
141 428 35
416 426 24
10 126 23
77 356 77
419 482 28
135 269 92
0 268 12
212 310 43
61 391 20
126 320 24
270 429 89
276 450 34
187 301 33
54 196 46
22 163 74
67 479 95
163 488 63
118 256 91
320 403 18
86 480 44
169 401 1
232 409 77
26 202 59
210 413 2
76 426 69
237 416 6
97 476 69
224 321 99
7 406 57
279 389 71
256 422 20
118 432 77
80 129 16
324 468 23
36 437 60
79 318 33
59 302 80
21 498 59
345 392 96
313 437 41
16 138 37
173 486 59
232 356 52
146 292 85
95 327 34
86 205 79
160 265 11
4 296 60
32 239 96
20 107 24
398 408 66
27 472 20
355 456 30
280 475 40
119 203 77
4 69 64
49 356 64
85 145 37
76 470 19
216 314 28
180 228 78
60 444 55
290 490 89
413 449 16
185 434 5
96 245 45
427 456 13
299 497 20
162 467 39
67 449 36
152 482 98
128 426 1
222 229 12
143 230 75
44 387 77
318 358 31
86 354 18
126 299 67
154 196 71
245 416 37
88 421 4
113 117 34
281 342 67
98 481 2
247 377 43
96 107 58
204 245 31
107 212 11
167 455 28
365 447 1
95 113 80
23 196 38
233 249 66
53 181 42
99 438 3
57 463 57
31 338 83
308 396 75
135 163 72
155 306 55
82 96 24
273 459 55
99 165 30
53 375 80
19 96 92
90 185 64
307 366 5
327 437 39
146 168 44
125 252 3
218 261 74
7 28 82
11 476 68
65 387 54
145 173 43
85 408 93
105 125 4
171 291 72
100 373 8
319 374 20
151 488 15
388 400 17
42 137 93
138 483 42
15 230 89
170 198 55
142 156 80
224 320 92
209 279 99
77 286 30
255 385 78
132 479 43
169 201 68
36 296 64
30 234 76
37 411 79
63 158 64
190 407 79
80 399 79
76 420 74
66 215 92
96 369 99
90 317 68
163 432 41
200 416 83
70 342 90
357 376 35
213 285 27
27 483 97
55 388 89
11 145 30
452 463 39
282 350 96
253 462 78
66 496 93
130 318 82
360 493 77
5 466 89
127 497 7
26 243 58
110 196 33
234 280 34
27 468 77
194 369 75
307 381 13
7 457 29
106 144 82
277 306 4
196 262 35
265 273 80
47 98 99
9 73 34
1 250 49
24 85 57
11 464 84
304 488 88
221 265 48
70 125 30
85 201 91
19 458 7
294 358 84
316 446 54
306 375 22
73 477 83
228 345 54
107 191 55
127 434 8
91 212 32
109 235 44
83 440 14
197 284 74
311 463 38
176 466 28
273 324 95
141 199 58
88 406 27
279 309 16
116 444 28
143 305 49
450 475 39
364 429 54
197 451 59
27 321 53
143 391 92
167 200 7
230 304 95
425 484 14
257 340 54
278 456 20
399 405 77
4 412 98
433 468 33
456 486 67
298 462 10
224 251 75
135 409 17
84 184 2
72 283 65
217 231 2
48 401 33
263 437 35
69 341 96
32 195 41
60 95 8
185 280 73
104 460 86
40 314 88
53 206 27
386 489 80
157 308 82
143 499 16
366 398 3
44 215 12
102 138 90
129 152 25
45 187 62
4 276 8
273 285 77
113 471 80
200 361 30
84 408 18
301 357 84
166 259 81
204 209 97
19 488 87
100 228 70
50 411 74
82 260 95
127 495 91
353 426 31
62 252 6
91 453 2
139 289 31
28 280 86
63 105 24
98 451 56
309 426 21
273 278 14
141 370 41
165 292 43
80 146 61
96 221 70
304 370 12
115 366 33
73 351 31
230 335 4
8 258 63
256 298 30
40 427 67
390 451 53
41 146 74
107 498 10
20 159 92
8 288 56
146 368 80
204 304 9
57 182 28
259 420 8
240 458 53
122 297 99
275 311 78
326 426 87
267 392 42
318 438 47
78 163 89
425 495 56
263 371 64
433 464 49
261 476 76
50 495 30
395 479 8
343 437 75
25 278 29
2 44 61
84 126 32
32 178 96
81 102 44
84 376 45
288 485 11
237 313 61
129 461 93
353 357 37
274 496 75
284 456 81
199 308 80
175 496 75
81 423 47
79 81 86
175 254 53
70 127 65
6 180 13
85 136 69
247 441 85
41 99 67
435 491 17
160 492 23
470 473 37
198 423 30
186 208 54
165 379 86
120 454 16
220 235 40
45 159 16
17 92 47
11 286 68
156 399 64
203 319 19
386 463 33
295 337 65
428 455 32
178 299 38
151 247 86
34 152 14
203 499 21
139 210 89
42 364 83
85 295 30
118 150 56
199 203 50
202 468 43
355 493 14
63 391 32
97 136 26
231 472 84
438 459 66
257 452 93
284 324 99
94 122 97
192 426 6
242 420 91
260 402 42
114 457 24
223 366 65
5 480 1
327 425 4
239 395 28
41 380 73
195 288 9
91 134 39
94 266 94
112 298 30
331 415 60
291 472 67
24 25 73
388 465 77
359 362 89
17 329 95
320 417 9
29 41 87
293 363 68
211 459 20
36 293 6
55 473 63
13 30 69
283 371 24
23 224 6
84 121 96
305 436 76
42 127 49
345 428 86
360 403 79
83 178 73
136 450 5
222 345 100
38 324 80
483 495 29
9 164 98
116 207 40
195 321 48
141 373 35
158 174 87
30 299 52
31 84 96
148 466 46
367 412 73
204 430 20
83 362 35
246 433 39
48 122 8
78 122 15
65 71 60
8 80 43
2 46 96
117 274 96
0 329 78
141 186 60
354 449 92
156 495 72
123 187 4
39 335 94
245 436 36
104 205 10
10 382 71
233 302 90
170 269 34
18 215 76
209 373 35
135 347 5
274 304 95
32 278 67
90 295 41
113 329 93
111 359 39
303 406 56
25 150 56
93 194 27
0 425 86
286 290 99
182 189 17
255 439 85
302 324 61
67 71 79
42 418 19
29 396 66
161 339 52
55 276 78
244 414 4
71 474 8
87 215 45
25 243 10
111 177 74
271 341 43
21 344 69
286 344 37
150 378 80
44 323 32
188 384 84
102 255 33
95 482 93
237 374 29
209 324 20
449 488 97
73 469 89
144 401 23
260 399 15
39 100 7
69 161 88
148 309 33
2 390 88
164 248 44
44 186 95
70 72 66
347 446 73
305 465 2
80 104 62
6 185 98
17 156 41
124 498 64
242 282 87
67 229 48
31 134 40
17 183 13
257 432 56
41 44 33
43 493 7
66 327 5
319 428 90
122 375 42
98 326 8
300 481 82
81 205 45
258 346 68
210 270 79
40 462 10
120 234 69
100 102 23
51 202 2
1 483 66
81 475 82
136 289 28
258 318 36
42 149 57
209 374 74
28 223 76
77 192 50
403 433 47
65 284 62
211 462 93
132 192 4
40 426 31
50 183 15
182 239 40
325 396 68
338 481 36
187 494 19
120 301 57
184 283 16
22 357 51
163 494 60
382 400 19
9 144 9
130 346 18
25 167 34
401 480 72
134 154 48
136 400 32
312 471 46
21 58 14
165 325 8
217 232 32
176 496 88
69 320 73
99 273 41
18 104 18
30 277 74
281 408 100
147 392 43
76 184 2
242 402 84
119 329 80
157 220 10
353 374 59
226 496 52
400 407 22
268 459 18
29 152 42
94 457 30
134 229 22
303 422 1
358 360 95
10 299 41
77 212 79
154 276 13
49 112 16
95 134 79
110 441 52
89 489 80
55 188 33
131 343 69
302 410 74
57 366 36
139 295 81
177 492 76
291 347 80
87 484 53
440 487 68
52 460 43
74 123 52
328 462 35
167 297 65
122 255 67
48 395 20
63 282 46
132 357 74
402 461 67
355 442 43
90 140 82
83 448 12
99 431 79
241 429 41
199 280 77
406 465 35
177 498 22
33 348 64
75 163 100
80 290 54
84 186 82
26 92 90
387 469 6
192 239 30
136 383 87
164 468 81
156 238 80
89 113 92
163 399 47
58 205 89
142 175 76
299 364 73
258 486 69
115 297 49
61 130 100
50 241 26
130 409 96
3 110 86
163 176 54
51 226 47
15 289 65
97 329 65
138 259 62
221 366 30
79 120 16
198 459 11
297 430 53
94 256 33
16 485 62
84 196 7
17 32 37
453 480 19
66 324 72
103 117 75
25 31 50
104 351 76
65 178 20
137 156 31
32 247 97
92 360 15
122 396 57
173 409 65
52 299 79
254 402 70
249 470 86
28 194 78
383 386 94
46 245 65
358 395 51
55 439 67
270 459 82
104 466 86
32 367 66
262 303 73
280 404 87
6 484 17
22 378 56
125 239 23
217 396 1
307 488 7
208 353 79
321 419 69
46 365 96
23 346 28
21 150 66
329 450 87
123 311 90
312 331 47
199 253 66
175 390 25
118 309 71
214 304 29
122 130 66
255 361 65
163 445 92
353 445 19
306 490 35
87 107 96
222 355 93
299 490 51
347 390 20
323 483 63
0 330 92
131 171 61
118 365 44
175 291 56
260 369 20
43 322 82
21 425 11
372 403 88
37 231 27
52 255 84
180 487 100
255 463 83
132 358 16
386 430 22
31 177 75
71 93 3
143 483 62
146 332 86
23 244 69
397 444 91
126 422 63
98 314 18
18 437 77
42 380 90
127 392 2
379 480 39
185 465 64
451 476 66
130 286 73
140 213 95
169 261 66
59 314 62
354 451 97
123 489 24
224 283 81
12 298 10
261 300 89
78 80 38
167 232 54
24 147 40
322 454 30
70 245 39
286 413 83
179 397 65
416 458 42
73 487 24
149 335 29
16 144 7
398 406 24
253 482 14
76 156 3
207 403 95
169 231 68
181 367 31
275 382 57
64 336 89
211 416 65
378 484 40
13 147 7
24 363 86
34 75 81
253 297 25
50 151 26
78 178 91
219 228 91
220 401 37
125 325 21
151 371 77
202 391 11
99 432 41
38 167 79
211 355 58
9 124 92
58 191 23
91 172 36
9 238 25
86 368 8
4 84 50
259 318 68
257 284 71
187 491 33
163 447 72
11 455 48
300 308 95
52 437 19
30 280 71
181 488 99
26 413 94
165 188 80
31 159 3
35 153 6
138 172 95
71 431 34
4 495 20
12 187 87
282 491 37
133 479 60
34 155 18
192 435 68
135 286 7
109 277 45
432 442 32
87 162 89
330 461 82
94 467 75
47 353 26
34 205 31
38 197 72
107 247 83
333 441 52
117 318 59
60 335 85
210 458 64
277 298 17
51 497 59
135 143 5
18 465 59
38 414 67
114 369 97
47 366 56
37 138 11
118 397 36
394 410 29
90 99 86
112 228 81
195 426 43
358 497 80
90 307 94
23 401 89
32 212 96
34 379 26
162 200 94
131 257 59
111 484 100
9 218 59
18 52 86
121 397 42
148 355 42
316 467 82
54 314 36
16 45 52
235 386 81
205 405 62
