500 6100
0 6 44
6 20 75
20 60 1
60 65 44
65 69 3
69 72 99
72 78 40
78 81 39
81 92 34
92 93 33
93 118 3
118 128 100
128 144 93
144 148 17
148 151 73
151 154 67
154 156 16
156 169 42
169 176 2
176 187 81
187 196 72
196 199 82
199 203 73
203 208 79
208 210 85
210 219 96
219 226 53
226 235 1
235 246 58
246 250 63
250 257 37
257 261 67
261 279 90
279 285 65
285 293 41
293 295 59
295 296 28
296 302 39
302 304 61
304 319 32
319 324 10
324 328 6
328 334 78
334 343 93
343 344 70
344 346 60
346 347 10
347 366 89
366 375 14
375 378 48
378 394 21
394 400 18
400 405 94
405 414 44
414 416 29
416 417 89
417 423 27
423 429 80
429 432 20
432 437 1
437 438 85
438 442 91
442 443 83
443 448 27
448 450 69
450 461 55
461 462 98
462 469 75
469 471 71
471 474 72
474 481 87
481 485 97
485 488 74
488 495 98
495 499 16
22 353 44
414 469 12
171 202 14
149 454 91
242 305 77
346 378 3
293 472 97
106 214 77
158 317 59
152 204 72
37 239 61
125 141 14
322 485 76
195 400 58
287 304 66
90 270 55
236 357 59
347 444 37
143 302 56
66 306 22
56 404 53
268 474 47
189 490 46
128 247 39
394 432 44
383 466 23
164 358 51
237 266 93
370 400 48
45 272 41
128 147 25
119 282 41
328 346 96
68 223 77
76 489 15
126 279 55
233 477 100
14 62 43
1 387 45
21 380 73
85 451 79
117 352 52
205 274 39
51 230 1
165 376 85
66 302 8
75 311 35
146 334 72
385 407 85
435 458 94
82 235 19
232 411 23
121 474 8
97 292 72
234 395 22
174 433 34
70 397 44
325 341 12
1 267 35
118 259 22
175 372 53
337 438 19
1 162 77
190 278 69
246 346 49
347 453 30
241 465 27
320 325 52
482 494 90
20 365 45
227 456 98
95 435 19
18 413 7
293 378 34
238 277 83
95 255 33
90 403 95
273 496 80
317 442 76
290 306 8
433 437 43
288 321 98
16 167 52
178 265 87
453 470 23
180 440 94
118 231 9
28 105 51
13 455 37
373 414 64
391 393 39
338 395 25
218 292 16
20 152 64
262 421 83
339 364 20
207 216 54
367 378 88
128 441 95
165 362 66
113 229 27
241 319 27
90 417 73
457 465 94
149 410 48
289 472 54
299 320 20
391 419 77
295 405 32
86 297 32
123 315 89
82 392 46
148 156 69
82 263 71
86 434 100
40 415 43
236 251 77
176 323 7
402 403 40
171 419 9
24 383 14
94 130 80
132 260 59
460 490 54
19 387 90
301 411 16
234 333 44
189 314 7
281 458 98
1 459 46
371 487 28
239 434 15
220 326 53
198 244 29
239 421 71
331 432 26
262 335 21
202 224 10
212 379 86
124 489 54
32 283 66
164 339 55
10 241 7
181 226 57
295 397 95
384 400 25
368 463 72
329 442 15
60 159 68
242 380 9
42 292 83
17 208 73
139 237 17
248 280 22
71 495 56
367 498 13
288 298 95
62 488 38
87 104 82
158 179 99
23 139 62
206 474 100
57 246 77
134 297 57
187 439 57
319 484 57
364 432 96
118 322 47
244 388 42
224 330 8
389 404 40
9 210 85
338 343 59
279 498 44
201 284 92
275 334 86
125 243 32
36 389 12
42 143 31
54 405 56
122 404 88
222 250 59
402 445 85
57 124 25
170 468 60
115 330 7
68 231 59
39 53 20
158 414 47
175 415 85
50 212 90
154 480 22
263 357 66
18 404 42
139 314 16
64 194 7
61 417 1
227 279 46
194 271 51
120 382 91
205 386 42
279 443 58
163 350 72
191 452 1
285 346 62
140 309 15
39 342 47
70 266 54
99 136 37
50 158 84
174 290 35
114 115 15
108 255 68
250 267 34
167 284 4
258 395 66
138 195 82
330 410 59
292 450 79
393 479 65
367 456 89
194 415 34
58 481 77
376 495 37
167 492 92
22 185 58
70 156 72
24 102 91
4 482 52
229 336 63
401 477 84
9 93 79
290 460 37
4 316 10
73 87 61
107 275 77
157 402 22
91 228 12
322 403 31
251 427 36
54 146 12
454 483 61
202 300 59
0 291 68
231 311 52
207 375 85
76 168 93
164 286 77
412 482 80
163 440 53
186 374 21
66 190 2
68 69 4
26 44 41
176 234 3
269 315 3
27 337 92
182 215 4
159 347 8
139 376 74
363 408 85
151 178 14
215 357 76
138 191 54
2 479 100
281 447 40
94 431 59
172 499 86
188 263 74
182 204 57
153 463 65
191 464 80
193 397 22
154 466 84
241 353 45
203 310 76
281 387 41
341 362 69
378 498 51
5 169 27
42 82 17
115 157 3
152 419 75
73 422 61
84 484 87
13 377 83
13 216 47
146 370 63
16 237 87
146 447 24
199 375 92
58 124 85
25 203 8
268 392 14
329 357 49
7 403 8
297 334 40
147 266 58
191 245 53
83 473 53
221 416 48
24 261 48
89 166 59
9 277 100
28 428 32
173 425 75
47 362 64
192 314 36
236 438 68
219 237 7
170 252 13
320 421 73
261 446 94
193 322 26
340 390 28
321 431 43
50 270 72
12 167 65
167 438 65
127 446 35
307 477 61
198 290 98
78 289 44
28 241 16
211 334 50
296 346 43
363 430 35
126 205 90
123 278 35
62 212 47
251 304 43
353 413 5
87 157 97
109 257 24
206 479 19
145 201 58
198 463 14
8 249 52
306 468 4
9 478 12
361 431 54
336 458 70
245 262 17
37 43 72
212 328 27
247 327 31
349 400 44
203 426 14
379 398 77
120 488 59
202 288 45
413 437 33
41 371 35
137 162 100
131 242 16
313 464 59
199 336 66
154 189 61
51 390 24
17 367 39
144 166 100
219 406 18
6 259 97
235 271 52
270 361 56
238 452 39
276 278 13
104 220 24
222 381 95
151 424 51
351 443 99
342 478 52
163 371 2
254 298 72
147 269 49
308 407 30
298 429 33
267 453 35
1 332 52
250 278 76
242 478 9
43 398 23
30 394 58
82 352 100
415 419 45
241 250 3
2 121 79
120 281 22
65 237 45
70 426 7
207 249 84
49 201 29
77 436 65
166 169 14
79 309 39
32 146 79
362 384 43
3 346 95
205 214 38
112 379 53
161 204 51
242 262 7
346 419 94
42 206 25
48 57 27
193 447 30
169 447 17
67 358 46
16 349 35
68 285 98
78 498 21
3 492 18
343 456 78
140 238 44
153 312 15
19 269 47
294 334 4
55 262 60
62 88 26
249 289 26
149 336 49
268 412 27
208 267 62
86 203 97
134 453 60
134 176 79
15 346 100
249 403 40
236 313 17
322 364 95
313 384 43
12 114 71
29 420 96
287 371 53
12 152 50
61 425 37
137 488 7
125 237 25
340 380 97
7 462 43
350 452 9
35 360 72
129 480 28
141 396 65
62 154 66
275 367 84
18 145 82
212 369 6
10 286 95
276 379 72
297 413 20
135 245 42
137 328 77
73 446 37
355 470 58
118 428 96
313 416 37
30 490 67
230 314 55
147 263 82
119 168 46
46 182 59
376 488 93
58 499 24
63 197 47
216 262 61
164 381 44
206 248 21
29 465 59
93 439 83
305 468 6
93 464 8
142 166 100
284 336 67
33 266 77
245 487 25
145 310 75
192 370 57
343 374 50
50 93 46
18 187 56
182 361 63
102 225 9
311 368 66
282 434 70
148 193 61
152 221 41
338 427 55
188 450 37
149 208 60
113 319 50
14 496 47
312 368 87
33 47 49
213 442 2
11 264 72
155 372 80
88 220 25
316 324 19
135 200 85
116 293 7
156 450 45
167 423 77
134 178 69
108 238 67
35 128 80
59 133 70
152 449 54
104 146 56
193 217 87
437 484 31
384 418 17
107 229 18
108 459 88
46 125 9
346 448 36
90 419 62
167 407 75
62 273 83
124 175 67
309 472 7
69 81 51
134 406 12
163 217 6
6 112 2
224 419 70
159 255 23
94 308 62
395 473 5
105 329 16
20 459 17
351 437 75
221 471 13
248 414 14
12 455 77
93 271 53
19 337 67
246 259 68
28 308 55
57 417 35
123 154 82
112 447 52
32 455 38
297 319 63
203 300 46
292 334 15
161 403 95
74 215 91
385 402 57
59 336 57
5 110 21
87 192 51
432 433 45
175 346 34
24 149 28
0 260 47
85 183 70
327 390 76
176 308 11
64 272 58
191 479 84
281 340 38
160 368 57
13 457 48
246 408 84
100 336 89
106 383 81
90 103 100
14 55 13
216 382 70
136 485 69
244 468 63
57 485 27
219 415 58
48 155 22
99 458 82
251 309 54
76 236 4
74 435 60
167 211 59
252 415 67
422 424 10
164 169 79
328 482 32
230 390 81
5 221 69
343 359 23
17 221 12
309 433 86
119 386 86
159 424 3
78 230 33
221 370 48
204 463 18
130 204 91
39 408 17
100 239 30
21 102 44
49 97 23
433 484 48
117 386 84
421 440 5
34 197 96
297 301 77
210 230 9
80 346 50
6 479 97
152 390 23
439 455 98
158 488 44
73 449 62
131 288 95
7 320 95
2 422 19
267 386 1
48 275 28
330 350 84
148 420 87
282 372 64
386 465 32
31 484 100
123 462 54
104 163 70
244 392 44
95 367 68
458 496 3
62 490 7
23 311 4
79 441 35
1 9 54
43 285 29
217 325 61
207 459 64
126 156 52
152 171 66
61 150 100
49 193 49
93 440 38
245 444 87
25 337 81
377 489 3
251 391 65
316 363 63
173 337 48
229 432 99
145 213 29
228 277 7
70 304 71
112 484 12
47 317 85
155 343 81
42 184 81
14 439 89
98 477 10
418 481 90
180 257 86
96 478 47
292 475 13
145 406 70
25 26 34
281 285 23
313 318 32
216 381 57
30 287 86
282 341 80
98 220 82
213 349 24
188 419 74
37 361 2
319 385 34
245 254 97
465 469 4
117 239 13
286 420 60
277 325 21
204 369 35
238 450 1
149 474 63
246 333 33
69 131 65
13 401 13
192 369 57
60 453 62
75 414 70
17 223 36
99 259 49
74 328 46
272 475 56
55 314 85
113 388 17
66 295 70
288 430 85
231 252 16
187 419 40
31 370 26
246 300 22
186 468 13
295 300 29
98 303 78
72 386 43
234 240 51
126 135 86
26 439 48
293 347 20
259 293 52
104 383 59
165 172 70
85 466 94
60 186 7
40 429 95
40 405 14
312 472 15
127 140 19
122 391 83
118 465 28
360 443 64
333 374 86
53 261 52
334 475 44
16 168 48
103 343 50
189 493 83
27 121 54
271 445 100
367 452 24
227 272 35
173 294 59
29 365 44
187 235 91
17 467 44
270 276 32
201 361 17
253 496 32
9 313 15
87 109 71
47 485 6
12 182 16
23 379 92
189 405 100
92 435 55
10 56 23
133 442 72
177 426 41
4 8 22
258 430 48
443 478 25
80 156 44
163 189 85
368 428 82
252 393 1
49 136 71
243 336 19
132 221 25
415 487 10
221 456 74
373 382 50
291 404 87
67 317 75
61 169 3
243 256 74
89 331 37
365 416 23
237 263 30
53 477 23
136 143 84
45 129 6
170 210 39
215 493 31
211 495 24
244 491 71
145 328 18
56 451 57
50 271 44
77 396 37
149 330 37
255 408 16
152 414 11
144 332 75
169 248 54
31 379 93
107 345 73
118 246 5
78 448 58
59 115 38
197 336 31
1 397 52
66 430 73
42 461 81
224 399 9
197 427 98
227 355 78
284 432 59
138 180 82
120 290 5
162 409 33
217 292 44
459 466 82
96 286 68
149 301 88
115 273 89
74 262 39
225 451 47
319 467 48
265 426 38
338 433 46
93 457 15
261 331 19
225 228 74
16 265 2
75 113 78
109 285 55
250 405 26
373 409 50
210 404 23
298 432 84
272 367 95
143 321 56
106 188 65
114 221 18
5 462 73
299 469 6
302 406 37
87 489 37
161 306 90
332 382 63
71 381 32
309 481 93
103 443 10
17 440 13
246 368 89
206 238 100
16 62 13
111 354 82
81 277 38
64 157 85
266 283 98
189 363 34
267 394 45
128 451 12
64 297 11
139 299 29
209 320 48
30 79 53
136 277 76
266 273 18
14 155 1
54 438 3
3 210 86
108 141 49
166 479 90
309 482 91
350 446 97
78 135 77
321 426 59
350 499 64
17 119 19
139 196 35
5 382 16
50 203 47
195 196 30
391 448 59
104 447 39
70 494 25
280 486 87
267 455 92
197 400 46
45 319 86
18 110 23
81 256 79
25 128 27
323 347 93
202 311 25
48 187 25
203 446 18
49 192 84
81 218 16
288 434 82
446 473 21
70 159 21
73 476 78
15 179 48
47 361 26
196 253 80
394 431 17
345 415 44
20 469 34
100 213 25
93 378 18
34 274 62
233 292 68
269 418 28
170 363 77
148 207 4
420 452 61
262 263 15
187 204 48
89 401 60
229 368 58
142 215 64
247 320 81
111 156 93
445 498 74
268 431 83
101 239 14
366 461 15
198 376 82
215 278 29
45 291 66
139 404 7
295 429 68
6 288 86
9 105 99
273 278 5
295 443 46
113 325 3
84 120 70
88 413 95
302 362 73
200 335 9
228 296 91
323 368 76
387 430 31
221 240 7
290 389 32
64 488 84
263 399 19
26 332 2
283 457 62
156 248 89
273 400 97
226 408 95
271 491 24
13 168 92
223 324 79
78 313 30
310 405 2
27 323 30
189 445 52
14 147 58
11 355 41
66 360 8
107 479 32
272 454 80
205 416 56
28 74 71
78 118 86
179 404 9
47 287 60
13 52 59
341 427 36
187 238 61
224 480 4
293 296 44
71 488 86
239 291 82
61 295 65
296 461 42
193 301 100
16 300 9
177 297 30
235 361 17
57 268 10
0 405 4
241 300 76
270 316 29
196 428 20
406 484 90
88 375 45
1 330 17
261 270 84
145 354 28
257 482 57
264 294 31
297 406 4
61 144 1
50 235 11
9 103 56
80 445 56
345 427 61
176 186 58
134 195 47
218 373 19
313 351 63
386 415 51
108 442 74
87 216 56
92 208 4
78 344 53
451 489 26
98 486 96
316 317 57
85 204 59
79 100 52
388 466 9
98 416 94
167 428 96
354 428 83
4 177 37
50 377 38
377 411 23
102 404 28
43 315 74
420 454 78
154 203 4
280 395 52
105 330 1
215 417 52
19 21 19
19 236 66
269 273 65
180 322 49
61 88 16
277 356 67
30 188 67
120 352 42
348 439 80
284 437 48
339 416 41
435 450 84
235 333 60
150 199 69
265 324 61
63 238 84
96 383 80
31 53 62
209 335 85
81 122 78
43 53 39
183 414 40
139 242 1
356 367 71
119 448 33
158 161 32
165 466 6
326 426 96
16 146 15
64 89 24
51 91 13
81 130 26
243 326 20
216 242 1
160 176 72
1 34 79
34 168 23
228 288 23
271 443 16
361 443 22
65 171 27
182 425 65
89 285 82
19 453 91
21 150 99
30 260 94
34 427 70
132 232 99
229 390 70
41 222 76
59 69 67
170 315 17
10 408 60
110 215 44
31 211 66
61 177 70
195 417 21
37 40 41
125 490 30
345 478 25
269 415 12
185 288 7
435 457 1
135 221 19
273 466 13
258 379 34
146 249 15
359 400 13
208 384 3
0 170 68
180 413 86
135 383 99
243 370 82
159 227 28
29 239 55
197 219 12
302 469 70
34 461 6
231 288 79
185 245 32
140 437 65
52 177 96
103 390 41
290 430 25
179 267 10
41 476 15
99 337 19
256 497 27
98 155 93
155 366 26
161 177 70
415 474 62
303 403 1
171 192 97
214 443 92
266 355 19
120 477 29
167 392 42
150 367 94
13 345 42
78 275 42
25 71 60
158 217 63
286 312 7
70 270 94
242 477 99
423 480 99
133 347 12
265 326 55
124 217 90
11 330 23
76 336 75
243 340 61
35 90 15
211 434 56
281 405 74
249 456 27
18 24 24
231 451 40
233 407 58
361 448 59
216 339 33
178 301 9
256 292 5
110 417 11
188 462 99
65 487 95
84 296 96
209 210 52
108 465 88
69 484 55
257 474 66
8 288 46
40 357 27
82 368 98
232 420 87
77 354 54
194 307 95
435 446 64
179 435 5
201 305 91
164 214 58
80 283 68
75 263 93
235 269 52
332 460 80
59 74 67
150 229 76
163 465 14
141 369 18
311 331 93
188 413 9
354 475 70
121 140 2
103 374 53
258 442 40
17 309 39
415 428 91
337 492 26
58 281 64
83 302 97
263 337 30
300 337 6
151 200 5
22 119 97
5 406 39
160 248 18
99 377 73
5 256 51
362 455 41
325 345 9
80 184 52
20 251 35
8 298 52
169 337 67
88 156 51
162 434 50
94 259 88
57 96 52
145 373 98
89 360 27
413 464 49
277 342 37
72 76 45
178 221 55
216 295 23
21 128 88
118 157 10
100 253 70
300 365 71
95 267 99
250 476 49
273 346 54
299 370 43
105 127 29
314 471 28
22 387 79
81 416 99
11 133 78
107 323 27
211 401 50
290 383 46
265 359 83
188 261 91
111 184 16
370 437 27
162 362 85
239 481 73
88 293 57
345 371 70
170 351 93
4 319 88
88 420 63
105 220 5
175 231 91
331 478 12
237 253 61
473 485 96
9 461 18
97 375 5
381 484 67
8 403 66
107 492 96
46 407 21
456 464 17
191 334 31
221 315 5
181 446 95
15 283 42
372 448 45
54 307 37
125 368 98
301 353 37
274 398 87
212 465 66
0 417 9
119 455 35
112 421 57
231 245 53
98 498 68
31 365 83
166 346 10
204 254 37
83 160 59
68 266 7
289 473 74
356 388 46
183 248 74
246 387 31
111 213 37
26 375 76
444 487 36
49 436 9
14 335 14
67 256 71
133 190 85
95 182 19
146 271 87
54 383 19
34 278 22
160 475 52
215 454 79
446 452 49
38 50 51
256 403 24
247 254 76
46 446 55
271 478 57
147 399 61
338 481 10
77 93 75
158 258 57
66 329 46
61 278 14
162 435 59
204 385 51
95 330 16
19 50 77
252 431 13
265 295 12
115 221 22
350 401 23
305 367 57
67 426 87
307 387 45
235 397 58
322 393 54
184 421 61
293 320 2
258 461 93
189 340 4
198 338 81
187 362 93
188 240 65
251 399 32
439 474 81
204 413 2
150 394 53
41 113 26
126 245 43
241 276 5
194 202 78
80 455 36
84 438 17
5 28 65
156 240 66
171 492 94
63 249 51
166 448 19
26 341 95
188 353 27
195 220 83
68 473 49
127 291 69
21 411 41
86 115 49
268 348 24
267 306 97
129 333 99
20 33 2
30 480 71
176 306 98
156 177 30
407 436 8
19 289 61
383 458 38
59 442 56
107 373 32
37 193 72
257 342 22
28 144 25
301 372 56
68 298 78
25 313 100
303 333 13
350 457 7
88 425 73
58 136 28
208 482 54
177 251 10
118 133 49
142 389 79
327 448 71
308 457 87
85 475 81
420 458 96
178 330 3
222 458 80
80 167 60
91 262 39
238 482 73
309 312 77
381 413 65
160 398 94
57 410 23
35 488 74
14 473 76
35 293 26
91 433 88
117 346 15
356 368 39
11 234 21
75 133 94
320 412 98
349 353 42
211 442 79
101 139 22
217 333 93
57 153 3
3 439 45
215 313 44
8 494 58
268 288 23
41 86 10
342 431 81
152 349 52
47 179 18
27 366 86
165 211 68
436 477 99
46 394 18
245 253 41
49 358 39
73 85 2
347 470 17
203 346 77
228 347 37
89 406 12
370 432 52
221 284 53
117 144 73
451 472 57
45 246 65
4 326 9
193 216 10
445 495 94
206 381 65
150 181 45
281 371 71
22 146 34
369 451 73
44 190 81
28 466 48
141 350 61
80 312 71
62 451 18
12 327 5
27 220 55
295 421 84
3 141 25
256 337 35
13 322 3
222 373 93
130 338 10
377 393 80
69 126 37
224 324 81
72 450 38
144 468 97
231 381 18
249 309 4
65 199 17
255 470 77
370 461 67
124 281 23
337 389 74
175 467 4
87 251 97
222 300 68
332 476 78
278 486 66
17 144 82
330 355 38
159 222 8
162 450 83
71 124 54
150 210 45
253 336 86
295 356 2
19 71 56
142 159 54
76 215 55
55 201 3
311 426 19
483 488 11
233 479 8
104 432 78
295 442 59
51 392 36
121 246 8
44 113 100
378 485 15
276 424 88
218 284 56
161 219 86
13 276 1
6 447 7
221 267 14
318 370 14
311 427 52
361 486 36
11 326 48
29 30 30
185 263 57
51 440 86
1 343 94
81 461 89
68 253 86
192 365 11
19 185 64
89 203 95
210 439 27
103 280 63
371 485 1
306 392 67
123 327 86
273 443 83
442 482 62
162 234 49
293 318 75
405 427 73
389 401 22
292 352 91
58 370 87
254 461 58
177 381 12
111 473 58
49 392 14
58 256 86
424 467 65
44 273 33
268 377 63
270 385 41
69 187 72
70 476 42
116 264 50
102 371 27
332 490 94
180 396 15
225 268 41
284 483 50
153 364 83
346 386 42
318 395 20
82 106 95
227 297 86
92 184 30
256 285 81
402 422 61
3 311 41
0 80 79
66 471 45
62 145 38
81 131 83
322 365 64
262 361 79
172 377 44
27 46 15
326 365 94
122 477 59
214 395 36
87 176 12
124 460 100
203 476 87
147 301 81
61 222 19
198 328 36
129 338 65
243 434 72
357 406 77
341 371 8
1 108 48
286 429 38
413 435 87
131 363 20
225 316 1
77 306 73
64 311 34
6 371 55
159 465 54
389 438 78
285 324 24
47 91 27
55 454 24
433 436 73
255 490 2
69 400 6
134 419 33
48 254 96
400 498 32
71 224 3
178 359 42
85 152 95
78 420 20
315 463 62
172 227 83
172 209 72
179 376 31
198 229 70
210 321 30
266 392 51
173 198 44
288 293 7
22 189 92
251 480 11
425 433 29
62 280 4
188 455 49
19 107 63
175 495 13
135 230 61
52 302 89
49 150 85
108 221 33
102 414 10
33 198 4
85 86 1
95 337 70
292 424 42
439 486 30
153 319 51
126 444 48
29 133 80
45 293 12
447 468 42
209 476 92
87 467 4
167 379 27
292 372 89
278 445 33
454 470 35
76 199 64
201 375 87
67 391 38
249 478 42
38 286 68
340 434 57
164 334 50
52 121 9
313 440 46
53 88 33
313 418 48
22 232 28
28 131 76
110 437 79
179 400 69
312 474 96
301 479 45
244 257 87
385 489 70
143 217 85
38 396 79
176 499 28
422 497 34
265 282 43
415 439 8
119 281 21
157 251 6
88 103 17
116 315 73
193 461 31
323 393 3
101 181 5
328 419 11
54 362 83
214 308 5
136 391 42
188 390 77
83 268 45
147 383 47
253 407 76
155 270 94
126 426 53
182 304 82
60 462 54
15 215 5
277 483 71
446 465 39
428 485 99
162 354 2
258 387 25
281 483 12
75 430 2
108 444 44
211 363 25
60 125 65
195 305 4
48 388 91
426 449 36
277 296 65
83 411 56
299 474 76
44 295 100
132 271 57
43 207 32
180 394 89
11 434 6
367 393 68
54 479 33
54 487 9
264 340 79
215 316 25
91 445 20
40 474 87
192 204 58
29 308 8
40 315 67
51 237 40
420 422 16
350 493 3
120 496 100
8 117 7
148 265 3
121 134 96
427 466 63
131 475 52
156 452 10
368 474 50
99 322 22
231 299 88
19 197 96
110 377 14
40 348 58
151 498 52
269 373 70
77 113 39
379 394 100
4 216 49
25 229 94
337 415 69
191 428 82
97 188 15
388 472 12
193 200 52
280 286 84
271 290 89
318 486 18
306 384 86
18 236 61
115 379 47
226 283 39
182 471 59
177 228 55
397 403 55
289 436 43
172 421 59
43 159 41
11 80 61
84 326 13
157 183 92
115 356 68
313 360 30
44 283 6
143 488 19
459 473 39
173 366 83
468 478 46
145 485 55
408 438 14
184 488 38
334 375 33
407 415 49
88 377 69
43 123 17
175 212 62
170 194 66
27 237 93
356 448 41
178 404 49
72 444 22
369 490 49
19 293 75
73 110 49
28 352 63
140 480 98
3 291 62
239 322 30
177 211 61
292 301 28
15 234 45
437 444 78
141 417 64
170 177 39
212 246 75
36 254 56
306 474 5
177 466 5
181 265 40
122 138 47
42 327 37
183 219 20
20 183 4
43 143 35
56 489 86
462 496 5
93 286 88
168 438 38
347 383 57
217 427 84
279 384 35
308 446 12
266 310 34
237 481 55
115 166 51
62 75 2
155 331 67
69 87 84
59 246 92
161 412 67
15 86 9
172 398 92
191 345 32
76 263 71
48 194 76
145 352 30
114 161 10
40 160 30
13 196 46
248 451 75
384 408 84
148 362 100
208 235 15
170 294 77
247 293 78
237 367 56
382 452 52
61 335 71
355 360 89
62 408 87
318 430 30
91 384 52
1 226 71
260 276 1
151 240 60
226 238 48
310 468 55
137 347 3
300 493 50
12 464 13
226 250 90
174 402 22
261 278 69
69 409 6
218 491 14
368 422 81
101 322 33
362 415 8
153 399 10
275 482 65
200 301 15
110 187 78
229 291 29
205 351 43
42 44 61
38 356 49
299 468 9
79 91 51
118 130 1
356 473 66
374 491 68
98 397 7
326 372 4
199 491 81
201 414 96
62 402 23
33 371 84
236 492 86
368 424 40
292 339 66
78 422 14
5 387 45
211 312 51
196 312 43
24 464 30
425 447 51
243 386 49
165 264 97
276 319 19
54 159 46
299 394 84
169 407 49
217 350 7
200 322 86
73 306 39
31 59 55
294 462 97
428 453 25
43 182 39
98 148 50
221 270 91
36 212 68
170 417 70
389 482 82
91 435 59
37 336 66
193 350 52
392 409 34
65 207 32
104 315 64
163 454 23
219 471 6
58 346 88
1 177 96
67 282 26
296 425 96
398 483 93
274 393 28
156 274 98
212 269 11
230 257 44
354 446 80
32 71 27
150 193 1
46 169 52
177 342 63
17 60 59
163 192 63
174 305 73
156 417 33
189 199 64
341 474 10
183 337 67
67 153 38
31 421 5
223 445 44
324 341 74
180 383 43
140 234 70
120 247 24
188 395 57
257 493 41
21 138 18
407 421 33
250 387 88
226 253 30
112 486 63
162 315 51
193 202 100
41 255 38
17 443 49
11 17 42
96 337 28
355 448 35
125 268 30
225 467 17
233 280 10
127 404 14
65 123 46
196 367 73
128 415 6
59 199 75
296 415 54
13 238 49
355 422 60
4 360 70
155 191 91
232 437 96
171 457 35
408 442 3
210 372 46
88 145 60
191 204 11
226 417 20
252 363 48
79 376 31
127 309 20
118 435 25
285 356 73
286 449 45
378 463 56
263 472 97
321 458 100
79 200 21
429 480 78
238 396 4
247 467 1
176 247 12
264 413 3
159 459 2
155 296 45
6 422 52
262 486 60
11 448 48
80 497 67
54 297 87
416 487 32
212 394 92
26 297 25
351 409 76
281 397 16
12 360 96
83 492 89
167 172 80
64 281 59
321 436 15
199 482 79
15 83 76
274 332 57
342 410 10
41 104 20
103 448 58
117 285 59
48 64 11
4 337 82
125 436 17
68 262 40
1 274 1
276 314 76
206 330 54
263 438 56
152 206 24
80 429 11
303 495 79
258 322 40
339 489 67
55 321 43
161 385 10
263 300 96
59 136 97
84 314 42
10 171 49
178 209 91
169 406 43
274 352 58
178 191 68
3 374 86
243 307 37
84 212 15
255 333 44
72 420 61
145 239 26
322 483 50
147 187 58
341 402 58
14 242 52
246 473 44
375 414 47
113 121 67
137 455 63
289 344 42
21 127 7
199 428 72
176 367 59
113 364 83
284 317 25
146 300 12
277 278 63
21 432 91
104 311 56
42 251 20
377 439 82
11 100 41
140 279 74
227 470 38
68 208 78
40 134 51
281 429 97
249 484 9
62 373 54
51 77 86
13 246 78
208 323 55
50 211 2
445 462 73
211 342 53
75 172 46
45 160 94
130 431 67
108 216 59
65 284 56
322 437 83
184 415 5
47 53 36
153 450 77
305 315 43
271 344 91
66 426 28
386 495 36
332 489 56
420 431 90
142 222 80
138 347 89
29 64 54
299 432 54
209 401 89
82 205 97
24 107 66
53 67 18
331 361 48
251 341 56
96 233 93
279 463 34
109 198 99
333 383 22
271 418 31
121 417 16
41 318 48
5 92 85
23 95 73
163 349 43
424 449 48
239 380 82
25 406 1
146 248 71
371 484 78
336 409 59
39 179 27
246 249 9
327 420 78
4 142 81
88 455 25
36 415 21
327 393 51
261 390 76
70 464 44
242 433 93
298 422 26
122 408 8
105 263 43
26 67 94
42 55 63
203 254 44
207 217 23
369 478 75
61 434 50
54 179 13
289 413 35
431 439 6
106 276 30
409 444 41
150 279 24
167 190 37
286 307 42
136 449 50
154 444 19
164 338 41
188 344 90
189 377 80
117 489 47
260 348 70
71 188 23
8 453 46
338 387 22
14 343 70
145 361 24
320 358 7
191 318 24
294 434 2
44 103 29
231 429 91
29 423 51
53 237 62
60 75 52
163 464 77
21 274 64
244 409 16
308 442 100
24 417 82
195 258 11
19 151 1
354 379 41
178 179 77
223 453 39
358 448 68
120 439 66
384 390 60
5 15 87
29 347 51
175 418 28
25 231 23
18 302 70
200 462 4
112 358 72
67 157 58
29 241 69
170 374 100
341 442 44
360 473 74
214 218 65
401 498 91
0 110 10
199 386 24
41 127 94
241 384 50
106 221 20
112 346 86
72 447 44
190 417 96
257 267 87
63 352 45
52 208 78
287 407 16
211 236 57
79 269 96
98 286 30
75 486 52
156 485 15
282 316 28
385 404 17
278 386 90
384 477 89
98 359 72
69 127 37
10 416 42
0 69 71
38 357 59
59 375 85
172 189 5
213 449 24
162 286 35
320 436 9
374 400 53
86 242 40
65 288 24
446 460 93
46 77 38
157 436 17
233 389 91
9 200 37
117 169 26
213 253 78
225 355 66
173 352 21
113 233 61
9 162 73
205 225 59
71 349 71
305 381 92
237 493 81
253 444 10
210 229 46
235 360 38
315 461 32
37 282 8
41 139 3
141 339 62
267 356 91
262 497 54
121 460 24
108 146 52
54 349 52
21 241 62
139 181 58
66 266 51
199 326 77
447 497 48
366 388 95
275 320 6
144 228 47
138 465 53
145 418 78
169 254 52
297 341 43
34 394 56
37 79 93
139 434 89
167 240 82
77 105 15
393 432 51
197 209 18
3 51 94
43 394 31
236 271 25
164 351 79
95 185 32
58 408 99
92 146 6
59 222 97
421 448 78
354 358 36
140 261 36
20 209 53
68 423 59
117 235 64
310 376 77
348 451 71
263 422 68
5 402 12
313 486 78
1 436 55
173 355 42
15 339 18
170 254 43
171 239 78
15 99 65
334 495 7
75 245 95
292 428 48
236 238 77
66 381 6
159 407 60
266 314 91
163 403 14
191 354 45
26 463 77
134 482 28
95 149 62
118 301 77
316 429 20
303 358 59
270 335 52
273 381 78
149 313 38
260 430 27
79 311 53
102 451 73
359 488 64
237 425 69
97 366 33
141 346 30
118 383 35
88 250 34
219 490 89
267 372 33
75 323 81
113 204 81
305 466 76
40 89 96
337 466 83
428 499 69
353 474 73
217 346 97
277 371 85
94 266 88
194 438 41
215 336 56
85 400 29
120 450 47
62 276 62
167 277 98
340 431 29
279 472 32
134 442 67
405 411 6
419 446 14
270 362 11
105 251 9
227 496 21
5 419 54
199 314 88
166 196 69
315 421 64
238 371 66
420 463 72
169 261 4
21 225 26
175 344 81
83 286 70
126 210 9
35 411 77
9 376 63
24 342 62
47 220 30
5 142 31
316 449 46
196 306 30
101 387 47
41 458 21
106 348 100
126 194 16
336 362 92
112 169 72
460 466 64
30 358 36
47 159 33
226 402 71
170 382 84
74 226 42
109 495 90
323 357 62
73 221 93
219 376 87
304 342 14
317 369 89
290 485 71
217 441 56
214 351 21
206 293 40
356 469 72
32 221 57
136 413 7
8 130 64
329 390 99
21 452 9
223 278 96
73 259 16
115 311 67
58 354 7
160 242 30
86 312 73
422 475 63
159 323 48
158 483 41
66 431 28
449 458 2
74 490 64
179 248 78
58 326 44
32 157 45
149 182 47
86 309 92
134 180 82
68 365 72
44 463 65
299 467 93
141 345 87
13 45 14
161 179 36
352 406 17
353 487 14
349 365 3
260 326 96
46 67 79
344 357 27
22 482 75
9 467 51
53 337 12
371 377 24
80 114 60
3 449 81
95 183 97
245 420 51
353 499 25
162 353 55
58 325 42
388 461 29
305 327 82
144 402 60
6 499 55
158 489 33
309 402 36
36 261 56
343 483 9
221 232 32
363 456 98
316 359 61
267 273 99
132 338 57
288 322 58
358 432 54
87 178 91
229 269 79
4 347 9
405 487 92
1 441 18
62 398 34
366 480 47
255 397 49
129 347 56
16 375 90
137 364 41
464 465 75
166 368 39
61 480 96
194 382 2
66 495 95
99 343 57
198 302 83
328 421 80
302 481 43
135 257 29
25 459 8
86 95 20
139 307 52
59 262 59
47 138 62
45 457 52
122 367 25
104 255 67
232 311 64
63 337 18
21 107 67
432 454 39
5 412 96
117 224 96
122 197 8
228 449 54
425 484 50
170 490 57
138 376 4
113 164 24
242 275 100
0 177 80
375 411 63
4 352 93
140 377 47
103 406 31
272 393 18
170 282 33
135 175 37
10 73 69
160 486 82
299 339 68
131 273 61
80 342 60
12 451 29
82 126 11
147 421 78
246 315 91
416 439 86
174 208 27
293 387 13
78 453 55
198 491 51
216 229 96
389 405 28
70 470 90
183 275 40
143 151 82
53 82 69
448 487 90
60 197 48
291 391 75
148 212 25
129 136 51
14 443 11
247 423 17
93 219 83
42 361 4
428 490 79
284 497 15
280 316 100
228 272 8
325 469 74
66 175 7
22 446 76
93 145 56
242 333 87
213 425 24
31 431 90
32 197 63
237 453 92
77 129 6
7 121 71
121 326 44
295 470 45
28 307 84
97 270 97
162 486 98
263 284 27
79 216 73
154 168 59
57 357 21
478 492 95
221 483 94
87 166 16
158 442 58
250 474 93
4 425 63
63 135 52
107 193 96
397 423 37
94 124 20
323 443 51
92 363 46
22 188 70
247 472 100
66 271 6
234 374 88
129 261 34
58 71 28
222 335 22
95 216 4
184 246 67
42 132 56
20 314 15
35 162 83
123 130 63
129 312 40
349 468 95
241 331 69
179 344 12
70 201 49
148 298 41
363 446 16
217 351 15
214 479 83
223 231 86
9 290 3
222 442 88
234 337 92
228 474 35
168 287 14
253 481 41
102 315 55
389 464 17
309 401 45
163 423 24
351 366 49
136 254 13
100 114 75
19 32 85
275 312 86
247 408 24
380 423 14
284 337 90
13 279 1
163 285 47
75 418 46
122 326 71
288 301 81
51 396 4
89 117 69
315 372 82
6 185 17
242 334 22
32 48 2
31 403 3
149 225 12
36 72 52
251 445 62
379 452 73
13 211 90
171 303 74
183 294 51
73 132 64
217 456 29
7 125 79
176 335 63
244 387 61
43 367 22
194 263 93
4 449 96
195 250 39
194 297 9
359 449 59
211 349 16
35 146 85
70 437 30
327 403 54
79 352 24
106 184 26
78 281 92
228 493 58
207 260 64
405 461 95
261 429 57
97 304 90
178 369 69
46 88 5
198 222 34
69 359 61
195 483 96
416 421 55
55 309 3
32 187 78
352 439 14
161 494 71
232 477 88
213 444 69
140 492 7
135 250 13
58 127 7
45 412 75
288 305 72
15 414 14
51 161 93
46 134 78
49 265 26
8 207 9
54 120 3
1 95 30
382 420 89
64 316 47
3 470 10
339 373 76
171 205 84
395 439 67
276 493 39
291 343 34
256 398 35
8 399 85
8 107 94
109 487 32
452 464 4
178 363 69
215 220 45
4 362 94
220 411 19
1 157 10
159 263 77
175 194 85
124 182 52
287 421 61
252 495 1
326 333 26
0 201 33
452 488 51
322 469 42
163 378 84
170 247 96
415 457 63
449 480 35
96 418 84
275 304 8
16 95 56
5 38 89
134 351 72
263 448 32
170 486 61
70 152 26
208 266 88
320 366 74
69 357 12
239 293 78
122 325 99
466 470 15
260 318 53
158 394 11
315 373 78
277 285 7
117 458 30
18 97 45
87 179 40
104 135 13
151 304 56
428 488 45
39 385 43
251 496 11
16 111 100
35 374 95
384 394 14
258 468 89
219 411 66
253 495 96
33 224 13
34 188 32
143 385 87
144 194 24
195 218 93
458 486 59
179 390 34
13 82 2
11 206 62
225 414 82
12 88 89
25 195 51
21 224 42
146 450 65
52 354 2
168 252 52
284 298 59
126 269 31
237 432 35
447 477 20
123 273 5
151 465 85
237 348 24
114 277 3
2 341 52
22 267 61
84 274 91
101 331 37
202 290 9
46 214 84
103 146 36
84 143 20
308 439 87
190 395 45
30 381 98
224 384 53
282 334 56
16 90 27
56 145 87
146 228 48
302 483 53
172 482 99
120 459 3
241 255 25
242 306 70
301 432 11
144 207 93
163 300 61
255 466 98
28 99 80
25 37 76
104 200 26
125 298 13
81 409 80
142 255 19
19 225 42
213 366 49
107 471 44
108 473 97
92 144 54
247 346 10
125 340 93
226 311 6
130 154 50
47 59 96
188 356 81
280 288 40
403 440 86
194 378 30
56 86 64
378 477 32
193 409 55
57 287 87
386 450 54
83 484 59
178 421 41
2 246 37
26 450 21
215 356 10
85 208 9
414 494 2
201 271 44
75 287 11
5 282 64
46 195 34
133 440 11
155 337 4
19 161 30
142 350 24
77 410 42
375 391 72
24 32 71
160 166 43
240 492 15
163 248 68
47 323 93
2 477 96
301 303 82
238 485 87
2 148 79
304 410 86
124 279 52
137 404 32
198 206 32
39 405 77
5 74 12
371 464 27
146 332 26
398 490 35
64 232 42
88 181 10
90 205 71
11 227 63
218 272 7
365 375 9
213 329 85
234 263 33
233 398 5
159 257 74
182 474 61
83 387 42
229 407 7
353 429 25
153 279 94
232 471 84
155 264 58
54 332 8
186 196 59
237 427 67
263 383 87
201 457 50
95 471 95
205 410 95
217 312 5
331 422 80
90 351 16
38 141 97
68 283 20
120 245 86
270 344 27
130 212 40
83 295 77
299 421 31
160 388 12
309 337 98
284 292 2
20 72 35
340 425 95
3 26 24
120 227 26
99 157 46
81 489 82
154 288 71
9 220 88
286 313 21
127 357 7
437 476 4
155 476 84
86 338 54
8 433 65
277 489 17
294 491 73
246 310 93
279 488 67
17 331 19
226 375 5
284 435 98
211 482 98
109 134 22
84 106 11
90 105 12
231 377 40
241 445 22
137 394 25
269 340 37
137 289 34
410 442 66
287 342 28
76 434 57
64 280 86
224 342 78
139 209 85
357 376 22
92 219 87
79 158 17
113 299 62
228 276 69
218 443 67
7 460 24
280 415 94
291 347 31
199 377 4
192 346 12
27 381 16
169 453 96
41 483 16
328 471 63
240 365 50
62 480 34
75 159 10
137 425 67
132 257 55
193 271 41
222 225 32
89 109 7
253 459 26
18 459 63
115 118 79
81 405 62
22 157 21
290 437 3
5 281 5
186 449 29
143 415 34
101 199 63
278 362 93
6 298 45
84 159 69
334 476 61
61 385 22
164 435 63
181 357 11
216 326 18
35 260 78
232 403 93
150 347 100
113 141 16
256 451 31
156 369 67
269 293 68
152 470 76
120 364 1
13 463 86
356 483 90
97 426 7
106 294 41
182 378 33
155 297 93
140 159 95
362 444 51
113 176 53
340 406 15
50 483 28
27 432 90
76 115 83
26 183 78
249 400 71
206 229 30
218 257 7
497 498 52
31 252 32
115 272 57
233 413 97
53 430 52
162 400 6
117 420 28
168 363 55
93 131 63
0 146 57
305 494 34
75 426 78
157 448 57
159 401 60
399 466 67
23 197 17
29 474 64
278 284 37
51 300 96
436 446 84
19 410 66
141 460 62
2 95 79
220 279 1
9 102 25
282 294 3
83 445 47
17 63 51
55 436 96
398 439 40
66 438 10
122 192 31
300 352 87
73 96 97
268 339 19
166 178 42
136 387 65
72 171 37
4 75 78
123 270 43
395 415 31
137 345 23
410 414 63
12 151 11
75 308 21
246 359 34
8 119 43
49 455 95
173 444 71
411 416 42
135 227 88
76 414 38
199 438 51
170 310 34
347 485 26
344 368 93
14 386 36
236 394 5
69 339 73
61 361 69
54 495 81
194 199 15
203 368 35
181 205 27
23 219 1
114 213 54
295 455 78
87 113 3
206 217 98
40 273 60
240 244 8
7 416 47
4 241 71
111 426 90
100 413 43
258 423 14
128 383 41
12 294 29
456 490 18
165 279 23
36 386 58
108 271 46
178 240 23
124 283 100
466 475 56
60 401 25
222 273 11
43 469 30
88 274 5
47 378 10
48 227 57
238 360 53
206 254 3
444 451 100
66 231 26
333 388 89
274 329 64
52 234 27
79 253 82
39 437 69
276 321 3
226 360 54
445 448 90
297 348 11
151 251 80
93 385 36
112 165 18
369 435 42
36 326 16
109 263 35
141 474 4
229 486 40
92 394 36
184 194 75
332 352 2
144 390 50
100 131 40
168 266 46
327 473 99
108 211 90
333 443 62
295 364 84
258 338 9
143 170 10
139 384 46
320 478 1
116 481 88
232 441 90
271 308 57
268 294 85
271 303 40
295 430 4
217 487 5
34 414 34
348 495 93
245 428 26
227 483 15
155 286 8
95 459 51
348 427 56
409 428 58
24 344 35
81 340 34
159 467 43
353 482 24
143 237 80
165 360 40
137 160 73
419 497 28
237 274 39
52 334 100
247 312 9
101 416 11
260 323 3
53 170 85
110 272 47
53 308 4
141 228 54
225 334 47
230 427 86
346 446 55
6 296 57
189 481 89
220 341 53
278 426 23
217 226 81
343 398 96
102 144 29
89 152 26
25 291 94
155 252 70
207 464 96
147 158 93
149 229 42
331 416 41
259 477 100
244 401 2
268 464 10
67 367 59
121 208 95
104 346 74
134 205 97
25 105 65
447 455 82
269 306 28
57 176 36
35 178 85
275 427 36
164 223 20
41 92 48
380 482 6
377 443 7
87 368 79
135 353 13
61 283 69
288 461 2
217 251 49
10 152 76
81 155 17
47 214 63
274 291 52
250 337 13
36 74 73
213 378 57
106 177 100
229 471 72
79 475 27
279 399 13
83 162 87
224 360 17
88 467 15
368 465 4
51 309 9
33 399 68
82 466 76
142 175 16
170 295 56
120 373 36
125 385 57
194 357 88
26 429 92
360 464 19
61 375 55
75 118 54
373 434 23
183 238 9
185 264 51
290 297 82
98 289 64
86 126 26
41 468 17
35 163 23
95 304 81
248 359 79
179 241 43
276 283 81
103 213 31
212 419 62
182 342 30
228 325 59
301 454 81
379 482 31
267 420 80
47 424 15
124 139 10
163 391 35
356 375 26
32 65 89
146 285 58
57 397 86
67 494 85
236 353 2
140 275 18
187 474 16
335 384 100
12 403 28
153 242 63
115 290 68
179 180 81
74 271 18
20 192 45
79 457 97
444 486 70
426 495 69
130 369 48
57 178 68
166 385 85
352 424 62
268 438 29
7 452 60
67 388 74
3 460 58
387 458 25
282 290 32
4 57 21
65 481 15
112 195 16
30 183 72
10 113 51
15 406 25
360 376 65
385 418 45
49 148 56
268 276 8
66 89 95
117 206 39
38 448 24
60 77 22
224 334 25
59 416 35
72 77 6
5 496 100
266 312 43
78 464 67
400 442 21
68 316 27
95 372 40
316 321 80
231 418 81
365 386 17
111 378 100
85 426 44
30 168 97
269 334 1
27 42 23
194 217 41
162 302 58
23 357 13
300 497 8
251 265 23
39 253 77
122 307 86
132 249 17
186 227 51
138 396 65
404 409 27
82 206 54
41 463 54
86 391 51
207 286 30
22 488 47
128 325 14
13 445 28
64 135 32
149 423 23
105 403 63
209 293 75
411 463 90
113 119 41
30 456 55
10 401 16
21 294 94
149 428 32
168 453 47
219 481 9
176 302 97
294 457 81
381 392 62
340 363 75
89 257 38
236 366 92
198 383 42
20 262 89
199 259 81
315 449 54
111 240 27
26 318 46
68 245 72
63 402 45
296 337 53
16 28 96
25 398 55
130 227 53
59 189 85
42 426 84
193 386 36
85 96 33
38 55 27
343 496 74
343 356 19
29 60 24
43 173 64
57 134 50
253 453 6
247 304 98
228 316 1
91 125 37
265 285 80
184 458 81
185 360 77
262 374 52
175 182 33
241 368 13
97 344 60
97 360 48
35 172 39
134 137 24
35 67 11
38 259 39
45 90 10
179 365 31
421 499 92
355 368 82
118 323 65
76 304 32
37 216 72
289 438 50
127 144 18
81 85 10
233 424 15
77 488 73
86 359 3
200 409 31
176 411 27
342 491 72
325 415 57
82 306 11
48 450 84
350 467 88
210 304 88
15 337 59
226 350 16
159 334 77
45 456 97
181 463 43
181 262 17
403 475 16
138 371 44
75 85 73
101 488 51
60 146 43
70 432 13
356 402 94
97 254 29
427 467 46
436 472 12
297 403 79
78 220 37
248 397 30
172 365 35
156 391 59
311 411 95
2 4 29
190 254 16
34 345 31
415 427 42
70 157 21
10 299 97
120 254 29
124 202 40
100 328 60
336 436 43
413 432 29
98 326 24
128 321 7
125 275 33
31 43 48
82 411 52
60 343 88
144 205 53
178 268 25
64 480 25
136 236 59
412 484 10
231 261 33
329 440 20
140 239 13
219 445 49
98 267 98
105 332 81
53 89 72
27 274 73
182 245 89
230 455 60
169 456 97
19 403 75
22 135 12
211 488 42
35 154 85
459 484 3
291 403 57
288 325 54
335 416 20
180 237 93
95 124 69
247 331 15
352 492 49
119 475 69
116 252 30
32 121 87
92 149 42
17 314 69
70 328 26
173 233 32
62 405 72
115 178 99
244 465 76
233 387 36
111 139 24
56 171 41
159 242 98
287 321 46
47 398 6
122 191 81
178 253 95
249 496 94
216 336 21
252 455 63
75 403 52
144 483 14
253 398 15
89 199 95
11 88 7
42 420 20
16 299 80
12 50 79
250 287 44
156 418 70
63 467 100
148 325 82
91 378 48
61 268 28
201 288 73
220 451 70
2 383 36
173 202 24
69 365 41
137 247 49
34 205 8
29 191 87
24 168 73
4 52 45
114 295 2
368 479 36
7 83 28
320 324 18
440 481 3
242 411 35
75 146 85
143 428 16
179 353 55
238 487 59
11 198 82
330 412 41
90 280 87
8 16 20
388 463 81
247 459 22
76 441 3
115 336 12
196 387 12
108 467 85
158 191 37
313 368 68
147 335 74
388 417 68
75 95 83
38 409 10
8 427 43
405 434 56
491 496 1
47 372 72
156 191 22
179 236 67
17 175 66
320 396 82
84 496 88
333 478 39
121 318 38
85 147 37
62 255 44
100 185 89
133 424 86
275 457 93
40 476 97
98 296 77
195 380 81
202 387 39
152 232 12
254 386 100
170 414 71
111 395 3
106 181 75
422 487 1
99 192 47
69 476 72
122 410 60
386 432 33
149 340 50
81 291 44
232 378 18
321 419 56
144 158 77
198 394 15
247 410 84
157 355 8
112 423 74
275 314 80
144 273 85
169 341 11
42 278 12
76 88 27
264 267 51
6 48 67
108 356 23
125 378 91
241 296 22
119 332 54
222 472 17
186 418 40
44 386 95
140 193 81
90 358 65
334 394 97
17 355 5
439 454 72
77 359 12
164 414 69
394 486 26
327 486 41
417 484 33
50 498 4
54 91 57
422 432 57
281 375 89
21 382 94
359 460 26
334 404 85
74 478 11
16 241 95
101 184 63
87 360 42
63 324 75
199 263 9
28 196 19
155 348 1
20 245 23
317 375 98
217 286 90
130 175 77
194 209 18
8 151 20
295 479 64
398 414 10
78 91 57
97 202 53
60 214 59
23 166 65
39 266 96
70 100 23
244 347 47
274 427 22
335 462 20
75 352 42
341 391 48
132 138 73
1 40 34
376 460 53
176 320 15
282 400 10
323 391 97
63 277 28
121 339 19
243 379 31
205 240 44
137 395 47
238 314 22
233 343 93
199 200 5
41 309 95
200 436 4
315 427 57
30 35 84
182 409 62
160 411 75
151 472 67
288 314 13
10 317 89
37 490 74
40 341 97
296 322 58
48 487 21
241 497 36
202 458 66
232 288 93
209 267 50
252 456 55
225 401 80
479 482 85
127 154 95
50 82 61
168 357 23
92 459 52
118 491 78
61 194 76
255 264 55
264 453 47
35 189 92
290 320 65
70 340 62
87 235 58
296 485 18
108 160 91
364 409 6
75 329 27
185 331 47
108 358 88
206 226 82
425 499 23
295 393 34
54 261 35
64 481 28
16 114 25
204 226 44
393 406 66
132 345 92
127 176 8
150 242 6
88 247 27
270 478 37
236 478 72
30 315 14
53 263 31
198 451 78
275 374 28
216 462 98
172 391 69
61 274 96
109 158 26
31 349 23
146 274 60
173 255 81
166 478 26
19 308 33
348 400 73
22 324 26
303 409 42
180 340 18
70 487 36
81 428 57
88 125 41
110 232 93
106 486 26
13 116 31
311 342 77
382 484 4
324 438 68
244 492 18
59 491 29
206 247 67
290 347 9
205 418 94
68 447 53
464 473 8
191 264 71
338 354 25
85 222 75
70 348 1
134 200 75
305 363 52
69 495 38
400 477 16
36 205 21
30 117 13
89 111 68
421 425 89
3 493 67
338 396 35
178 357 74
210 455 4
2 147 6
328 441 67
71 131 74
340 452 33
123 276 67
434 485 19
308 354 32
280 453 8
132 473 7
60 402 99
34 157 36
126 199 79
206 328 78
154 357 32
82 287 98
117 268 21
209 297 39
194 480 90
32 103 6
132 169 75
90 328 71
44 445 81
214 350 43
140 314 2
57 130 39
361 393 60
92 221 68
331 407 41
346 443 85
59 326 60
145 469 86
71 474 86
133 160 90
346 493 63
326 407 55
27 250 7
193 254 97
353 376 12
329 344 33
186 389 89
230 271 9
10 483 20
254 316 4
149 153 68
189 205 70
57 305 64
241 377 86
69 466 48
342 473 8
36 406 30
173 400 99
196 379 27
80 163 88
19 395 44
287 463 34
280 471 29
141 152 58
196 338 84
19 147 21
337 407 96
40 86 49
23 450 88
62 152 44
5 296 65
213 438 69
13 427 31
216 494 60
96 295 91
24 363 28
279 375 54
85 471 38
55 110 20
148 154 15
25 271 97
11 30 60
394 420 42
77 395 64
226 275 47
79 175 34
144 357 98
40 141 82
45 382 12
200 214 2
9 149 86
26 280 70
26 92 29
3 473 45
230 238 32
190 368 77
20 91 66
337 382 29
244 362 80
51 445 84
22 142 42
170 449 63
346 484 83
252 324 48
142 435 88
35 56 75
73 488 43
424 450 80
128 260 39
283 477 69
103 476 1
103 345 22
193 445 28
50 156 5
141 484 82
375 456 50
114 149 28
302 495 9
5 59 88
75 185 99
233 284 29
45 279 87
42 208 53
121 123 85
122 406 78
377 389 25
84 154 63
100 426 100
118 255 73
399 462 59
378 465 71
214 302 83
334 493 88
483 489 33
267 349 49
45 252 26
91 326 57
34 395 62
61 129 52
215 256 34
114 231 24
104 394 68
14 280 17
11 283 43
237 281 7
72 401 81
160 235 66
101 350 71
205 331 93
60 424 20
162 320 24
285 482 95
151 407 20
1 246 85
225 326 6
115 382 94
2 27 28
72 195 97
125 138 58
69 152 53
434 473 20
96 242 53
89 107 100
404 463 27
134 290 22
91 223 50
169 472 8
148 306 13
88 152 52
60 474 64
191 461 1
47 325 53
57 86 39
151 328 91
7 492 90
282 307 13
292 384 20
180 183 78
281 364 81
113 255 5
386 391 15
290 411 89
100 472 53
24 182 63
152 341 5
249 318 3
53 312 78
269 276 85
356 371 87
259 486 46
351 445 89
194 203 15
112 144 68
228 284 95
39 238 98
153 193 54
246 319 100
86 206 18
163 326 64
80 299 32
117 197 99
36 356 100
450 497 71
30 255 100
235 298 71
174 313 29
94 237 49
219 465 47
296 463 49
210 361 73
169 223 94
228 335 70
22 59 5
479 489 51
166 190 1
28 121 12
274 447 47
61 350 39
103 260 26
316 358 7
87 139 18
120 138 96
419 420 43
332 353 59
346 490 98
77 418 44
210 406 74
130 393 41
305 370 38
171 253 11
123 159 45
307 370 22
332 461 5
122 214 66
75 482 61
191 396 34
331 414 59
48 101 16
18 381 32
188 251 78
87 350 62
369 429 26
65 134 95
112 135 57
104 275 46
30 139 27
412 459 38
236 326 25
126 183 60
118 366 4
252 365 46
173 308 37
168 467 42
91 105 15
13 122 41
152 215 28
9 86 17
15 17 28
67 488 86
123 244 15
227 304 30
142 463 21
378 467 27
122 219 99
155 174 78
327 369 2
215 246 16
113 183 77
165 380 13
8 390 69
386 406 34
44 204 69
9 170 8
140 489 88
267 291 10
262 340 25
332 414 14
53 371 12
477 499 2
121 292 76
298 494 93
345 434 63
142 254 58
96 138 71
90 326 1
112 310 50
245 289 99
151 238 85
94 361 90
104 184 12
181 494 30
2 187 44
129 153 64
328 485 31
332 400 78
37 302 58
186 301 16
136 270 60
11 169 1
334 467 17
18 486 56
350 369 91
314 319 33
68 137 10
100 442 17
240 417 12
328 443 6
295 499 10
6 9 54
225 437 39
321 325 65
202 416 62
157 238 31
346 352 15
146 372 56
72 482 91
153 227 31
382 428 19
48 207 32
203 486 31
12 407 16
78 130 4
32 75 77
98 99 89
88 464 56
277 459 23
72 95 84
217 319 51
30 275 56
189 242 75
277 310 92
216 239 23
343 458 23
160 416 26
107 444 72
137 227 2
79 349 16
237 444 21
29 445 47
175 433 43
193 456 76
347 416 61
178 444 83
380 486 27
226 394 86
307 490 51
88 120 89
4 295 13
18 353 90
74 467 37
11 47 72
280 332 15
218 224 60
258 325 5
108 156 97
237 463 91
57 208 53
28 43 81
429 448 94
226 410 51
35 212 35
76 162 35
186 462 15
9 454 3
28 180 52
313 471 42
67 78 29
200 334 37
187 367 74
64 99 60
65 110 45
334 396 17
107 311 9
249 448 91
138 152 91
175 397 7
7 377 42
38 470 86
244 452 87
63 370 47
153 299 23
22 213 25
308 458 38
61 77 66
258 436 38
24 212 64
125 201 3
19 490 12
13 149 32
5 306 63
358 437 72
82 213 24
66 390 51
75 154 59
103 299 9
256 274 49
228 331 38
247 319 27
74 296 82
3 318 70
117 241 15
82 208 38
66 226 12
65 402 75
129 485 29
350 429 3
122 234 62
59 190 33
300 384 9
123 471 79
270 369 81
29 316 30
46 351 13
255 314 59
322 439 53
40 479 87
317 467 95
171 259 72
166 492 10
59 159 95
16 460 81
294 435 34
53 86 22
32 467 1
272 362 59
57 353 16
147 291 61
79 402 86
34 497 60
39 406 73
273 357 54
145 181 86
225 486 15
404 439 96
257 412 27
209 356 15
0 65 11
87 371 45
83 133 35
170 366 40
159 303 68
365 434 26
156 173 1
200 314 67
203 441 31
205 374 68
324 443 84
386 476 76
33 349 76
116 235 55
72 143 8
302 361 88
64 254 86
24 190 32
421 480 24
166 329 55
278 451 19
225 398 82
93 346 39
45 144 84
84 244 72
30 331 93
140 444 74
207 461 56
189 303 81
353 452 86
68 478 93
39 293 65
69 463 2
264 268 53
105 441 10
41 154 89
15 41 61
105 498 80
122 348 67
108 162 20
79 479 21
239 360 64
117 394 97
235 403 12
321 347 66
295 399 22
234 462 42
203 283 73
5 225 93
11 396 69
119 404 81
199 335 72
79 319 76
32 199 88
16 292 43
208 253 71
84 298 30
12 73 99
90 214 17
12 315 1
174 476 3
328 448 44
111 351 90
5 145 89
256 444 66
128 253 4
124 178 64
89 411 15
132 166 98
363 367 56
252 323 83
215 284 83
32 111 85
170 338 95
290 344 91
164 193 53
71 323 30
399 417 38
3 388 51
213 348 50
223 376 43
425 497 54
8 78 83
142 344 34
132 280 85
90 404 25
130 282 22
146 403 88
301 318 61
337 344 12
235 265 35
190 490 35
213 361 33
187 262 15
104 147 46
25 35 58
163 395 59
118 333 30
104 161 17
190 211 57
85 236 83
69 465 94
347 468 91
380 425 87
124 475 54
21 333 73
34 131 29
99 135 53
139 204 39
206 297 47
294 355 5
144 439 52
183 329 44
279 294 11
9 485 30
277 388 82
70 302 15
152 353 63
360 411 60
305 441 65
154 321 75
315 337 99
52 70 79
103 366 24
313 485 48
231 458 33
110 300 29
108 392 77
268 287 79
21 298 72
72 476 71
65 245 68
82 382 93
21 463 5
289 300 33
60 213 50
50 53 23
369 461 89
326 378 44
265 345 72
13 87 44
301 494 38
203 357 24
381 398 65
93 263 86
28 120 46
12 362 59
112 341 15
292 319 4
229 329 40
77 214 97
76 433 99
199 465 47
81 442 85
372 482 1
209 237 39
24 40 3
230 472 17
6 14 34
101 178 5
305 307 41
30 205 40
372 430 33
280 292 99
317 397 35
168 192 53
116 202 96
323 499 27
150 277 62
242 397 34
114 451 18
375 413 49
146 245 54
160 484 39
152 439 100
424 499 38
151 273 64
27 45 39
117 378 10
49 361 38
61 359 41
241 440 86
324 406 39
266 277 13
104 307 18
122 495 24
126 255 83
55 414 99
464 478 66
320 357 57
357 370 15
106 119 23
94 456 70
291 317 87
102 104 3
146 194 47
117 313 36
194 450 92
60 368 51
112 275 48
82 469 67
69 478 32
25 89 61
40 377 9
315 362 43
175 483 59
278 429 49
222 375 42
36 497 6
305 343 62
261 272 67
94 486 20
370 409 72
67 419 25
39 391 100
4 491 16
275 336 66
11 320 21
180 203 38
37 299 96
40 327 64
319 451 19
102 489 75
280 303 43
448 477 38
187 372 42
232 361 99
145 170 76
165 250 26
167 213 71
446 484 21
158 204 17
335 474 46
454 465 100
10 139 97
27 480 100
45 397 42
24 98 42
262 314 48
251 422 39
69 348 29
92 181 69
377 444 61
98 354 100
272 313 60
51 286 32
352 409 58
336 425 43
16 68 27
407 463 59
341 383 54
351 399 78
175 390 80
166 373 35
58 373 29
89 130 93
28 269 20
479 497 26
278 446 21
249 271 86
180 415 90
137 348 65
61 224 10
323 331 97
456 495 68
3 359 21
31 330 23
30 286 25
118 218 51
8 26 87
118 208 60
3 423 15
25 162 90
16 377 58
244 343 51
294 348 63
76 214 53
27 461 4
153 422 72
22 86 78
391 466 96
226 295 66
332 493 14
8 99 38
34 177 91
164 366 85
37 287 81
36 266 73
31 116 89
93 331 74
88 261 1
321 355 6
73 369 88
46 263 33
70 477 86
175 313 85
318 483 77
101 296 26
271 471 94
84 112 86
364 412 42
132 274 85
184 472 85
33 280 32
186 288 51
156 389 41
120 123 40
167 439 97
151 436 44
31 163 16
167 325 100
97 308 7
198 379 8
112 284 8
77 85 35
66 353 55
214 392 57
220 282 65
208 225 100
114 165 96
162 393 28
224 441 48
128 134 43
304 459 60
320 439 72
141 217 91
27 232 15
54 109 45
185 431 54
320 397 84
375 425 49
33 182 34
354 418 70
53 198 39
128 209 57
118 232 47
51 409 38
71 77 48
233 263 26
169 181 16
321 382 8
100 427 65
190 361 32
86 155 77
12 165 81
111 472 76
45 84 72
41 80 93
195 437 90
55 364 35
278 433 60
292 320 21
52 383 73
261 340 41
100 166 9
339 417 51
176 362 55
19 141 51
365 366 71
29 160 10
270 358 39
46 376 36
295 344 24
226 436 74
203 296 38
10 210 35
4 43 59
83 409 56
268 489 64
44 311 88
176 218 14
2 425 60
61 223 22
82 290 81
172 460 100
101 266 85
109 366 2
182 415 72
43 58 74
133 484 46
321 341 3
180 395 99
67 433 2
24 477 37
91 417 72
307 327 92
384 414 30
34 180 13
438 459 34
116 300 36
160 456 82
182 251 11
24 408 59
20 346 37
399 401 33
212 481 82
181 490 12
160 240 18
330 427 1
209 238 2
77 301 29
152 440 90
298 320 36
251 307 91
316 382 11
68 376 88
368 480 86
244 310 81
192 488 40
47 450 39
41 430 21
66 76 21
412 429 22
235 381 40
54 107 35
285 414 66
189 316 66
51 448 33
46 174 61
169 473 54
10 355 47
17 353 74
225 238 21
83 203 39
118 363 91
453 463 24
185 329 86
296 476 38
427 454 82
238 275 84
295 454 39
344 397 24
159 392 9
150 331 56
156 236 15
285 424 42
17 232 8
12 450 98
124 166 16
140 456 69
218 396 40
277 369 31
22 398 15
298 404 74
318 427 30
175 325 87
231 369 3
176 439 29
127 389 46
106 254 74
125 264 17
210 318 38
40 353 48
124 340 25
6 386 7
48 396 4
401 425 32
104 204 89
387 456 57
41 432 65
420 466 6
202 293 84
181 453 47
5 330 2
54 185 15
12 333 29
113 418 76
185 233 82
106 133 71
94 151 57
88 207 65
71 345 45
189 474 95
10 470 55
16 116 11
302 435 97
190 469 8
150 386 30
76 327 42
50 194 7
50 221 50
127 293 40
295 326 44
0 279 31
116 294 44
164 308 66
27 363 80
188 476 40
40 370 55
56 253 15
61 338 11
139 319 71
23 48 23
9 367 53
296 410 99
25 496 64
441 455 38
115 485 19
41 48 94
241 294 86
217 242 8
263 439 44
83 94 10
26 154 3
120 192 78
111 329 21
187 477 15
60 459 64
288 479 11
232 320 3
56 480 2
460 463 100
409 445 94
23 186 18
46 336 82
163 284 34
182 274 39
17 44 29
32 402 51
284 459 57
124 193 16
333 466 45
50 352 46
185 351 82
31 156 100
119 146 19
13 490 36
315 338 26
30 459 14
29 35 66
71 275 31
434 495 63
250 332 2
273 275 30
35 77 66
211 257 54
141 205 40
213 411 100
42 126 2
280 285 77
96 339 26
26 123 54
150 173 94
144 414 36
42 437 35
96 105 75
0 236 18
67 460 1
143 361 91
116 482 30
337 392 50
70 275 12
20 336 19
431 460 90
85 155 70
468 483 9
13 31 30
10 354 22
367 474 59
154 429 44
192 439 57
299 448 63
248 394 79
12 194 56
109 339 26
62 253 38
218 231 77
226 252 41
211 293 79
121 222 38
233 341 34
136 325 21
27 276 94
267 374 20
251 290 51
369 469 14
231 354 21
48 380 55
250 497 67
201 363 56
378 416 84
35 364 24
376 408 75
82 465 11
94 398 93
409 430 19
207 381 94
108 342 88
6 70 73
37 105 36
69 92 63
281 361 85
401 421 68
61 235 26
345 485 51
42 476 90
329 408 91
57 467 7
168 309 65
41 343 45
56 359 97
106 310 78
363 413 49
162 327 18
97 208 100
264 283 78
257 377 56
175 380 20
90 195 64
285 369 11
24 124 56
32 198 64
43 77 82
134 316 28
204 259 70
344 448 55
32 243 58
33 145 41
248 377 26
295 452 17
84 383 92
164 190 77
290 385 2
34 374 62
101 441 83
393 459 49
331 398 56
283 446 33
16 127 94
39 283 78
47 491 54
16 363 79
334 445 35
82 201 94
171 200 20
275 388 57
184 337 71
165 296 65
124 156 46
65 438 60
5 272 63
57 214 84
236 300 25
363 426 99
76 87 10
220 245 90
104 444 10
107 319 50
226 372 13
78 358 99
51 138 90
271 477 32
130 264 9
264 447 16
347 433 7
17 438 20
26 232 65
156 255 35
220 392 14
144 333 47
174 416 23
453 484 37
174 206 93
156 292 9
340 414 14
291 390 16
5 268 34
3 372 75
99 179 32
189 275 94
110 479 92
199 463 51
180 321 66
254 382 71
105 456 11
9 176 67
24 405 23
440 498 96
7 259 68
158 420 36
189 438 96
170 258 4
267 378 93
372 437 16
154 372 33
39 185 1
195 372 27
226 438 100
189 380 86
200 383 87
259 464 10
36 291 14
410 437 51
5 350 59
188 349 44
373 448 18
68 71 27
139 397 32
4 289 66
233 311 7
150 318 5
64 224 25
72 297 66
321 348 86
258 331 5
104 417 98
254 351 81
44 55 74
220 395 95
358 466 23
62 399 80
217 241 25
377 379 91
327 493 79
217 298 75
8 157 59
69 102 30
348 474 96
84 229 48
123 182 24
257 294 60
348 433 30
438 484 16
7 235 72
345 395 64
41 198 9
85 293 7
55 452 57
195 306 32
148 329 26
120 257 92
57 199 73
234 288 65
184 284 7
26 356 44
1 469 39
151 431 1
204 205 40
383 386 82
100 433 91
116 498 68
39 121 13
183 493 83
183 404 61
341 396 4
30 409 1
347 391 31
24 452 11
344 385 41
123 417 47
186 228 19
86 466 42
53 179 97
4 125 79
188 209 16
36 310 64
151 476 83
42 83 64
195 266 32
233 293 15
184 380 53
180 323 47
194 483 5
368 470 58
436 444 50
229 262 8
117 123 49
36 307 97
40 139 89
45 482 47
375 482 10
75 99 71
141 220 94
13 467 91
15 280 87
4 115 17
440 492 65
348 487 65
38 144 53
62 443 93
100 280 88
122 124 66
203 341 68
128 359 27
33 421 7
218 386 49
277 446 60
92 469 19
86 119 100
332 472 2
32 496 43
102 232 18
55 412 8
194 205 34
226 257 9
64 410 83
265 393 20
48 340 41
101 312 49
91 332 89
312 401 55
239 435 61
40 279 10
305 456 91
246 394 11
19 408 7
139 459 3
128 422 26
288 441 60
262 473 27
321 346 24
282 411 22
29 362 8
216 285 62
5 319 58
316 468 16
309 448 21
6 472 5
301 330 15
137 456 27
106 279 6
193 305 71
4 296 82
390 425 92
257 374 57
136 148 95
200 493 68
382 468 78
163 320 69
380 396 81
45 374 91
253 356 4
124 308 70
32 433 33
19 67 52
154 275 32
108 452 73
385 476 14
256 289 15
291 388 23
156 211 77
469 490 14
224 362 66
303 446 74
240 487 40
143 300 68
304 307 2
49 256 58
149 499 30
214 420 70
295 411 63
28 267 42
105 234 19
46 117 100
353 476 56
406 471 75
2 172 10
43 109 97
99 334 93
403 451 28
96 154 21
117 364 35
277 288 90
202 279 90
162 192 89
24 308 44
89 486 83
428 444 42
153 464 96
71 441 32
184 226 67
410 498 47
173 241 100
384 437 94
33 442 79
54 325 64
185 426 73
222 395 19
75 127 21
134 321 43
58 150 74
75 211 12
14 361 22
223 494 67
279 405 53
134 326 38
208 497 8
96 385 63
2 320 36
60 209 55
93 151 84
18 454 17
275 428 11
64 107 4
279 437 16
184 379 23
261 422 54
314 475 89
108 480 22
107 337 81
164 282 4
15 231 48
119 202 76
205 253 57
425 429 59
312 429 25
318 407 47
46 254 33
13 51 63
124 151 10
108 306 54
70 390 29
307 454 62
313 458 18
303 496 87
110 333 59
305 386 68
66 488 16
175 257 61
230 420 89
295 492 41
362 492 63
42 303 15
65 491 96
146 486 100
77 89 65
236 469 6
419 482 31
199 271 25
235 419 62
240 434 27
210 236 99
230 441 9
264 419 60
30 132 81
292 429 29
126 478 16
201 498 7
30 248 12
148 216 78
146 195 39
116 200 23
182 196 19
69 220 8
113 382 50
94 393 7
98 276 35
20 448 81
353 407 7
138 412 52
206 271 4
56 226 36
122 266 1
316 472 76
333 380 9
151 233 3
96 462 72
159 432 66
127 215 49
180 206 14
353 375 14
107 351 83
301 480 74
40 362 90
241 246 98
173 295 95
98 301 8
99 143 55
244 276 64
23 196 13
244 443 27
280 313 90
97 309 90
74 253 69
242 264 68
173 231 40
132 393 27
284 410 54
103 141 41
147 195 52
439 460 14
61 228 22
134 234 88
198 275 70
157 479 48
103 472 36
268 470 100
31 438 31
159 286 53
368 425 96
158 342 58
303 410 51
157 347 36
20 120 27
103 282 26
71 405 93
184 300 78
87 303 29
35 357 26
249 469 34
188 472 15
193 241 21
92 356 49
357 464 45
56 80 84
100 285 91
369 377 61
102 482 80
6 147 6
311 425 44
18 89 100
353 388 21
398 467 69
214 459 29
102 263 72
441 467 4
241 354 14
372 382 46
192 242 65
269 425 75
60 369 12
228 337 26
301 305 74
127 353 41
83 256 28
185 477 88
306 442 31
52 489 86
75 250 67
119 425 2
18 169 65
114 120 1
305 340 77
106 368 99
154 438 84
301 396 28
192 348 18
199 363 32
59 168 60
218 424 53
115 377 76
106 344 91
114 238 66
20 94 79
138 213 13
102 393 88
134 294 43
176 436 75
137 339 11
298 407 10
123 348 69
256 276 6
247 289 23
78 403 87
166 393 80
222 365 100
12 71 70
82 144 47
65 305 65
273 299 68
416 474 21
102 447 42
55 122 29
122 305 34
47 155 44
154 343 53
326 393 46
283 445 75
86 123 39
121 147 86
206 497 59
318 373 14
18 264 53
99 317 39
359 483 47
199 490 15
336 391 59
278 444 32
65 157 77
379 382 84
10 310 25
10 121 49
346 373 12
29 375 67
9 379 60
250 406 87
40 319 100
3 72 23
20 433 68
21 415 88
106 162 40
306 399 24
363 490 100
118 351 9
37 130 24
482 489 67
111 337 62
346 350 35
107 476 35
84 291 79
3 368 4
413 497 90
134 491 48
184 239 99
211 460 99
5 287 69
47 161 49
58 380 93
182 363 67
171 360 99
260 349 54
169 477 91
87 427 60
137 358 77
140 374 97
205 450 44
4 419 59
288 327 34
9 325 94
190 264 55
66 320 18
302 492 16
178 322 20
295 334 9
150 176 30
51 155 31
256 303 49
346 488 54
430 495 76
260 461 21
87 404 85
124 171 34
310 424 19
149 274 57
200 376 17
91 427 40
136 273 60
231 424 75
126 448 9
184 424 65
193 433 49
414 498 31
32 69 58
349 428 30
166 250 2
266 408 97
184 264 26
220 354 26
82 297 60
164 218 71
23 418 49
278 431 8
400 424 87
145 248 24
28 427 54
52 125 66
306 481 91
26 43 33
296 393 40
50 299 98
18 157 68
98 447 95
186 486 66
172 261 26
97 291 99
116 243 96
306 437 13
226 488 39
122 177 70
104 206 31
324 451 44
48 316 35
179 351 4
76 407 61
98 283 71
119 269 85
241 476 64
329 334 61
39 207 79
95 236 17
26 418 88
105 306 85
31 425 47
71 456 41
5 89 49
334 472 96
76 386 49
88 381 85
249 468 35
14 123 20
133 161 76
239 441 23
147 183 22
255 317 75
326 385 16
18 272 21
220 344 40
112 478 23
95 117 42
274 359 20
309 447 57
7 281 95
181 473 29
388 438 26
98 458 4
30 347 100
397 437 34
181 222 90
84 321 74
194 338 66
14 209 16
191 233 13
150 294 20
25 202 77
176 212 74
335 437 62
259 304 74
199 238 15
160 354 93
383 392 40
155 175 16
5 372 84
88 491 46
159 225 33
28 49 100
309 397 28
351 410 10
58 146 84
452 499 44
71 111 40
159 475 82
425 462 15
152 437 27
13 37 82
189 190 61
13 266 85
6 52 96
226 457 20
142 383 75
25 246 19
378 462 84
223 300 61
68 74 66
68 341 25
280 355 62
68 176 44
53 370 14
41 123 35
121 137 70
88 460 39
160 286 26
39 390 6
125 206 79
83 271 26
264 382 59
77 213 52
170 355 14
117 421 42
59 330 22
363 380 32
79 494 17
335 394 91
35 345 55
39 257 28
189 307 13
293 485 79
170 488 15
40 291 56
24 249 97
73 473 6
22 187 67
395 427 36
28 139 8
222 497 67
27 217 66
136 155 73
155 326 80
230 306 4
437 441 71
127 317 99
381 396 21
60 99 30
49 355 24
28 48 22
237 257 22
361 449 88
275 298 67
10 129 91
126 404 69
112 384 89
68 437 52
193 410 65
61 139 75
57 98 86
310 354 100
361 474 6
89 262 58
262 413 8
251 349 5
49 195 9
139 433 29
14 459 76
30 498 55
39 133 75
20 52 63
7 24 26
14 447 70
284 426 6
114 413 3
135 239 88
237 392 32
17 161 98
212 441 80
153 273 60
7 324 3
229 347 32
107 232 14
228 362 70
38 192 23
24 354 46
263 265 56
119 483 1
28 378 29
359 478 56
75 119 43
31 265 1
0 331 19
247 418 74
287 412 94
158 361 2
50 178 32
94 401 22
345 468 77
420 471 49
274 437 1
182 429 99
446 480 61
407 425 22
7 487 56
109 131 13
44 468 10
195 310 47
11 406 90
10 385 15
53 456 80
113 457 58
59 322 97
171 214 94
427 460 28
6 279 49
11 101 93
155 467 4
273 499 42
357 487 17
224 434 2
99 294 68
277 464 69
189 262 75
13 339 90
299 454 95
38 118 41
69 251 78
165 389 28
284 479 78
56 495 34
330 473 22
358 488 48
136 182 4
56 70 30
279 292 43
82 134 82
146 247 89
65 78 1
340 498 67
44 413 74
243 430 80
353 463 10
114 348 85
237 382 86
173 185 5
201 232 31
139 168 76
109 253 45
295 368 99
161 395 63
282 423 80
136 428 98
232 490 36
200 206 64
41 376 69
314 458 67
59 303 38
327 438 29
111 383 46
422 468 29
335 399 3
333 471 9
74 182 19
188 208 68
200 302 49
316 334 53
41 269 11
123 135 30
92 183 46
112 253 69
368 430 55
211 254 47
294 484 14
106 268 37
93 460 92
18 244 1
119 312 67
112 473 47
148 400 18
39 313 80
11 61 74
327 459 25
122 123 7
203 460 100
51 384 31
322 412 63
142 178 62
453 469 10
58 484 1
151 395 87
27 453 21
177 243 84
180 325 55
246 455 64
44 183 43
383 474 18
188 497 9
264 450 94
250 370 18
58 83 21
119 261 69
274 435 71
49 453 42
111 440 9
146 490 20
207 413 43
348 367 81
421 486 20
253 338 49
123 256 1
325 425 57
16 81 44
19 194 82
64 423 47
201 241 94
4 299 87
199 241 80
165 410 52
118 210 3
215 295 9
208 245 86
442 499 89
0 342 87
2 43 54
41 471 53
227 453 51
88 288 73
18 42 8
418 474 77
32 499 71
65 331 52
7 417 52
97 489 84
96 412 42
256 304 90
106 493 56
124 225 58
6 318 25
8 187 48
88 414 95
273 398 82
37 156 2
49 401 86
193 235 46
78 188 61
340 447 45
320 477 10
455 476 27
96 133 33
424 473 73
141 479 75
221 340 59
105 466 81
348 358 76
67 89 55
422 482 30
402 431 69
61 178 1
113 443 79
62 310 23
277 343 77
35 134 88
293 301 4
231 326 96
140 320 47
66 268 85
6 122 66
187 188 8
385 412 72
100 190 24
339 475 83
13 267 73
183 216 60
31 300 74
190 432 6
194 451 87
377 481 50
431 474 48
157 359 50
280 392 26
372 390 47
37 367 29
57 479 38
230 373 48
68 165 93
296 314 90
59 345 30
227 427 95
108 267 9
192 420 48
47 135 45
53 449 93
210 217 87
119 488 33
394 425 31
34 375 93
412 423 83
108 445 100
401 494 85
206 279 4
26 87 19
119 290 6
279 407 13
387 472 35
96 252 42
74 392 62
174 397 94
59 315 28
8 153 10
355 432 48
278 428 52
470 494 18
44 221 10
93 260 76
162 412 72
418 496 23
221 458 51
141 420 14
38 184 56
465 472 87
314 445 30
419 450 68
233 312 25
20 254 17
393 454 85
293 382 14
30 177 74
37 342 95
247 447 95
225 314 86
248 477 58
19 61 95
34 332 14
380 455 6
127 491 38
17 197 53
33 467 39
411 412 58
136 355 34
87 215 73
370 393 47
124 458 85
270 308 84
454 467 94
44 199 10
343 438 61
95 445 10
163 392 26
297 305 11
64 217 44
228 320 50
279 377 27
147 210 4
358 425 32
410 472 77
154 391 36
47 456 43
236 445 94
39 318 22
73 320 52
27 104 93
98 445 97
148 449 37
63 468 8
127 409 10
41 183 42
253 349 69
26 65 96
99 193 82
61 112 45
208 340 1
188 225 53
109 385 83
398 459 27
84 108 83
38 42 70
165 356 52
154 281 68
343 459 48
115 280 70
345 350 74
255 334 28
57 103 95
107 368 84
58 137 62
172 471 21
143 408 12
35 123 2
264 330 23
68 434 55
273 338 4
73 344 70
165 271 37
304 411 82
320 432 53
107 332 81
80 345 9
20 358 39
106 435 32
49 215 96
75 163 21
318 391 42
274 341 75
272 470 37
22 220 58
10 300 44
62 326 84
65 401 100
277 294 65
74 261 71
202 308 16
364 395 79
304 372 56
291 456 87
193 237 17
87 340 38
8 330 19
93 98 78
79 306 86
105 335 7
146 454 1
482 495 65
296 491 68
220 420 74
168 417 91
201 227 19
24 188 9
70 135 8
174 420 37
0 370 66
403 490 40
156 397 44
30 479 32
122 366 16
80 193 36
320 464 81
13 335 63
132 443 60
87 290 5
337 428 62
187 425 83
395 433 7
186 307 53
110 497 7
31 285 61
82 355 90
161 192 79
92 461 33
321 414 65
273 362 93
324 494 53
96 451 86
54 272 39
92 433 15
264 440 13
69 221 97
9 38 33
13 364 68
435 447 50
63 325 85
344 398 46
48 127 87
305 325 17
108 147 70
8 387 63
65 451 100
379 392 68
46 244 23
108 263 21
461 496 1
287 383 29
156 218 17
102 186 24
85 255 88
43 318 9
295 418 25
115 484 54
166 192 72
102 173 89
230 344 10
78 151 10
40 74 34
141 189 85
32 288 42
77 485 81
47 205 6
187 409 15
75 456 77
221 361 15
235 449 7
101 486 40
184 412 84
164 225 66
291 322 21
110 303 5
74 120 68
30 229 81
164 387 16
287 469 73
215 251 36
205 354 73
16 328 48
7 450 72
83 304 18
65 416 26
19 343 78
289 482 22
80 491 70
16 454 62
277 411 80
2 428 93
45 418 66
175 367 57
39 100 79
315 444 73
169 308 22
377 494 74
237 437 78
116 133 52
213 472 43
50 157 15
124 125 85
92 99 92
42 438 74
6 214 10
174 257 96
137 149 64
62 239 37
26 320 61
11 356 59
108 337 41
109 340 11
111 264 9
250 460 68
102 160 21
247 284 28
352 401 71
6 352 70
265 416 65
94 479 37
51 408 40
257 356 16
378 408 51
113 144 16
62 179 25
88 399 77
64 361 4
12 373 34
64 336 17
1 57 77
268 418 56
244 441 10
154 253 72
22 104 52
84 359 61
12 48 49
44 354 88
60 463 38
103 429 35
58 116 60
6 181 86
206 235 77
62 414 42
449 491 93
230 462 46
354 396 36
75 190 37
370 435 35
333 456 19
77 311 41
24 302 40
79 86 50
3 401 48
175 224 47
66 343 2
117 358 54
203 266 63
172 290 29
120 343 86
55 205 61
1 156 44
200 397 61
196 198 100
56 232 3
26 385 44
196 289 75
39 447 88
130 178 59
103 332 57
189 419 31
62 433 45
168 319 27
15 115 45
68 188 100
188 399 92
59 437 8
15 51 47
398 400 55
283 435 38
36 202 37
314 360 33
292 313 64
429 456 98
251 289 44
307 425 48
426 481 46
155 222 77
28 123 48
164 319 96
63 143 95
102 437 30
42 340 76
26 171 81
16 71 70
277 470 1
42 275 97
147 192 37
59 63 67
196 348 30
51 180 16
114 279 25
233 267 35
143 345 63
220 305 44
283 430 96
456 466 91
180 354 3
1 290 62
260 267 25
406 479 73
113 444 6
213 293 29
20 406 19
172 250 18
52 228 21
221 310 23
255 268 11
117 318 14
109 378 18
278 488 90
109 289 90
100 292 98
137 374 23
220 343 34
213 273 71
102 477 84
197 298 39
123 223 38
186 477 52
181 194 43
52 311 93
237 332 10
326 383 46
45 116 1
95 407 28
43 52 3
55 445 61
382 406 66
202 486 73
250 394 54
255 457 37
4 76 41
115 127 66
469 483 87
179 296 95
209 223 61
178 431 21
146 322 92
261 372 4
357 422 85
