150 1200
0 17 1
17 86 1
86 104 1
104 72 1
72 45 1
45 142 1
142 80 1
80 111 1
111 41 1
41 119 1
119 99 1
99 59 1
59 8 1
8 83 1
83 24 1
24 148 1
148 5 1
5 46 1
46 60 1
60 76 1
76 77 1
77 85 1
85 74 1
74 105 1
105 118 1
118 11 1
11 138 1
138 93 1
93 13 1
13 21 1
21 121 1
121 58 1
58 134 1
134 51 1
51 133 1
133 115 1
115 139 1
139 2 1
2 89 1
89 35 1
35 34 1
34 40 1
40 66 1
66 82 1
82 79 1
79 1 1
1 33 1
33 55 1
55 47 1
47 149 1
109 92 1
48 134 1
91 146 1
51 104 1
121 77 1
131 147 1
97 27 1
53 39 1
70 145 1
95 45 1
29 120 1
127 113 1
97 104 1
143 69 1
5 31 1
128 50 1
110 36 1
79 149 1
81 37 1
16 128 1
51 29 1
63 80 1
108 100 1
35 122 1
13 120 1
147 93 1
43 134 1
11 119 1
106 17 1
18 54 1
122 106 1
140 62 1
106 72 1
27 40 1
149 74 1
37 82 1
126 60 1
142 75 1
125 22 1
148 145 1
39 116 1
148 35 1
106 101 1
94 126 1
46 141 1
62 22 1
58 142 1
66 7 1
146 11 1
46 97 1
149 9 1
93 130 1
57 5 1
104 44 1
51 47 1
25 23 1
92 55 1
138 78 1
141 39 1
84 132 1
15 103 1
60 23 1
50 23 1
139 16 1
106 3 1
49 34 1
119 140 1
69 87 1
20 86 1
24 90 1
25 65 1
115 10 1
89 51 1
85 100 1
129 144 1
74 130 1
80 92 1
26 78 1
53 38 1
126 41 1
88 119 1
144 60 1
49 61 1
8 142 1
114 63 1
64 84 1
3 75 1
121 108 1
105 43 1
146 108 1
25 144 1
56 113 1
84 99 1
59 108 1
2 126 1
43 96 1
108 49 1
13 12 1
91 133 1
99 91 1
114 54 1
86 129 1
112 66 1
69 106 1
113 10 1
26 15 1
9 111 1
35 75 1
61 57 1
107 69 1
50 87 1
72 54 1
55 63 1
50 72 1
100 131 1
100 59 1
56 18 1
118 41 1
37 77 1
141 83 1
0 48 1
29 68 1
130 41 1
38 18 1
100 58 1
56 73 1
119 132 1
23 92 1
115 18 1
98 140 1
7 114 1
16 106 1
106 146 1
88 28 1
94 76 1
70 28 1
34 90 1
111 29 1
44 5 1
10 115 1
69 10 1
99 45 1
48 143 1
147 145 1
35 31 1
109 98 1
112 136 1
89 45 1
133 43 1
110 112 1
91 79 1
85 59 1
49 119 1
133 56 1
134 122 1
75 83 1
12 41 1
111 122 1
131 137 1
141 60 1
146 90 1
80 12 1
135 119 1
26 35 1
29 64 1
16 124 1
22 78 1
44 92 1
64 54 1
109 48 1
41 129 1
11 42 1
5 69 1
70 148 1
98 56 1
54 71 1
124 149 1
84 18 1
32 23 1
134 91 1
82 31 1
8 124 1
13 127 1
23 91 1
129 20 1
125 13 1
139 127 1
62 33 1
96 100 1
99 126 1
95 127 1
90 2 1
74 18 1
18 41 1
107 143 1
34 44 1
112 108 1
66 103 1
93 120 1
5 131 1
78 110 1
97 61 1
42 109 1
113 30 1
21 11 1
140 51 1
24 98 1
145 20 1
6 58 1
108 90 1
103 85 1
5 38 1
59 18 1
63 101 1
4 84 1
6 26 1
141 84 1
141 47 1
139 108 1
90 120 1
104 147 1
31 97 1
85 126 1
135 34 1
140 2 1
54 148 1
136 58 1
35 61 1
26 89 1
46 148 1
0 128 1
121 114 1
64 85 1
124 74 1
71 14 1
19 11 1
71 17 1
116 86 1
119 46 1
8 39 1
2 61 1
137 90 1
117 55 1
122 78 1
49 11 1
38 147 1
138 129 1
108 41 1
125 98 1
134 65 1
48 105 1
145 142 1
8 94 1
98 26 1
14 40 1
87 135 1
18 16 1
133 129 1
14 15 1
138 25 1
1 93 1
29 122 1
5 146 1
15 114 1
62 103 1
125 95 1
103 94 1
37 110 1
75 97 1
118 102 1
108 92 1
25 16 1
76 104 1
45 71 1
45 25 1
132 105 1
110 0 1
60 94 1
37 134 1
32 59 1
147 137 1
102 70 1
50 110 1
139 6 1
120 22 1
1 105 1
68 108 1
96 49 1
136 141 1
144 12 1
66 100 1
108 27 1
121 136 1
89 108 1
114 93 1
17 61 1
99 129 1
53 107 1
23 79 1
147 142 1
39 45 1
100 8 1
12 57 1
104 18 1
91 60 1
17 117 1
3 133 1
21 12 1
20 16 1
117 20 1
136 30 1
40 140 1
10 90 1
42 52 1
133 7 1
104 86 1
139 96 1
117 76 1
33 66 1
149 76 1
15 109 1
57 137 1
21 110 1
109 31 1
23 71 1
67 43 1
36 68 1
94 20 1
17 64 1
38 118 1
90 67 1
44 32 1
61 59 1
42 94 1
127 81 1
112 81 1
132 61 1
65 131 1
54 141 1
41 26 1
126 58 1
94 42 1
120 8 1
33 42 1
67 28 1
3 124 1
121 43 1
9 45 1
84 119 1
93 23 1
59 62 1
69 119 1
43 58 1
112 113 1
48 133 1
86 100 1
35 77 1
38 85 1
34 126 1
30 85 1
110 126 1
53 125 1
116 47 1
94 120 1
99 30 1
31 42 1
81 69 1
42 19 1
49 0 1
124 130 1
112 128 1
93 61 1
76 146 1
135 101 1
124 46 1
23 119 1
75 18 1
42 74 1
64 57 1
105 26 1
78 122 1
15 100 1
18 144 1
125 33 1
98 31 1
126 87 1
9 141 1
135 21 1
7 63 1
19 10 1
118 54 1
112 64 1
106 51 1
135 95 1
118 72 1
13 18 1
146 99 1
113 44 1
57 113 1
60 106 1
93 45 1
12 1 1
47 27 1
131 120 1
123 99 1
42 147 1
109 25 1
61 96 1
44 22 1
59 113 1
1 102 1
129 3 1
38 46 1
118 26 1
106 77 1
8 138 1
76 73 1
134 132 1
133 59 1
6 50 1
10 0 1
70 120 1
22 99 1
130 119 1
139 42 1
32 145 1
127 90 1
23 50 1
44 114 1
39 112 1
142 10 1
128 17 1
69 0 1
28 14 1
95 97 1
88 62 1
0 88 1
76 46 1
38 16 1
12 99 1
79 134 1
16 9 1
143 140 1
121 107 1
145 61 1
51 129 1
149 46 1
32 8 1
37 79 1
120 106 1
48 140 1
101 140 1
93 122 1
89 31 1
37 58 1
66 113 1
45 12 1
70 130 1
89 19 1
89 71 1
119 37 1
43 13 1
29 111 1
121 36 1
12 5 1
119 39 1
148 126 1
67 99 1
46 124 1
43 98 1
126 148 1
25 85 1
112 47 1
146 92 1
38 141 1
110 72 1
80 14 1
24 41 1
31 96 1
31 8 1
144 95 1
80 64 1
33 36 1
87 71 1
116 110 1
2 30 1
68 138 1
115 52 1
138 142 1
63 8 1
105 0 1
34 3 1
0 84 1
23 114 1
13 62 1
71 116 1
29 40 1
18 138 1
113 79 1
94 62 1
135 16 1
91 119 1
147 55 1
2 97 1
129 51 1
53 35 1
86 59 1
12 61 1
36 93 1
70 89 1
87 37 1
89 61 1
122 139 1
14 59 1
10 137 1
2 141 1
4 49 1
12 6 1
145 137 1
34 8 1
49 78 1
109 143 1
18 72 1
31 101 1
144 83 1
120 25 1
117 35 1
63 42 1
14 94 1
56 38 1
124 67 1
21 148 1
144 32 1
18 20 1
146 2 1
113 23 1
54 88 1
33 91 1
129 97 1
49 95 1
88 120 1
71 82 1
132 10 1
147 63 1
96 43 1
105 14 1
98 75 1
4 20 1
84 105 1
148 45 1
147 64 1
145 37 1
26 65 1
120 46 1
108 19 1
0 39 1
95 38 1
31 100 1
107 15 1
0 37 1
82 37 1
122 132 1
32 109 1
13 91 1
52 125 1
117 130 1
6 38 1
101 79 1
43 145 1
128 132 1
72 98 1
72 95 1
96 117 1
143 77 1
91 84 1
129 16 1
25 75 1
42 59 1
114 11 1
135 23 1
17 126 1
140 91 1
75 2 1
10 5 1
30 83 1
37 140 1
146 25 1
50 29 1
122 138 1
78 72 1
146 24 1
83 51 1
32 148 1
17 3 1
103 73 1
125 25 1
100 138 1
143 2 1
1 94 1
149 55 1
46 117 1
33 109 1
44 2 1
44 128 1
125 128 1
67 62 1
83 26 1
127 104 1
15 46 1
24 133 1
60 28 1
1 14 1
11 10 1
62 61 1
9 115 1
108 130 1
101 62 1
42 89 1
108 95 1
135 146 1
119 95 1
87 147 1
121 49 1
75 127 1
17 97 1
60 87 1
82 56 1
131 18 1
77 67 1
35 111 1
102 65 1
114 148 1
149 142 1
98 84 1
56 84 1
70 38 1
23 141 1
106 69 1
102 22 1
86 101 1
105 48 1
71 91 1
24 92 1
113 25 1
12 9 1
22 82 1
122 57 1
145 122 1
9 44 1
71 81 1
26 38 1
101 108 1
122 93 1
21 50 1
93 25 1
98 42 1
66 128 1
64 23 1
106 25 1
57 52 1
124 42 1
33 104 1
50 52 1
40 78 1
133 85 1
25 27 1
38 78 1
100 56 1
41 22 1
116 19 1
75 130 1
97 6 1
143 7 1
3 145 1
106 149 1
98 107 1
99 57 1
67 139 1
87 53 1
25 48 1
139 3 1
50 46 1
146 135 1
130 22 1
128 29 1
2 68 1
124 17 1
101 2 1
119 26 1
140 68 1
135 112 1
6 91 1
132 72 1
39 6 1
122 115 1
78 123 1
3 58 1
142 19 1
134 124 1
39 146 1
27 132 1
37 76 1
104 97 1
63 22 1
98 73 1
90 65 1
89 80 1
5 89 1
3 56 1
95 96 1
11 148 1
25 34 1
34 117 1
53 87 1
34 147 1
123 34 1
89 125 1
120 60 1
117 101 1
31 109 1
75 36 1
121 75 1
143 90 1
97 41 1
68 51 1
3 37 1
89 87 1
82 106 1
54 60 1
69 36 1
60 5 1
96 118 1
64 113 1
130 4 1
40 129 1
101 48 1
130 20 1
119 120 1
21 69 1
117 147 1
141 114 1
122 118 1
52 17 1
60 144 1
2 71 1
112 118 1
78 148 1
68 85 1
35 118 1
9 7 1
70 71 1
13 86 1
118 101 1
114 88 1
83 109 1
45 64 1
96 53 1
139 29 1
29 115 1
73 40 1
109 77 1
88 84 1
17 50 1
4 114 1
58 36 1
47 59 1
105 93 1
127 101 1
32 38 1
63 127 1
42 115 1
95 76 1
81 109 1
130 29 1
47 14 1
110 45 1
13 68 1
119 67 1
142 81 1
76 92 1
21 19 1
108 147 1
149 6 1
15 22 1
124 19 1
6 2 1
7 135 1
137 8 1
134 99 1
114 73 1
16 135 1
96 138 1
135 134 1
123 130 1
3 26 1
90 84 1
100 85 1
104 50 1
22 131 1
97 117 1
65 103 1
144 115 1
66 53 1
95 77 1
104 61 1
20 90 1
145 143 1
144 109 1
15 7 1
89 121 1
132 149 1
135 45 1
77 131 1
131 84 1
53 81 1
88 70 1
84 80 1
31 86 1
57 104 1
80 121 1
95 137 1
122 85 1
142 137 1
38 40 1
93 48 1
44 147 1
130 11 1
21 48 1
36 121 1
108 66 1
14 25 1
66 48 1
57 81 1
96 121 1
81 96 1
104 116 1
70 39 1
68 131 1
141 78 1
121 16 1
21 57 1
88 144 1
73 97 1
81 88 1
149 128 1
17 91 1
73 107 1
70 36 1
65 54 1
71 133 1
40 96 1
28 73 1
13 16 1
115 51 1
119 104 1
107 133 1
6 47 1
81 33 1
63 129 1
17 129 1
56 136 1
82 85 1
25 10 1
118 80 1
47 97 1
130 70 1
59 117 1
124 66 1
87 82 1
120 13 1
147 118 1
75 22 1
127 93 1
27 139 1
105 77 1
114 86 1
13 106 1
12 93 1
120 43 1
99 105 1
5 10 1
145 124 1
30 121 1
16 143 1
106 74 1
6 124 1
144 131 1
86 7 1
126 70 1
95 111 1
134 18 1
52 103 1
61 67 1
39 65 1
28 107 1
29 60 1
79 11 1
92 0 1
116 102 1
139 70 1
50 1 1
29 113 1
90 63 1
88 56 1
62 37 1
131 129 1
18 78 1
132 64 1
23 124 1
37 103 1
52 1 1
104 78 1
93 6 1
132 28 1
149 59 1
47 37 1
107 91 1
126 51 1
6 110 1
46 122 1
147 106 1
131 51 1
113 149 1
35 80 1
97 18 1
42 21 1
111 110 1
47 147 1
5 120 1
141 5 1
101 95 1
69 44 1
149 131 1
108 21 1
57 40 1
135 1 1
31 41 1
16 48 1
50 61 1
8 141 1
128 80 1
140 41 1
32 45 1
70 87 1
134 110 1
34 54 1
68 14 1
145 126 1
93 54 1
94 23 1
3 35 1
110 117 1
42 93 1
50 116 1
131 109 1
14 126 1
34 65 1
105 78 1
132 141 1
70 24 1
124 45 1
36 70 1
55 6 1
60 6 1
106 52 1
15 111 1
7 120 1
101 111 1
112 99 1
100 12 1
51 77 1
101 43 1
89 147 1
1 24 1
35 48 1
128 43 1
25 47 1
1 138 1
47 51 1
138 60 1
113 131 1
82 84 1
59 50 1
120 58 1
5 83 1
91 115 1
11 128 1
33 134 1
73 55 1
75 34 1
32 44 1
107 9 1
25 140 1
84 78 1
92 130 1
50 111 1
50 63 1
28 145 1
88 116 1
110 82 1
114 91 1
30 12 1
143 122 1
60 46 1
60 63 1
28 71 1
19 45 1
110 12 1
139 64 1
139 111 1
2 76 1
15 145 1
23 14 1
99 127 1
67 49 1
130 24 1
102 87 1
33 8 1
35 91 1
98 47 1
135 131 1
39 99 1
91 23 1
44 96 1
76 27 1
114 41 1
75 28 1
34 141 1
148 111 1
49 29 1
36 0 1
62 145 1
25 136 1
130 63 1
66 28 1
135 13 1
91 63 1
16 121 1
31 51 1
125 50 1
68 116 1
95 84 1
55 43 1
18 27 1
34 133 1
143 105 1
54 105 1
51 28 1
82 94 1
121 63 1
70 43 1
120 128 1
35 51 1
103 83 1
83 80 1
50 18 1
112 139 1
8 7 1
26 92 1
64 134 1
34 83 1
1 16 1
48 97 1
86 144 1
51 14 1
79 56 1
57 65 1
114 68 1
97 53 1
55 110 1
75 139 1
22 65 1
123 95 1
105 28 1
106 141 1
16 98 1
50 44 1
107 106 1
7 74 1
126 37 1
79 24 1
103 62 1
15 0 1
114 78 1
95 103 1
80 20 1
132 107 1
129 29 1
35 134 1
115 129 1
91 108 1
102 6 1
144 62 1
25 111 1
122 142 1
75 81 1
0 34 1
22 39 1
63 89 1
16 13 1
72 135 1
31 78 1
22 109 1
50 143 1
112 58 1
30 21 1
18 19 1
84 6 1
97 111 1
12 139 1
94 143 1
31 16 1
3 25 1
76 126 1
63 67 1
6 9 1
35 30 1
58 123 1
11 30 1
111 63 1
63 25 1
126 147 1
30 87 1
137 36 1
30 35 1
60 30 1
136 19 1
135 76 1
77 73 1
21 116 1
82 124 1
17 49 1
140 92 1
129 76 1
65 48 1
106 86 1
105 12 1
9 133 1
89 99 1
28 77 1
120 121 1
86 77 1
106 11 1
17 9 1
92 143 1
18 67 1
134 39 1
66 46 1
106 113 1
148 25 1
