2020 1000
0 9 43
9 33 73
33 53 64
53 63 58
63 80 29
80 88 26
88 89 87
89 92 31
92 125 8
125 132 83
132 133 82
133 134 82
134 137 8
137 154 17
154 157 85
157 181 77
181 201 42
201 206 49
206 209 54
209 216 30
216 219 49
219 227 14
227 231 55
231 233 81
233 259 64
259 265 61
265 272 63
272 273 78
273 274 92
274 277 22
277 287 78
287 290 15
290 298 68
298 299 33
299 300 63
300 304 50
304 321 90
321 326 57
326 339 72
339 351 83
351 362 37
362 364 8
364 371 26
371 380 72
380 394 59
394 399 16
399 407 49
407 409 14
409 417 17
417 419 85
419 421 70
421 440 28
440 441 3
441 442 79
442 443 41
443 459 11
459 474 71
474 493 42
493 501 36
501 502 49
502 504 90
504 519 64
519 525 57
525 526 50
526 540 79
540 547 35
547 549 55
549 558 15
558 559 18
559 568 29
568 577 66
577 582 57
582 588 12
588 591 23
591 613 61
613 616 60
616 624 13
624 625 81
625 634 83
634 657 28
657 670 10
670 671 14
671 673 25
673 676 53
676 687 42
687 696 17
696 705 93
705 710 54
710 716 16
716 730 27
730 736 37
736 742 51
742 743 5
743 760 89
760 762 35
762 771 38
771 778 93
778 796 6
796 798 94
798 819 97
819 820 86
820 821 2
821 843 56
843 854 6
854 863 56
863 885 45
885 895 38
895 907 13
907 908 62
908 918 22
918 937 13
937 940 95
940 950 47
950 951 45
951 963 1
963 979 89
979 982 61
982 985 3
985 990 82
990 1018 70
1018 1020 82
1020 1021 62
1021 1028 76
1028 1029 76
1029 1035 54
1035 1036 81
1036 1040 55
1040 1042 51
1042 1047 60
1047 1048 64
1048 1053 9
1053 1068 41
1068 1077 57
1077 1079 85
1079 1091 45
1091 1092 16
1092 1101 67
1101 1103 83
1103 1112 21
1112 1115 84
1115 1116 10
1116 1118 43
1118 1121 23
1121 1133 99
1133 1140 40
1140 1149 5
1149 1152 7
1152 1160 66
1160 1173 88
1173 1201 36
1201 1202 63
1202 1212 53
1212 1214 74
1214 1238 46
1238 1241 96
1241 1265 18
1265 1274 91
1274 1276 30
1276 1295 33
1295 1300 36
1300 1308 30
1308 1319 84
1319 1322 33
1322 1327 47
1327 1334 7
1334 1358 68
1358 1378 91
1378 1379 63
1379 1381 34
1381 1391 50
1391 1392 68
1392 1401 61
1401 1407 10
1407 1408 96
1408 1411 20
1411 1416 17
1416 1427 73
1427 1442 72
1442 1443 74
1443 1453 42
1453 1464 96
1464 1467 16
1467 1480 5
1480 1486 39
1486 1494 92
1494 1507 29
1507 1509 82
1509 1519 58
1519 1521 95
1521 1537 61
1537 1540 87
1540 1555 9
1555 1583 33
1583 1597 21
1597 1599 17
1599 1602 36
1602 1603 78
1603 1604 28
1604 1612 56
1612 1619 23
1619 1623 22
1623 1631 30
1631 1633 27
1633 1635 45
1635 1639 76
1639 1647 50
1647 1655 63
1655 1662 13
1662 1679 11
1679 1690 5
1690 1697 4
1697 1701 62
1701 1712 10
1712 1724 58
1724 1727 40
1727 1731 26
1731 1735 12
1735 1741 48
1741 1742 56
1742 1743 48
1743 1745 65
1745 1751 96
1751 1760 53
1760 1763 58
1763 1765 71
1765 1773 10
1773 1801 98
1801 1805 73
1805 1806 49
1806 1813 13
1813 1814 1
1814 1822 83
1822 1825 54
1825 1826 21
1826 1830 26
1830 1839 10
1839 1851 8
1851 1867 8
1867 1868 90
1868 1881 41
1881 1884 84
1884 1893 24
1893 1901 31
1901 1906 47
1906 1911 18
1911 1933 17
1933 1943 54
1943 1956 96
1956 1958 65
1958 1961 13
1961 1962 45
1962 1966 42
1966 1967 2
1967 2019 85
368 737 8
174 1267 93
1572 1722 49
966 1617 45
902 1207 13
297 1486 58
36 43 92
209 283 29
1129 1827 26
168 915 2
507 1870 42
665 1924 9
870 1710 21
590 1271 56
275 816 89
209 1005 9
68 1438 93
1236 2017 33
67 1298 17
24 540 22
1202 1891 31
855 1718 29
688 1667 48
125 163 70
566 1220 47
676 1919 20
339 761 21
1115 1777 47
77 454 43
366 514 17
396 1301 84
711 1474 82
783 1249 71
293 1458 19
64 457 8
70 571 5
626 857 21
1092 1465 95
263 1504 65
231 543 98
714 785 29
506 1725 34
220 1413 73
1371 1602 31
66 1828 38
650 1066 15
283 509 99
217 1655 88
1021 1651 97
1089 1848 71
138 1613 56
211 963 89
162 1438 89
113 470 42
1612 1732 17
964 1974 44
44 1826 80
658 885 93
602 2003 88
1218 1939 49
290 1507 58
674 1894 71
240 685 31
1229 2005 81
463 974 85
468 487 88
1519 1585 6
179 1947 87
500 864 2
48 466 24
210 2008 7
774 1105 2
414 1003 43
956 1849 20
1496 1649 2
992 1768 78
113 1291 65
300 1954 84
524 1790 71
872 1849 70
675 691 18
380 1802 18
387 1101 87
1502 1686 10
1634 1823 94
636 1862 95
1237 1310 2
779 1907 100
1096 1536 75
168 212 16
280 1515 79
916 1484 23
1625 1670 49
127 946 18
593 849 47
977 1323 19
98 1386 94
269 1059 9
281 1505 32
182 1943 41
1109 1961 50
941 2012 26
1533 1804 91
86 761 55
154 1034 63
874 1156 44
1669 1927 40
82 1120 33
207 385 96
1170 1984 40
24 1539 97
459 672 70
238 769 96
42 47 21
1711 1768 91
1695 1757 63
229 692 90
1207 1393 68
507 1716 2
100 359 33
1406 1486 74
518 695 68
590 1027 99
1342 1411 56
1642 1755 30
1140 2012 39
388 603 27
778 1901 16
236 1052 74
305 805 44
1276 1641 71
920 1691 9
493 968 99
38 719 64
1465 1609 26
831 1468 20
193 895 18
685 1214 98
752 1116 68
407 847 87
968 1796 12
187 593 68
706 1855 43
485 1561 73
820 1417 43
348 640 32
506 1046 61
1518 1791 42
1559 1635 69
506 716 87
1096 1980 89
293 427 24
384 1807 71
231 1589 9
1532 1643 88
1406 1563 72
1272 1367 52
392 995 32
526 614 70
544 1882 93
24 1347 28
226 800 91
724 1722 1
118 1266 12
444 1009 94
1231 1662 89
537 2018 53
307 807 26
1173 1449 25
778 1580 22
771 1812 43
157 194 74
1256 1836 62
286 1240 35
797 1016 78
483 1159 12
457 1599 69
922 1294 27
519 1898 92
1680 2010 3
575 617 56
1450 1707 31
730 1509 91
1121 1900 94
430 1623 58
624 1365 67
520 1120 66
313 1744 16
446 1027 54
663 1425 94
500 1248 38
797 1192 100
1558 1926 40
629 1448 63
57 1987 79
617 1926 82
573 828 61
24 1031 4
1453 1554 36
1160 1289 37
1542 1872 36
1061 1474 26
219 409 1
688 826 71
166 888 68
181 1362 97
538 563 68
745 1226 46
1184 1378 72
977 1539 19
798 976 28
118 851 62
235 1691 3
126 1557 86
81 739 53
25 848 44
104 1451 31
811 1711 17
362 639 84
438 1592 63
174 508 5
44 2006 19
138 1743 99
542 1639 98
302 966 51
834 1749 80
167 1104 70
333 366 4
566 1846 16
869 1827 7
172 1294 32
1031 1881 28
196 1616 93
336 576 50
262 1635 95
363 1467 40
983 1206 54
461 1305 94
217 1842 75
322 1184 57
982 1486 18
221 398 62
1690 1946 75
410 1279 59
1290 1400 84
300 520 10
265 1719 49
377 983 86
271 935 58
1260 1629 19
896 1954 49
658 993 69
891 1615 92
1719 1798 24
1517 1739 80
104 1708 70
1109 1727 47
222 379 97
1559 1944 90
1999 2005 69
308 394 11
85 910 97
457 1701 95
1104 1614 4
1173 1455 61
72 180 9
59 333 59
294 1948 42
180 853 12
868 1126 19
904 1783 62
138 1224 47
105 826 27
816 1770 70
1054 1949 81
1410 1740 93
1247 1909 24
455 1666 50
876 1260 83
395 533 43
1778 1861 70
248 1190 47
991 1598 88
985 1690 54
901 1970 27
305 818 57
560 1590 26
833 1770 47
258 1537 28
63 732 35
217 230 82
375 813 20
1022 1497 90
1009 1683 50
150 2009 47
414 1465 10
806 1459 54
897 1503 2
405 976 82
795 1671 3
1075 1244 89
1560 1978 33
193 1923 37
1283 1787 64
1012 2001 84
1186 1532 10
274 480 95
577 1385 81
871 1910 7
123 423 34
1288 1819 28
1250 1322 37
890 1489 18
515 1507 47
1269 1987 95
1751 1859 7
1121 1154 93
577 1193 93
1049 2005 4
1352 1431 53
294 740 64
258 357 4
109 1260 80
773 1192 59
530 961 81
1361 1705 30
668 1258 18
1119 1611 59
960 1129 29
78 1660 79
1824 2019 84
907 1205 61
52 827 55
605 1511 54
68 1560 36
705 1007 82
148 1826 31
1503 1701 54
484 1487 96
320 1482 53
868 1671 49
788 1340 97
1691 1728 63
769 910 84
155 1334 65
587 1672 59
996 1892 50
1103 1417 21
270 639 32
1420 1701 85
191 1639 51
475 1014 37
444 696 29
650 1081 73
1815 1840 52
77 664 97
500 2019 54
140 1343 42
1077 1713 7
898 1383 36
174 1540 3
1388 1599 8
1927 1981 74
1486 1496 8
840 1790 38
930 1338 97
256 288 67
277 2016 39
444 525 50
213 729 59
334 1948 10
115 1560 45
306 797 69
1253 1702 23
896 1543 75
713 1386 19
741 1576 90
341 976 35
224 1080 39
736 1335 1
883 1833 4
206 1596 51
104 1746 54
814 1232 60
244 821 83
145 347 70
779 1542 91
681 1695 9
1372 1661 35
555 1122 75
1372 1751 15
1342 1687 59
216 1507 74
277 947 92
696 1468 8
297 1746 21
576 716 97
1055 1460 42
658 979 71
1007 1481 48
1123 1942 43
497 1292 10
846 1167 24
1542 1584 41
748 798 30
607 1000 50
569 1899 68
1630 1709 18
446 1916 87
705 1893 28
707 1264 62
165 679 78
1081 1159 17
1603 1751 66
1423 1720 55
485 1056 13
1287 1294 89
411 1473 62
684 814 24
454 1770 83
935 1753 11
420 1897 53
1113 1261 6
516 764 19
65 1931 90
884 1361 55
1441 1766 64
522 671 10
431 834 57
1047 1805 63
464 676 71
493 1318 83
1729 2004 89
1435 1440 6
1435 1862 7
1439 1817 26
735 1104 3
1047 1222 49
496 1768 33
867 905 28
900 1769 74
575 942 5
223 1652 57
735 959 37
914 1144 12
527 903 21
179 1505 87
1033 1739 89
987 1956 77
752 891 14
52 1703 81
9 2010 1
284 683 12
947 1225 63
198 1935 36
1306 1621 2
837 1907 5
166 736 37
69 200 49
892 1487 74
470 877 24
1145 1916 18
418 909 7
350 1467 53
1594 1939 12
898 1188 81
474 1002 49
1066 1803 90
427 527 20
413 1170 25
832 1904 68
87 1427 94
405 1021 71
971 1078 11
1299 1483 3
1130 1341 39
273 1842 69
528 1565 68
247 1168 86
118 1143 77
1339 1750 65
1000 1083 2
171 297 45
256 291 32
709 1110 90
109 1095 87
90 307 75
169 1958 26
379 1188 40
251 1412 1
1288 1293 28
1679 2007 64
555 586 13
1025 1244 1
989 1307 65
1342 1626 52
304 671 42
1409 1640 62
765 1573 56
12 951 52
10 767 64
1268 1749 59
257 1753 58
227 1054 100
570 1366 2
733 1459 21
235 1866 43
292 1070 100
1114 1408 28
433 1362 3
993 1193 42
725 1454 75
381 514 18
1545 1839 33
181 1702 8
707 1879 40
1700 1741 13
203 342 32
1223 1644 80
336 1623 36
1301 1593 49
372 1076 69
753 1278 22
1643 2002 77
189 579 84
7 1556 95
555 1293 57
385 1441 48
1346 1924 23
583 761 7
0 1082 99
686 1313 83
1144 1744 57
588 910 53
47 1348 82
432 1866 20
683 1654 82
670 1796 73
33 371 26
1125 1840 73
202 1113 65
1034 1383 12
1095 1509 71
204 1241 88
993 1744 39
145 809 71
313 1520 5
980 1319 72
1607 1653 22
170 758 86
934 1736 83
69 332 65
1014 1913 63
1445 1999 33
889 1482 47
471 1889 23
1020 1063 47
303 1900 23
1615 1719 3
723 976 90
928 1974 99
525 1728 50
1085 1829 70
588 1070 36
28 162 94
461 880 51
874 1143 26
723 1018 99
1173 1270 14
264 1113 73
1667 1817 98
1884 1956 32
465 1183 59
1151 1888 69
1472 1600 31
420 1737 61
659 1351 63
547 1339 67
1085 1610 64
171 927 37
870 1681 91
228 274 47
856 1911 49
695 1637 38
575 1071 51
311 1569 5
3 1676 94
1066 1922 32
1096 1627 98
1482 1896 69
242 1988 91
675 1360 95
783 1779 42
112 157 8
713 892 9
1135 1756 4
129 859 38
304 1471 39
1656 1795 34
217 1180 3
1156 2006 31
759 864 18
711 1032 24
680 1233 92
1455 1621 89
71 1437 71
650 1210 25
959 1069 64
674 1019 41
526 938 91
1492 1685 41
436 1066 1
931 1488 56
820 1050 39
1469 1480 79
404 1958 67
1024 1990 96
841 1458 61
1895 1963 45
584 1242 69
1676 1911 25
1280 1297 66
262 929 82
883 1390 52
1180 1564 29
1512 1983 96
1195 1308 83
557 1684 28
16 1613 86
947 1732 47
729 1939 72
355 1861 23
1143 1617 48
914 1682 60
733 1916 90
40 1706 6
1283 1723 21
1464 1603 2
878 1661 48
1300 1828 7
1209 1555 20
323 1513 76
925 1703 87
993 1887 81
1097 1960 48
55 125 58
1343 1732 53
1402 1500 50
1784 1884 87
180 1565 17
208 1745 60
622 1975 47
199 470 67
68 1408 23
779 851 10
662 1297 89
316 1027 81
902 1631 73
219 1413 87
529 742 26
461 1802 54
1543 1572 23
655 1520 74
238 1504 75
1385 1729 75
1282 1396 50
730 843 38
1178 1871 84
986 1316 82
1162 1390 56
1401 1848 89
1169 1946 58
1573 1829 18
602 658 21
1183 1479 42
678 2004 74
797 1128 47
494 613 93
116 792 16
345 1356 26
365 1708 67
656 1809 8
495 1986 6
871 1673 33
878 1700 16
88 1688 93
260 1086 97
790 1383 68
533 1961 7
501 1018 62
1744 1917 97
1124 1886 52
1304 1428 4
44 806 39
335 726 64
1460 1619 17
514 584 37
534 855 74
748 1738 34
485 1680 21
1164 1703 53
19 625 47
203 1990 79
1661 1899 95
528 958 69
116 288 52
95 206 62
908 1803 8
674 1202 42
1729 2001 1
437 650 97
1685 1949 34
1210 1976 71
362 996 43
1159 1760 14
1600 1914 70
731 1316 23
630 1417 59
808 1581 34
1154 1365 34
883 1645 87
835 1912 89
400 2002 34
543 849 17
25 354 57
194 1662 19
194 1477 93
602 1423 19
844 1691 75
131 1231 2
1625 1934 28
411 1902 26
1411 1835 59
715 1985 62
772 1425 57
1 930 69
833 945 54
1096 1489 94
303 1329 69
211 1817 17
54 669 61
17 1324 8
697 1018 51
1081 2018 79
529 1560 100
483 1978 95
