2180 1000
0 14 3
14 29 76
29 48 11
48 49 77
49 53 75
53 55 65
55 60 2
60 65 25
65 67 27
67 78 22
78 79 30
79 84 14
84 87 70
87 90 93
90 94 44
94 104 58
104 111 42
111 114 81
114 121 31
121 130 7
130 148 63
148 149 38
149 150 97
150 154 51
154 156 30
156 159 44
159 162 6
162 168 76
168 178 18
178 181 31
181 184 35
184 187 21
187 201 88
201 203 31
203 205 21
205 206 53
206 207 100
207 212 84
212 214 70
214 215 83
215 218 51
218 220 89
220 221 50
221 222 68
222 227 68
227 230 5
230 240 47
240 241 2
241 251 34
251 254 53
254 257 43
257 261 96
261 263 57
263 268 5
268 279 44
279 281 85
281 285 77
285 290 46
290 298 14
298 300 65
300 301 40
301 302 70
302 307 24
307 327 66
327 342 96
342 344 53
344 348 20
348 361 2
361 362 56
362 363 55
363 366 63
366 368 10
368 379 76
379 380 52
380 385 48
385 391 75
391 395 48
395 405 59
405 406 78
406 416 28
416 424 94
424 432 76
432 434 92
434 436 96
436 447 5
447 449 41
449 452 30
452 457 60
457 461 52
461 472 94
472 473 12
473 476 78
476 480 77
480 483 57
483 484 74
484 488 70
488 490 59
490 491 50
491 500 65
500 502 79
502 503 17
503 504 36
504 506 1
506 508 5
508 510 97
510 513 38
513 517 97
517 530 71
530 532 28
532 539 59
539 541 22
541 545 95
545 557 57
557 558 38
558 559 52
559 562 24
562 568 64
568 570 1
570 571 43
571 572 82
572 589 34
589 590 59
590 596 91
596 602 40
602 605 95
605 613 85
613 617 91
617 625 17
625 626 23
626 636 50
636 637 95
637 638 66
638 648 2
648 649 50
649 656 6
656 674 98
674 675 31
675 676 30
676 680 65
680 684 9
684 721 92
721 722 84
722 726 20
726 731 30
731 739 81
739 750 17
750 752 95
752 761 9
761 771 24
771 787 78
787 799 33
799 805 38
805 807 16
807 809 96
809 833 10
833 837 37
837 839 75
839 847 6
847 858 78
858 870 57
870 871 60
871 878 16
878 879 63
879 885 78
885 888 34
888 904 3
904 921 94
921 923 26
923 948 26
948 950 19
950 953 3
953 955 58
955 965 71
965 970 9
970 981 38
981 984 36
984 988 73
988 989 73
989 995 67
995 999 91
999 1002 37
1002 1006 27
1006 1008 34
1008 1019 52
1019 1026 66
1026 1033 24
1033 1036 79
1036 1050 36
1050 1051 39
1051 1053 23
1053 1068 89
1068 1072 94
1072 1077 6
1077 1089 82
1089 1096 7
1096 1100 97
1100 1101 3
1101 1103 29
1103 1104 28
1104 1119 93
1119 1120 6
1120 1121 50
1121 1140 92
1140 1149 37
1149 1165 14
1165 1168 90
1168 1170 50
1170 1171 10
1171 1172 87
1172 1174 90
1174 1177 86
1177 1181 95
1181 1182 59
1182 1186 1
1186 1194 59
1194 1205 29
1205 1208 7
1208 1210 9
1210 1215 37
1215 1219 33
1219 1220 69
1220 1224 36
1224 1227 68
1227 1228 34
1228 1232 23
1232 1234 59
1234 1237 11
1237 1243 75
1243 1252 3
1252 1268 7
1268 1278 72
1278 1281 11
1281 1293 88
1293 1300 61
1300 1318 87
1318 1320 39
1320 1324 78
1324 1330 70
1330 1334 24
1334 1341 96
1341 1343 89
1343 1344 70
1344 1369 6
1369 1371 94
1371 1389 32
1389 1392 94
1392 1395 56
1395 1404 59
1404 1405 7
1405 1421 56
1421 1424 89
1424 1428 27
1428 1434 77
1434 1443 16
1443 1447 28
1447 1459 100
1459 1462 57
1462 1467 3
1467 1470 35
1470 1485 18
1485 1489 7
1489 1491 27
1491 1496 30
1496 1511 82
1511 1514 47
1514 1521 89
1521 1524 92
1524 1532 15
1532 1534 59
1534 1543 88
1543 1548 38
1548 1549 62
1549 1552 18
1552 1555 93
1555 1558 82
1558 1559 4
1559 1566 83
1566 1570 79
1570 1581 60
1581 1594 8
1594 1606 95
1606 1620 79
1620 1623 77
1623 1624 36
1624 1629 27
1629 1630 13
1630 1636 77
1636 1638 77
1638 1640 1
1640 1645 43
1645 1657 52
1657 1665 96
1665 1669 15
1669 1671 34
1671 1672 61
1672 1677 40
1677 1680 47
1680 1684 23
1684 1685 91
1685 1686 73
1686 1692 55
1692 1701 71
1701 1708 36
1708 1715 77
1715 1717 45
1717 1720 97
1720 1722 5
1722 1727 97
1727 1736 47
1736 1738 85
1738 1755 74
1755 1756 12
1756 1759 32
1759 1761 74
1761 1766 64
1766 1769 41
1769 1774 43
1774 1775 55
1775 1776 92
1776 1786 69
1786 1789 47
1789 1818 45
1818 1819 79
1819 1820 58
1820 1832 61
1832 1833 78
1833 1846 73
1846 1851 74
1851 1852 37
1852 1872 47
1872 1883 90
1883 1884 50
1884 1887 88
1887 1888 21
1888 1889 37
1889 1899 35
1899 1915 91
1915 1922 62
1922 1929 6
1929 1942 80
1942 1952 69
1952 1955 98
1955 1958 10
1958 1962 79
1962 1967 36
1967 1970 20
1970 1975 94
1975 1976 2
1976 1980 25
1980 1987 28
1987 1993 43
1993 2009 82
2009 2018 35
2018 2019 51
2019 2022 19
2022 2030 76
2030 2050 50
2050 2051 41
2051 2052 25
2052 2063 57
2063 2076 48
2076 2079 36
2079 2080 95
2080 2082 39
2082 2085 62
2085 2089 79
2089 2094 29
2094 2097 10
2097 2098 42
2098 2105 56
2105 2120 64
2120 2128 10
2128 2131 41
2131 2136 36
2136 2142 23
2142 2149 79
2149 2151 88
2151 2160 18
2160 2161 60
2161 2162 64
2162 2163 63
2163 2179 14
34 55 85
848 2149 22
1450 1667 27
166 1858 29
121 2166 51
363 586 61
429 1037 61
1629 1828 32
1761 2070 15
4 1064 25
669 1739 14
489 2011 71
263 1697 49
636 1402 56
404 1486 15
202 1442 29
233 1953 63
494 912 18
790 2113 66
300 939 77
1707 2137 93
1109 2108 16
1143 1686 22
1790 2043 69
1627 1785 23
279 1692 88
712 1003 6
710 1200 81
562 1587 69
78 2006 29
183 1393 62
319 1261 31
96 823 70
1261 1460 26
409 1030 62
311 1254 19
632 1988 34
1822 2125 78
217 953 35
387 1498 31
1338 2121 26
1680 1750 8
567 670 39
972 998 53
810 1476 76
237 1596 50
183 407 29
1509 1603 53
1408 1455 24
967 1466 13
533 1212 71
1334 1602 52
910 1623 45
1608 1910 77
821 907 44
996 1373 40
248 1953 11
973 1702 42
476 1066 77
1394 1742 9
438 509 33
158 760 45
88 942 37
130 1641 64
206 357 89
35 1605 73
200 1129 38
384 758 12
874 1594 21
78 1802 67
977 1652 9
175 1087 39
877 935 20
658 1479 28
387 680 6
403 635 94
88 675 30
243 2117 71
1051 1313 55
379 1348 44
453 1856 74
280 778 31
395 712 39
718 827 11
197 352 25
862 1296 79
34 957 22
709 2164 79
1356 2012 67
278 1165 61
1131 1251 35
377 1167 81
49 2114 48
672 1114 12
1145 1866 80
984 1679 84
196 234 10
359 1915 59
587 1154 40
275 436 82
1274 1563 82
847 1825 30
168 1761 15
96 1205 66
1183 1757 24
101 1183 18
1391 1504 78
1653 1978 76
2124 2172 66
175 286 90
700 1854 53
1578 2108 29
1398 1986 38
156 713 8
738 1190 82
70 1203 29
364 1190 87
1426 1696 3
52 2044 21
1387 1969 70
762 1644 7
438 1765 28
1506 1549 40
584 2008 72
823 2028 85
1213 2113 81
652 1912 17
315 1066 24
255 1957 87
441 571 59
1032 1083 83
501 1313 66
461 2162 94
1010 1732 24
63 1839 76
219 1366 24
780 1294 39
891 969 84
739 972 19
615 1900 79
704 1964 11
844 987 86
1576 1770 33
985 1414 87
97 1072 49
567 2112 65
74 2042 8
1205 1664 87
336 1483 16
42 1309 83
108 1784 14
1582 1890 47
446 2055 53
199 1637 39
709 1197 51
435 739 9
669 998 1
468 1849 95
46 571 81
1195 1728 14
36 714 95
980 1387 52
979 1230 13
280 1240 53
640 1296 34
331 511 47
6 1443 86
124 826 39
476 2046 67
1360 1374 99
990 1685 94
721 1774 94
432 547 89
247 1626 100
293 1816 16
590 2024 41
748 1187 60
1211 2077 44
1191 1702 84
273 468 60
649 1766 66
731 1848 60
892 1031 52
995 1396 56
396 1742 85
533 2078 66
447 815 33
687 1914 8
618 1973 74
1666 1972 100
11 406 67
1197 1397 56
1385 1483 39
257 361 56
488 963 28
1934 2150 36
709 1411 60
1751 1764 15
182 475 50
938 1845 6
500 1180 97
878 1019 67
1108 1177 13
867 1071 81
209 1497 5
331 2095 48
787 1385 61
945 2164 83
99 122 31
234 347 51
192 284 61
303 578 28
1303 1663 71
841 907 23
934 1201 70
310 417 41
1657 2110 80
1468 1523 25
1074 2094 22
616 1009 16
1142 1253 29
1439 1988 7
1149 1645 72
92 800 29
264 1104 15
875 1566 20
777 1236 65
1618 2127 38
684 1564 64
317 1541 14
656 1996 44
1620 2052 84
594 1430 57
647 931 77
1480 1573 43
945 1359 7
218 1342 9
217 745 2
611 2014 99
1114 1824 67
1192 1604 10
1146 1399 84
301 803 18
624 739 63
340 2132 65
172 1072 37
261 949 50
1169 1285 47
1525 1633 74
249 1230 51
4 1410 17
52 1559 58
1179 2164 12
123 982 47
497 1695 45
1755 2100 42
1737 1970 86
1404 2068 83
782 1055 65
1687 1728 23
57 435 40
370 1470 56
505 1288 14
1071 1257 28
1702 1722 35
1380 1466 47
357 1181 84
1015 1403 12
1460 1749 95
591 1604 84
904 1150 93
178 1009 38
1097 1709 50
801 1553 90
939 1744 9
1564 1676 81
471 1450 88
613 1724 86
1324 1736 43
1029 1448 4
522 888 71
1922 1942 76
1924 1940 76
160 809 32
193 1841 34
695 703 87
576 903 37
464 1697 43
741 1351 95
1842 1946 33
1415 1860 14
288 1440 87
1099 2059 100
714 1078 51
474 693 90
1545 1676 58
396 1628 98
664 1209 16
657 781 37
402 997 76
877 1208 45
548 579 56
1428 2133 24
1059 1263 1
1795 2046 27
762 1092 58
1713 2084 79
545 1819 7
606 2040 85
280 1816 73
198 1935 43
166 1806 21
960 1767 82
448 1808 58
1035 2008 31
22 1129 2
952 1145 52
1713 2017 29
404 1382 49
761 904 84
1425 1782 42
1148 1425 75
1696 1839 10
819 1426 49
1732 2105 12
52 2072 9
549 2029 96
1465 1896 79
418 1983 28
268 1439 28
644 2140 40
477 1773 34
179 1631 21
335 1285 77
932 1064 76
86 1806 3
863 1150 81
324 2031 32
505 1405 94
323 1581 42
1496 2087 53
779 1826 1
1201 2000 56
51 1074 23
427 929 9
56 1258 73
388 1591 77
1344 1953 95
785 1353 30
97 871 31
1163 2093 30
735 826 79
714 1432 29
489 2045 73
595 1038 36
1671 1790 59
1067 1554 46
1537 1972 66
1263 1301 66
1731 2030 38
289 2155 100
57 743 4
1480 1850 56
1745 2055 63
123 185 37
555 1193 41
831 1272 18
1675 2088 58
1604 2008 54
460 1699 47
209 1290 25
1326 2033 28
471 845 69
520 1465 76
477 1537 70
1059 1155 7
1332 1733 20
301 903 93
650 653 84
91 262 7
130 225 95
494 715 35
1269 1777 52
1396 2110 55
1119 1688 64
558 2132 33
1154 1920 18
971 1341 44
265 1822 19
71 1081 52
590 731 12
1107 1166 34
850 920 92
1359 1898 53
983 1338 73
198 480 70
373 416 67
66 1776 17
1317 2005 59
1500 1691 39
195 266 20
1015 1024 88
535 836 94
1843 2124 18
449 1194 6
29 1086 32
1152 1316 90
52 1475 86
1058 1464 74
1916 2148 18
1181 1930 95
470 503 33
79 1820 34
1078 2102 94
942 2132 100
1850 1861 84
126 1814 30
248 2115 13
383 489 36
59 722 37
128 1416 48
851 1792 47
326 1733 76
1182 2132 91
70 1509 27
409 1076 75
1150 1612 16
357 795 19
412 1356 11
439 653 12
579 2149 10
189 342 32
255 662 71
846 1677 6
949 2014 25
1617 2054 9
395 1902 51
385 1535 12
352 1360 1
161 1651 30
1778 1885 18
1373 1851 35
258 619 85
1964 2107 44
1795 1806 98
116 1505 86
829 871 22
1327 1798 42
615 2007 60
971 1104 17
226 1971 59
794 2086 85
973 1601 81
1240 1664 51
1710 2083 100
877 1286 40
551 1206 45
1008 2098 22
1223 1342 13
848 1029 73
1234 2061 59
342 984 16
1336 1517 48
325 882 92
1361 1780 9
1016 1439 93
1055 1716 49
172 1351 42
1364 1544 18
37 1666 42
701 968 38
1815 2044 42
8 398 34
58 1476 28
1873 1874 77
180 1990 46
62 1443 70
1759 1898 65
872 1960 42
1745 2096 21
663 1997 51
1095 1130 75
159 488 77
70 1279 4
331 1871 84
605 1962 25
1237 1272 86
71 1074 56
1135 1960 37
516 985 10
824 1443 81
96 2144 48
652 662 86
44 602 18
169 1256 42
711 1972 80
1069 1751 94
236 257 26
107 746 4
208 1853 27
144 1173 85
1104 1724 65
1559 1847 87
1848 2163 48
864 1806 40
260 634 14
499 1401 63
1185 2025 27
531 1639 90
208 1798 46
413 649 51
188 1904 79
559 1522 10
805 2058 29
1155 1349 57
180 1856 45
232 987 49
54 629 1
402 1411 61
503 1395 31
1808 2131 35
954 1454 78
405 1653 64
1284 2133 19
197 1930 29
1036 1379 53
847 1217 31
441 1864 68
1647 2030 2
341 443 27
13 213 98
1803 1930 31
1052 1633 59
1525 1811 22
830 1840 73
774 1390 4
136 1719 13
862 1275 23
599 1575 54
164 1769 52
352 588 48
1181 1862 95
328 479 95
1272 2062 77
1111 1385 16
272 1682 40
137 2051 71
1126 1780 61
384 1139 69
722 1284 82
1157 1924 40
584 1331 2
437 583 37
355 1636 16
583 1621 37
58 1145 26
1439 2138 55
1711 1864 39
0 937 22
711 944 23
575 637 96
950 1720 8
47 540 47
272 2030 80
97 1835 90
91 1309 70
312 618 69
761 2149 57
316 576 11
98 1812 20
118 425 99
511 540 39
463 490 53
0 1133 36
1374 2065 39
793 1584 91
644 1861 74
209 1141 81
350 1946 27
1481 2125 42
815 2027 6
45 1543 83
148 806 85
894 1075 43
843 2052 99
171 1434 4
599 1545 23
451 1695 51
673 789 58
925 1657 5
67 891 12
281 1435 30
812 1270 43
279 713 7
1083 1918 6
190 1931 86
351 1039 36
123 1680 49
559 681 20
889 2049 66
1685 1696 74
613 1398 93
672 1701 63
550 1782 50
690 1154 13
1018 2082 17
517 1434 96
1042 2141 63
654 1625 64
1040 1108 69
160 1755 28
249 1411 26
673 1208 59
105 2166 7
303 1937 89
721 1935 70
380 429 42
131 1585 9
