3060 1000
0 16 52
16 20 27
20 34 7
34 64 80
64 94 25
94 105 75
105 135 65
135 148 90
148 159 93
159 174 57
174 198 90
198 199 100
199 201 85
201 209 38
209 218 9
218 231 90
231 239 58
239 256 92
256 261 37
261 262 97
262 263 40
263 265 19
265 274 52
274 276 19
276 283 23
283 284 76
284 287 89
287 290 52
290 293 74
293 308 6
308 327 96
327 346 72
346 362 2
362 368 62
368 369 25
369 372 75
372 378 92
378 380 6
380 385 9
385 399 78
399 416 6
416 426 77
426 429 64
429 433 95
433 435 9
435 442 96
442 463 71
463 469 71
469 480 4
480 487 23
487 489 81
489 492 31
492 493 63
493 497 72
497 503 81
503 505 31
505 512 9
512 514 12
514 519 27
519 521 90
521 523 1
523 529 28
529 535 51
535 543 61
543 547 24
547 554 43
554 561 7
561 570 80
570 574 85
574 576 100
576 593 61
593 609 22
609 611 82
611 619 80
619 623 99
623 630 59
630 633 25
633 646 91
646 649 77
649 657 57
657 661 22
661 664 88
664 667 31
667 669 1
669 681 74
681 692 84
692 705 31
705 717 91
717 720 24
720 725 51
725 746 59
746 749 3
749 750 15
750 755 39
755 756 75
756 771 79
771 776 63
776 795 75
795 796 9
796 801 16
801 803 22
803 805 69
805 811 41
811 817 21
817 829 32
829 836 38
836 851 97
851 857 86
857 872 13
872 882 95
882 911 81
911 914 3
914 921 39
921 927 53
927 928 33
928 935 98
935 946 44
946 950 100
950 956 50
956 957 9
957 961 97
961 962 55
962 967 58
967 974 59
974 980 25
980 982 86
982 985 87
985 989 29
989 991 95
991 1000 85
1000 1005 32
1005 1016 29
1016 1017 9
1017 1020 42
1020 1024 54
1024 1042 74
1042 1043 16
1043 1052 40
1052 1058 44
1058 1062 73
1062 1072 6
1072 1084 50
1084 1088 21
1088 1089 89
1089 1104 39
1104 1110 67
1110 1126 97
1126 1138 48
1138 1146 69
1146 1147 72
1147 1150 37
1150 1154 96
1154 1156 56
1156 1176 100
1176 1186 66
1186 1199 80
1199 1202 87
1202 1204 21
1204 1248 75
1248 1255 73
1255 1258 50
1258 1261 47
1261 1264 55
1264 1272 59
1272 1274 21
1274 1286 65
1286 1291 100
1291 1302 25
1302 1303 81
1303 1312 77
1312 1320 58
1320 1324 26
1324 1332 33
1332 1333 60
1333 1337 65
1337 1351 38
1351 1364 71
1364 1376 59
1376 1383 97
1383 1397 33
1397 1402 58
1402 1403 85
1403 1408 73
1408 1435 35
1435 1446 55
1446 1449 60
1449 1455 2
1455 1470 8
1470 1471 47
1471 1474 91
1474 1502 56
1502 1514 60
1514 1520 52
1520 1521 10
1521 1524 71
1524 1528 11
1528 1532 99
1532 1533 93
1533 1541 85
1541 1548 47
1548 1550 63
1550 1553 13
1553 1554 19
1554 1558 29
1558 1569 76
1569 1592 87
1592 1593 55
1593 1612 34
1612 1615 79
1615 1618 77
1618 1624 34
1624 1639 35
1639 1645 62
1645 1660 78
1660 1662 9
1662 1682 94
1682 1690 41
1690 1724 32
1724 1740 35
1740 1742 73
1742 1747 95
1747 1754 64
1754 1760 11
1760 1765 61
1765 1788 93
1788 1802 87
1802 1811 90
1811 1813 54
1813 1818 47
1818 1829 99
1829 1869 29
1869 1872 82
1872 1881 7
1881 1882 11
1882 1892 33
1892 1898 70
1898 1912 23
1912 1913 47
1913 1928 22
1928 1936 18
1936 1952 46
1952 1959 72
1959 1968 22
1968 1971 32
1971 1977 47
1977 1980 13
1980 1993 10
1993 1996 52
1996 2003 21
2003 2053 97
2053 2056 7
2056 2057 8
2057 2065 60
2065 2075 83
2075 2086 60
2086 2097 81
2097 2132 18
2132 2154 18
2154 2165 22
2165 2170 22
2170 2193 58
2193 2197 40
2197 2204 87
2204 2219 43
2219 2223 37
2223 2228 25
2228 2232 46
2232 2245 41
2245 2246 4
2246 2247 24
2247 2249 20
2249 2260 79
2260 2274 94
2274 2278 25
2278 2280 88
2280 2293 34
2293 2295 43
2295 2300 31
2300 2335 88
2335 2344 85
2344 2357 99
2357 2362 98
2362 2367 24
2367 2369 27
2369 2370 98
2370 2382 88
2382 2398 7
2398 2411 14
2411 2412 9
2412 2414 39
2414 2425 1
2425 2428 97
2428 2442 26
2442 2461 24
2461 2466 54
2466 2470 85
2470 2473 30
2473 2478 6
2478 2479 30
2479 2481 100
2481 2494 91
2494 2500 48
2500 2506 79
2506 2514 25
2514 2515 21
2515 2521 91
2521 2532 36
2532 2534 28
2534 2536 94
2536 2546 81
2546 2557 100
2557 2575 79
2575 2579 8
2579 2581 38
2581 2588 73
2588 2607 66
2607 2614 53
2614 2615 32
2615 2619 88
2619 2628 11
2628 2633 76
2633 2637 33
2637 2645 58
2645 2648 5
2648 2649 39
2649 2655 10
2655 2659 89
2659 2663 27
2663 2682 31
2682 2692 26
2692 2702 91
2702 2707 72
2707 2708 17
2708 2720 19
2720 2731 91
2731 2734 100
2734 2738 56
2738 2743 49
2743 2745 59
2745 2779 20
2779 2781 82
2781 2782 16
2782 2788 92
2788 2790 8
2790 2792 31
2792 2795 75
2795 2800 46
2800 2813 60
2813 2816 34
2816 2821 33
2821 2826 38
2826 2831 44
2831 2837 77
2837 2840 68
2840 2844 83
2844 2853 87
2853 2866 40
2866 2870 35
2870 2878 18
2878 2887 54
2887 2889 75
2889 2893 9
2893 2898 4
2898 2904 46
2904 2909 20
2909 2911 85
2911 2913 69
2913 2918 73
2918 2920 71
2920 2923 75
2923 2925 48
2925 2927 8
2927 2931 16
2931 2934 94
2934 2968 41
2968 2977 54
2977 2985 30
2985 2988 26
2988 2996 20
2996 2998 31
2998 3014 46
3014 3018 46
3018 3020 68
3020 3026 85
3026 3030 52
3030 3046 48
3046 3050 9
3050 3059 43
1144 2970 78
450 968 15
1696 1760 39
1645 2165 73
2323 2702 73
173 366 44
824 1831 47
443 2082 75
1842 2979 86
979 1028 6
396 586 17
53 1102 69
766 1713 52
675 2654 54
957 2654 73
247 1745 36
1587 1971 61
669 2565 32
102 355 24
235 1847 85
1124 1396 78
2724 2845 33
536 2080 23
496 2277 87
2890 3034 77
905 1921 42
551 2991 52
294 1847 90
978 1441 18
533 2355 83
14 850 18
490 2759 79
2341 2775 66
1738 2538 33
391 967 20
2346 2775 37
1050 2621 84
2536 2620 57
2808 2906 28
118 2801 31
1081 1119 45
691 2211 54
781 1461 25
887 2996 52
1049 2060 97
321 2430 25
2459 2926 86
1095 1953 35
2023 2320 63
908 2861 29
19 2173 51
1967 2049 70
49 2824 35
386 401 59
1798 2909 29
380 2895 33
265 2375 7
88 2484 24
86 2719 47
1213 2768 62
1248 2339 74
24 2761 35
1495 2492 76
509 1177 29
389 1138 67
212 1092 4
513 2583 11
712 813 29
700 904 21
986 2973 51
854 2981 20
771 2286 66
761 2298 36
2125 2355 59
135 1017 53
1404 2342 52
863 1500 7
867 2017 52
2175 2791 32
1399 2560 16
399 1595 54
513 1223 61
2570 2762 75
761 1661 96
406 2294 45
512 2542 29
143 2887 46
2236 2589 39
1900 2643 60
1766 2430 27
173 311 19
432 2077 80
1119 2802 80
1097 1371 42
565 1865 85
580 2654 33
1243 2080 33
719 3008 86
203 2774 100
2074 3045 59
1022 1337 77
238 924 4
220 2332 7
75 2183 19
796 838 16
404 2707 45
181 1669 87
724 1312 47
213 952 87
1956 2786 50
1039 2857 16
159 2303 83
442 2271 7
1219 1625 28
2206 2896 91
1074 2703 72
714 2517 79
1986 2357 26
1445 1491 26
164 2498 19
414 1683 35
642 2856 87
1194 1517 29
251 1038 65
192 1724 74
1190 1490 98
1227 2675 27
512 2795 32
1199 2774 48
341 627 28
1309 2957 1
86 2687 46
263 2466 74
2566 2941 92
2616 2732 72
2102 2909 47
2417 2682 19
712 823 95
1683 3007 1
1125 1223 92
622 2432 46
2238 2743 80
445 736 68
2406 2967 18
1287 1961 35
1318 1911 8
1845 2873 55
359 2109 73
1333 1352 61
1830 2149 1
166 568 56
1325 1664 27
2338 3027 33
611 2027 52
66 2170 66
742 1354 28
2101 2348 82
1317 2289 21
95 218 31
211 1254 89
243 2356 82
403 2141 57
978 1955 37
2172 2611 29
1437 2964 47
67 2376 35
1533 2204 52
670 2223 40
1243 1622 18
1231 2522 27
1749 3040 59
1813 2825 6
2082 2349 81
2659 2890 75
2096 2799 53
342 1770 98
539 2877 43
1440 1977 50
391 1784 43
932 2654 93
464 1185 33
1335 1949 14
136 1462 61
1935 2966 36
1533 2816 59
2528 3051 12
1301 2221 82
1554 2921 62
1481 1997 56
843 1505 57
927 2201 17
1744 2364 19
725 3056 91
148 2389 37
514 1394 12
784 1328 85
233 327 13
277 923 21
2378 2843 11
735 1098 55
487 1570 82
1361 2362 47
577 1002 95
255 2262 10
1018 1964 15
779 2789 99
2628 2722 65
67 2490 59
718 2126 3
1453 2677 24
416 2664 86
567 1411 59
909 1551 54
778 2169 26
1519 2390 46
859 2655 71
511 2894 65
545 1666 48
1333 3055 35
718 1717 19
80 1047 4
572 2627 100
1516 2990 71
688 722 79
1934 2336 38
1843 1923 70
687 3032 34
271 2727 52
448 2744 68
1345 1847 48
766 1316 93
1062 2729 86
558 2909 97
1004 2257 48
330 1684 67
433 1187 9
1405 2043 31
18 710 61
2138 2272 8
580 3019 14
276 2628 4
2149 2386 77
1795 1952 86
1581 2413 82
125 1311 65
1947 2195 36
1927 2072 93
470 2324 73
2118 2230 76
1376 1392 47
754 2627 97
877 2688 86
230 2887 75
371 1817 47
2868 3050 69
7 2487 39
1259 2116 80
1559 2318 56
428 2355 84
283 2352 28
912 2525 43
586 1204 69
1632 2813 37
704 2936 35
1583 2530 39
535 818 76
649 2288 96
619 1495 99
1190 1259 58
1096 2902 69
515 625 74
762 2058 57
161 424 19
785 796 82
1788 2990 94
1023 2753 96
686 2579 50
283 330 14
926 1055 76
2626 3045 23
644 1525 47
2678 2855 28
1430 2704 13
204 1015 98
721 1348 58
1765 3055 38
1302 2563 35
147 2509 46
2578 2634 44
1149 1241 10
79 953 30
1100 1646 37
1893 2507 86
174 1988 20
1823 2182 59
1602 1968 66
284 516 18
1280 2898 20
1742 2393 69
662 880 70
1685 1920 28
1249 1456 86
1134 2534 83
2528 2713 79
452 2708 69
1318 1636 71
611 1623 46
948 2582 61
2265 2448 19
1946 2944 18
280 2051 74
370 2067 29
1288 1898 92
683 1839 21
134 471 16
2401 2670 86
418 1432 45
912 2255 77
223 378 25
67 916 76
430 2245 52
751 1600 24
562 2657 17
368 1142 79
1443 2299 94
1919 2953 18
204 2577 43
1356 2020 81
745 1000 34
398 2498 30
1197 1287 88
862 2661 9
415 527 83
152 2201 44
1529 2951 23
249 2843 7
499 2154 95
671 1407 96
828 1924 55
358 1612 10
477 2630 34
1167 1594 80
1466 2136 12
1099 2959 19
1640 1718 74
591 751 95
2660 2728 96
432 778 94
470 680 88
1537 1732 11
2443 2874 77
1532 1781 69
305 1317 21
493 889 4
1949 2030 82
36 2621 3
1009 2125 30
1268 1400 77
2046 2449 62
1300 1474 78
1254 1591 8
134 1881 8
737 2601 11
835 1181 74
150 543 21
628 1442 36
1254 1634 20
1417 2615 61
1198 2021 49
267 425 57
204 2338 13
2383 2592 87
184 1375 13
2600 3022 10
21 2998 30
505 1301 46
65 2654 78
1907 2488 48
1014 3002 95
746 1655 98
1722 1803 67
123 493 6
1547 2998 8
418 2433 18
2224 2438 68
1075 1193 83
235 1664 3
793 2399 60
102 1142 79
1359 2741 8
617 1590 94
1321 1612 2
2845 2991 39
1537 1910 49
2198 2637 63
1542 2335 52
327 1945 81
1118 2896 40
984 2827 93
1627 1669 84
711 2917 80
1665 1776 17
138 1054 23
205 1904 34
1442 1849 1
75 1780 3
622 2712 92
1994 2678 89
438 2695 65
1132 2525 82
1501 2419 84
546 766 73
133 2490 90
0 2361 81
872 2112 7
667 2199 8
1518 3046 50
103 459 6
306 2372 34
1879 3041 75
2568 2888 95
344 2196 15
131 2279 97
63 928 15
1774 2667 63
325 2574 44
2151 2481 81
1412 2970 18
1199 2558 55
685 1480 99
766 2240 13
81 2323 30
154 961 33
446 1541 52
1332 2531 99
1642 2503 12
867 1921 67
1643 2610 25
956 2993 83
2493 2995 96
189 226 63
1140 1853 47
1256 2235 47
1715 1929 39
597 2806 97
802 1294 85
717 2224 4
495 1959 50
1077 1106 38
178 1736 96
1315 2667 92
24 2192 28
1713 2300 67
1725 1899 7
768 2600 10
135 1431 55
2324 2822 82
532 2769 92
558 999 38
1477 2524 22
190 207 23
375 1883 73
598 2771 87
1264 1362 86
808 2411 32
2011 2659 74
2419 2561 77
307 2029 86
473 2709 25
737 2514 76
754 1381 88
1420 1782 51
1183 2358 2
1366 1961 29
2729 2783 68
1347 2304 11
572 673 32
2657 2956 81
1611 1830 34
53 729 56
53 2077 12
107 2706 11
187 2570 56
1863 2236 88
463 990 18
532 2780 36
2067 2432 10
1159 1634 97
839 2076 3
1550 2625 68
1696 2063 26
1303 2611 81
775 1710 28
2267 2295 17
371 2533 52
1713 1864 85
1524 2142 87
94 1970 75
2368 2523 89
129 1618 27
1020 1149 45
501 632 69
766 1729 97
1414 1591 71
233 622 10
2327 2561 30
2039 2799 66
419 625 41
252 484 15
485 2820 34
625 712 48
1149 1724 61
831 2611 61
1611 2677 82
292 2072 29
2415 2654 53
449 2006 21
743 1409 12
1464 2240 96
998 2356 98
1607 1984 74
1319 2122 13
2122 3030 19
847 2738 39
783 3022 74
114 1290 69
2060 2847 25
709 1708 99
642 2904 84
623 2984 45
936 2555 61
110 2720 75
2197 2899 41
1630 2157 81
2147 2224 68
215 433 95
606 2510 46
73 216 31
939 1809 86
1863 2254 82
2347 2738 26
983 2206 61
899 2404 37
2920 2939 62
1254 1658 74
2020 2921 88
779 2292 52
125 2254 78
122 2572 68
782 1165 42
847 1942 50
1470 2811 97
2117 2913 36
250 637 65
1838 2423 10
988 1119 4
261 2468 83
1370 1894 30
387 515 27
467 2591 9
1283 2324 100
211 219 73
735 1137 59
1933 2647 59
263 1787 42
604 642 52
1855 2982 37
1081 1401 78
340 486 86
3027 3028 83
1544 2023 57
1153 1607 48
172 2791 42
1691 2670 71
559 3055 33
1130 2610 93
1973 2360 41
322 1926 95
317 2223 91
2020 3024 68
1084 3002 87
946 2949 3
289 1163 79
462 2546 23
395 1009 26
2252 2321 38
1923 2809 56
214 1851 52
857 2025 61
476 1057 17
575 1793 7
1700 2095 97
983 1975 47
1578 2653 68
829 2737 93
203 1761 91
2118 2309 96
145 305 14
822 2678 98
2581 3002 90
587 2310 5
875 2099 34
571 2871 81
672 989 22
1491 2425 96
1180 1756 79
482 980 60
546 674 7
80 1984 97
429 2118 84
856 1780 51
1263 1741 65
