150 600
0 108 1
0 28 1
0 139 1
0 131 1
0 49 1
0 54 1
0 88 1
0 16 1
0 39 1
0 95 1
0 18 1
0 130 1
61 149 1
2 149 1
37 149 1
7 149 1
33 149 1
40 149 1
24 149 1
132 149 1
84 149 1
111 149 1
78 149 1
8 149 1
30 109 16
122 12 38
141 7 32
4 99 37
113 14 92
47 124 55
125 100 57
42 60 60
33 44 61
44 40 3
118 39 98
136 91 71
7 83 19
79 112 84
99 125 55
56 124 56
144 25 57
121 105 32
67 56 19
111 91 98
126 142 7
26 55 36
21 96 67
127 86 97
112 32 47
2 25 88
83 147 27
71 134 4
50 82 87
132 125 78
9 1 54
60 88 56
15 8 4
54 40 81
129 27 39
141 90 78
99 61 33
99 69 32
86 132 23
65 136 30
9 2 44
48 23 41
118 19 18
133 43 30
4 131 69
77 115 84
136 26 64
57 68 71
60 104 10
145 140 79
94 77 66
7 91 57
54 61 30
124 104 60
7 98 67
22 27 48
88 3 85
129 44 13
98 79 87
24 33 52
115 134 73
35 124 94
106 33 39
46 94 34
55 85 8
127 60 25
55 146 31
78 100 75
140 46 56
75 111 38
7 90 28
5 13 63
75 141 76
22 32 74
28 144 66
114 101 71
93 120 27
136 118 5
3 12 21
6 104 50
82 45 6
52 50 84
71 124 79
146 92 98
33 87 91
50 104 72
8 105 100
51 145 58
20 129 95
25 117 95
6 11 71
137 126 63
53 135 25
110 113 44
7 88 72
146 90 35
9 17 82
101 19 77
149 104 89
47 101 76
62 22 97
2 49 29
50 74 31
103 87 4
28 20 20
60 34 56
14 63 91
138 130 10
120 31 86
34 30 4
82 97 60
118 70 68
53 104 62
35 61 53
4 110 62
61 119 98
4 112 56
132 117 82
36 142 36
111 131 45
15 129 58
51 100 2
87 85 2
123 44 51
8 49 2
49 121 81
110 0 23
138 63 39
99 123 20
91 42 66
54 36 13
26 118 7
84 53 32
132 42 68
85 121 21
135 74 41
62 68 11
22 39 72
112 148 66
143 26 97
111 41 86
91 101 13
17 28 4
94 143 56
21 33 9
40 135 59
70 88 38
57 138 62
141 69 27
56 132 86
137 133 65
3 83 20
60 125 27
35 81 95
10 126 96
112 88 24
6 143 87
29 104 75
138 89 98
15 0 18
14 135 82
81 94 92
27 144 35
117 118 44
129 40 2
37 56 90
51 43 43
26 86 33
12 19 15
44 82 33
104 137 86
19 47 93
140 77 85
121 123 26
114 146 64
12 149 46
27 76 61
38 70 55
44 133 28
147 85 80
34 133 57
39 139 84
74 126 57
107 8 90
3 82 78
40 2 66
2 91 43
134 91 32
38 79 82
86 23 29
29 27 79
46 132 30
95 40 38
55 148 75
76 123 30
110 117 53
137 61 10
131 120 82
92 74 42
54 96 95
94 6 27
139 52 57
31 96 79
23 100 20
75 80 92
6 50 6
25 8 11
58 62 6
3 48 47
139 57 31
141 92 56
96 86 26
142 14 25
127 58 78
58 148 81
62 44 63
76 94 25
128 143 52
135 53 49
21 86 32
95 143 61
88 69 78
80 76 38
124 145 1
120 148 12
7 81 54
142 132 21
32 38 16
126 34 19
104 67 94
137 26 26
43 106 26
88 127 97
9 132 50
48 148 85
38 133 66
17 41 60
33 45 58
148 64 2
102 1 47
28 137 52
118 52 37
117 46 16
57 34 28
7 71 8
24 125 50
67 130 77
75 74 77
54 74 93
47 5 68
74 119 17
66 76 66
99 117 2
32 34 70
138 111 84
128 51 49
29 89 40
79 146 52
44 134 97
76 55 97
141 116 97
30 11 70
129 104 3
123 106 35
6 55 27
60 72 19
3 62 6
53 41 17
78 127 37
147 130 57
65 5 39
82 64 76
62 2 1
117 45 25
141 145 67
10 72 36
74 41 20
63 98 95
22 38 7
99 67 72
147 132 22
138 125 96
3 148 2
129 107 38
113 19 74
45 94 97
43 123 36
135 86 68
19 80 10
27 8 99
70 31 87
81 80 58
111 136 37
73 14 41
52 0 88
41 123 39
72 122 55
149 23 44
10 60 2
42 129 18
62 147 38
12 81 79
25 115 10
118 102 48
30 72 1
13 30 38
27 112 34
86 33 91
81 95 76
18 76 18
130 13 92
47 88 14
141 74 100
140 20 56
24 109 16
3 59 10
13 93 27
97 83 17
92 40 97
69 101 59
125 87 46
71 2 16
23 147 1
64 47 44
139 21 41
66 49 83
7 75 90
38 41 100
114 45 92
27 96 55
93 31 42
103 40 77
129 112 61
61 22 79
15 67 61
133 48 40
40 48 48
63 70 46
29 118 9
82 145 72
138 147 39
149 5 32
127 125 18
98 100 30
19 36 74
2 72 55
89 42 82
52 91 52
48 69 84
7 130 55
116 120 53
115 149 98
91 112 4
17 148 82
14 64 83
59 81 34
88 1 62
84 35 79
4 88 62
22 76 8
93 97 12
96 102 26
76 31 3
39 74 88
58 77 6
52 134 82
108 109 44
97 128 99
3 29 91
114 73 18
76 46 3
95 41 49
148 27 20
119 45 79
19 39 78
56 43 79
94 86 88
14 137 89
11 106 68
87 36 38
68 21 25
127 39 60
35 63 52
28 86 8
6 33 12
92 58 90
24 81 89
0 140 86
36 19 31
9 91 89
11 2 15
113 82 13
145 143 77
9 18 77
47 108 42
145 21 16
46 10 39
147 2 87
11 144 2
126 18 14
67 133 94
103 32 59
99 54 77
59 95 18
56 79 19
126 10 55
65 14 47
20 94 87
8 137 31
61 6 63
141 13 67
43 134 11
19 35 100
34 125 32
75 24 78
45 135 60
105 99 63
34 67 97
91 15 11
58 8 62
28 94 68
1 130 90
65 69 4
67 14 51
32 119 66
75 32 60
15 84 15
4 78 72
61 106 49
45 39 89
38 103 46
87 13 74
44 137 62
119 58 97
129 2 69
139 140 57
71 119 66
139 50 53
145 0 45
64 14 59
93 75 48
122 34 73
81 14 89
88 97 32
109 75 67
0 14 90
38 8 41
117 103 33
38 148 4
125 67 78
19 147 59
49 12 21
105 35 2
59 55 20
40 99 63
73 51 74
68 51 31
147 4 42
140 13 99
2 123 17
33 96 4
88 149 70
108 29 88
74 31 53
45 80 24
2 26 6
8 34 94
118 48 100
61 12 93
103 16 34
146 111 78
85 44 71
32 99 26
104 40 36
121 34 43
23 137 67
112 117 68
32 60 60
68 144 39
35 39 9
25 40 73
57 52 45
147 53 14
59 141 52
24 134 7
19 44 59
33 82 22
46 101 6
28 49 6
142 78 58
129 116 80
90 127 51
62 58 71
70 8 49
41 10 46
82 59 49
132 136 17
59 134 67
37 57 58
19 104 50
113 49 92
118 109 76
143 19 35
81 84 61
118 45 89
127 131 29
13 125 42
33 139 82
84 105 66
64 90 43
128 111 88
59 111 10
24 59 29
49 8 31
22 55 29
61 114 87
90 27 45
41 5 43
142 117 67
14 61 12
60 12 81
81 122 18
36 38 4
138 112 20
128 127 48
86 107 80
5 42 95
16 104 93
146 125 8
4 113 42
28 101 58
83 138 93
130 138 27
38 46 84
27 123 74
122 45 6
112 130 97
112 71 12
12 84 65
78 112 44
139 9 41
6 5 39
58 61 82
27 105 24
128 41 26
8 35 40
120 144 4
83 12 57
55 2 48
63 112 61
20 74 93
35 62 57
36 88 32
93 149 38
72 14 4
47 33 21
52 107 10
41 124 60
33 47 65
63 132 42
59 128 43
79 19 27
36 43 91
112 135 15
67 124 99
55 109 75
91 119 71
7 41 91
52 113 9
126 14 80
123 8 94
74 78 60
7 52 20
29 16 66
47 70 91
135 98 2
