3800 1000
0 2 25
2 3 95
3 5 23
5 9 43
9 21 59
21 22 59
22 57 91
57 58 25
58 67 85
67 81 76
81 86 16
86 93 82
93 114 32
114 117 3
117 132 91
132 136 66
136 139 75
139 142 53
142 147 89
147 164 42
164 181 34
181 183 4
183 190 11
190 194 9
194 206 60
206 210 96
210 219 74
219 228 64
228 246 6
246 253 81
253 255 92
255 260 69
260 261 100
261 269 89
269 270 50
270 275 31
275 287 6
287 293 47
293 297 59
297 301 89
301 302 71
302 310 34
310 314 53
314 325 54
325 342 99
342 343 30
343 352 50
352 354 68
354 356 46
356 372 46
372 375 5
375 405 63
405 412 91
412 416 50
416 424 70
424 427 60
427 430 74
430 445 84
445 466 92
466 467 65
467 470 60
470 471 60
471 476 39
476 479 3
479 481 78
481 482 6
482 492 17
492 496 4
496 500 49
500 509 57
509 515 99
515 518 6
518 520 6
520 526 12
526 535 11
535 542 26
542 545 86
545 546 61
546 547 60
547 552 35
552 570 24
570 587 27
587 597 13
597 601 87
601 605 62
605 608 77
608 619 68
619 626 8
626 629 3
629 631 99
631 632 68
632 633 93
633 642 64
642 649 35
649 651 44
651 652 99
652 655 21
655 660 2
660 662 35
662 666 89
666 669 3
669 672 96
672 677 52
677 680 25
680 683 13
683 684 7
684 685 44
685 687 74
687 689 26
689 697 89
697 707 62
707 708 94
708 711 80
711 712 98
712 718 46
718 722 28
722 723 58
723 726 27
726 732 60
732 737 3
737 745 41
745 749 41
749 752 35
752 757 27
757 760 96
760 764 81
764 771 91
771 794 67
794 810 27
810 813 1
813 829 74
829 835 20
835 840 79
840 851 74
851 855 48
855 878 45
878 880 79
880 889 17
889 896 60
896 902 65
902 908 30
908 931 67
931 942 58
942 946 32
946 955 2
955 960 63
960 963 93
963 964 2
964 968 36
968 970 88
970 985 100
985 991 86
991 994 48
994 997 84
997 1000 79
1000 1001 1
1001 1002 4
1002 1004 80
1004 1008 10
1008 1013 60
1013 1023 27
1023 1025 93
1025 1029 38
1029 1030 5
1030 1033 50
1033 1038 53
1038 1041 41
1041 1048 57
1048 1051 58
1051 1054 24
1054 1066 100
1066 1068 44
1068 1071 32
1071 1073 100
1073 1077 18
1077 1085 2
1085 1088 7
1088 1097 46
1097 1100 55
1100 1102 90
1102 1106 5
1106 1110 18
1110 1112 82
1112 1116 3
1116 1117 59
1117 1124 44
1124 1130 98
1130 1131 65
1131 1134 60
1134 1135 29
1135 1137 47
1137 1143 18
1143 1151 3
1151 1154 24
1154 1157 65
1157 1167 87
1167 1175 20
1175 1181 52
1181 1188 74
1188 1194 60
1194 1195 61
1195 1200 10
1200 1201 74
1201 1205 19
1205 1208 13
1208 1212 28
1212 1221 1
1221 1227 44
1227 1231 3
1231 1233 42
1233 1234 89
1234 1247 78
1247 1249 88
1249 1250 79
1250 1251 12
1251 1256 23
1256 1257 92
1257 1260 22
1260 1264 24
1264 1277 22
1277 1280 67
1280 1283 79
1283 1284 33
1284 1297 16
1297 1303 26
1303 1304 100
1304 1307 61
1307 1310 46
1310 1313 56
1313 1332 55
1332 1334 88
1334 1341 26
1341 1356 95
1356 1359 47
1359 1364 97
1364 1369 59
1369 1370 38
1370 1373 13
1373 1375 40
1375 1376 12
1376 1383 18
1383 1386 22
1386 1388 5
1388 1398 25
1398 1402 12
1402 1415 3
1415 1418 51
1418 1419 65
1419 1422 25
1422 1440 5
1440 1455 22
1455 1481 55
1481 1490 30
1490 1494 91
1494 1507 85
1507 1511 73
1511 1516 17
1516 1520 8
1520 1530 96
1530 1533 94
1533 1536 10
1536 1537 72
1537 1543 25
1543 1546 99
1546 1549 19
1549 1552 98
1552 1556 10
1556 1560 52
1560 1564 35
1564 1576 52
1576 1582 36
1582 1586 25
1586 1587 13
1587 1594 41
1594 1605 78
1605 1619 63
1619 1622 72
1622 1626 55
1626 1645 74
1645 1648 41
1648 1652 93
1652 1654 8
1654 1655 22
1655 1656 55
1656 1670 63
1670 1688 48
1688 1697 24
1697 1717 46
1717 1725 59
1725 1733 55
1733 1743 25
1743 1751 68
1751 1753 94
1753 1757 75
1757 1764 2
1764 1765 73
1765 1781 33
1781 1789 71
1789 1799 12
1799 1807 29
1807 1808 13
1808 1822 1
1822 1823 61
1823 1824 31
1824 1829 12
1829 1832 13
1832 1834 42
1834 1835 10
1835 1838 50
1838 1849 52
1849 1850 51
1850 1865 50
1865 1868 87
1868 1869 90
1869 1876 20
1876 1881 93
1881 1882 20
1882 1898 77
1898 1902 16
1902 1908 27
1908 1921 48
1921 1922 19
1922 1924 18
1924 1930 84
1930 1935 16
1935 1938 32
1938 1948 58
1948 1980 82
1980 1981 7
1981 1991 63
1991 1999 34
1999 2031 75
2031 2035 46
2035 2044 83
2044 2045 87
2045 2058 77
2058 2065 51
2065 2070 72
2070 2078 11
2078 2086 59
2086 2087 65
2087 2090 26
2090 2092 56
2092 2101 4
2101 2108 26
2108 2111 31
2111 2116 38
2116 2120 24
2120 2126 78
2126 2127 69
2127 2135 14
2135 2139 89
2139 2146 50
2146 2149 11
2149 2155 57
2155 2161 46
2161 2173 29
2173 2181 3
2181 2187 41
2187 2192 61
2192 2194 11
2194 2212 92
2212 2218 22
2218 2222 14
2222 2225 21
2225 2235 99
2235 2238 35
2238 2240 28
2240 2247 44
2247 2250 33
2250 2265 18
2265 2267 19
2267 2269 55
2269 2272 55
2272 2276 14
2276 2278 3
2278 2279 97
2279 2286 10
2286 2288 60
2288 2301 20
2301 2303 85
2303 2310 17
2310 2311 20
2311 2320 18
2320 2323 1
2323 2327 74
2327 2334 42
2334 2340 16
2340 2344 23
2344 2347 39
2347 2349 71
2349 2355 1
2355 2357 20
2357 2358 34
2358 2372 90
2372 2389 34
2389 2394 97
2394 2400 19
2400 2401 18
2401 2402 66
2402 2406 42
2406 2409 92
2409 2413 43
2413 2416 57
2416 2422 42
2422 2427 4
2427 2435 86
2435 2447 53
2447 2451 33
2451 2452 5
2452 2465 63
2465 2472 32
2472 2474 99
2474 2477 62
2477 2483 51
2483 2485 48
2485 2489 23
2489 2496 10
2496 2497 87
2497 2515 70
2515 2516 75
2516 2517 11
2517 2519 21
2519 2520 20
2520 2525 41
2525 2526 79
2526 2528 83
2528 2530 73
2530 2533 92
2533 2537 8
2537 2542 66
2542 2554 19
2554 2560 22
2560 2568 65
2568 2573 8
2573 2583 66
2583 2585 27
2585 2599 16
2599 2608 57
2608 2613 69
2613 2620 88
2620 2624 26
2624 2629 43
2629 2635 84
2635 2637 14
2637 2642 38
2642 2643 97
2643 2649 6
2649 2657 35
2657 2659 46
2659 2662 85
2662 2665 86
2665 2666 76
2666 2669 28
2669 2679 23
2679 2680 97
2680 2688 61
2688 2693 66
2693 2695 73
2695 2697 55
2697 2704 91
2704 2707 38
2707 2710 3
2710 2723 96
2723 2728 51
2728 2729 61
2729 2737 99
2737 2738 56
2738 2749 81
2749 2774 4
2774 2788 1
2788 2797 51
2797 2798 78
2798 2809 50
2809 2816 83
2816 2819 35
2819 2837 24
2837 2841 73
2841 2846 2
2846 2852 1
2852 2855 12
2855 2857 34
2857 2865 97
2865 2866 66
2866 2867 43
2867 2873 47
2873 2892 60
2892 2893 27
2893 2896 29
2896 2899 52
2899 2907 27
2907 2915 67
2915 2918 57
2918 2931 36
2931 2932 49
2932 2935 7
2935 2938 80
2938 2940 89
2940 2946 4
2946 2949 37
2949 2951 12
2951 2960 89
2960 2962 44
2962 2969 23
2969 2970 53
2970 2976 44
2976 2986 58
2986 2997 89
2997 3019 76
3019 3024 1
3024 3025 71
3025 3030 39
3030 3032 34
3032 3033 19
3033 3034 42
3034 3040 49
3040 3041 38
3041 3043 70
3043 3054 57
3054 3060 4
3060 3061 56
3061 3069 51
3069 3088 21
3088 3096 4
3096 3116 18
3116 3118 25
3118 3126 1
3126 3127 14
3127 3135 23
3135 3136 64
3136 3144 11
3144 3145 4
3145 3146 100
3146 3157 25
3157 3164 90
3164 3168 33
3168 3174 60
3174 3178 100
3178 3184 99
3184 3185 55
3185 3187 60
3187 3214 16
3214 3225 100
3225 3231 27
3231 3233 10
3233 3242 24
3242 3256 93
3256 3260 91
3260 3264 54
3264 3268 76
3268 3275 7
3275 3280 82
3280 3286 55
3286 3296 53
3296 3312 31
3312 3317 46
3317 3328 46
3328 3331 92
3331 3341 54
3341 3353 31
3353 3356 97
3356 3360 36
3360 3365 47
3365 3379 86
3379 3382 83
3382 3383 72
3383 3385 95
3385 3390 43
3390 3393 96
3393 3405 71
3405 3408 56
3408 3410 44
3410 3412 97
3412 3416 1
3416 3426 58
3426 3438 94
3438 3448 1
3448 3454 53
3454 3459 45
3459 3460 83
3460 3465 9
3465 3487 71
3487 3491 17
3491 3492 48
3492 3499 22
3499 3503 57
3503 3507 49
3507 3508 54
3508 3514 97
3514 3518 25
3518 3520 26
3520 3525 51
3525 3528 88
3528 3531 17
3531 3536 39
3536 3537 49
3537 3538 97
3538 3539 88
3539 3545 83
3545 3556 24
3556 3565 17
3565 3574 26
3574 3580 88
3580 3582 46
3582 3583 53
3583 3584 78
3584 3592 75
3592 3599 85
3599 3610 57
3610 3617 89
3617 3629 93
3629 3636 24
3636 3645 31
3645 3648 64
3648 3652 38
3652 3656 92
3656 3659 22
3659 3673 58
3673 3676 2
3676 3678 55
3678 3682 51
3682 3683 2
3683 3688 95
3688 3708 34
3708 3710 57
3710 3714 80
3714 3715 83
3715 3717 74
3717 3738 11
3738 3749 78
3749 3753 76
3753 3755 14
3755 3759 38
3759 3766 68
3766 3768 42
3768 3770 31
3770 3782 18
3782 3797 27
3797 3799 26
550 1699 96
1549 1558 27
897 1224 97
546 1698 92
287 3245 16
1282 2093 21
103 2006 52
1112 3612 24
1432 2488 83
1840 2927 72
1908 3456 16
1838 2550 29
845 1983 8
473 2002 75
708 2532 2
1188 1376 34
711 882 79
216 1656 3
1491 2808 68
760 2779 82
704 1555 5
2336 3226 41
1071 1366 17
393 2215 53
1656 3601 77
1422 3420 37
2037 3319 3
1630 3729 85
1402 1563 76
938 1933 67
449 1207 65
686 2508 71
1318 2356 13
2168 2462 21
2001 2025 1
1078 1298 26
385 1712 93
603 1977 36
400 1828 12
704 2262 17
1108 1919 41
439 2822 40
495 3125 4
1310 1463 54
3590 3782 95
745 758 39
1028 2993 9
2880 2937 12
284 1137 51
2863 3086 6
1238 1583 40
864 1724 38
52 1419 80
1393 2763 97
330 2596 40
401 1746 4
500 3701 65
199 1931 42
2783 3080 59
1059 1253 12
324 963 22
160 431 67
1978 3729 86
335 1559 25
1043 2842 99
1485 2781 33
1269 2786 1
2574 3150 89
1327 3503 3
270 707 17
216 371 57
2072 3474 21
463 2758 5
886 3704 31
1884 2526 37
2088 2346 76
367 3636 56
3319 3451 44
954 2589 86
2091 2099 74
34 781 48
1431 2989 23
784 820 85
621 3559 44
1432 3160 59
3732 3783 61
1408 1963 83
715 1604 51
1061 3289 60
1534 2688 93
2131 2928 83
2187 2407 61
243 507 14
1435 2838 51
987 1115 1
57 2869 58
2007 3794 35
2678 3390 2
2049 2518 17
1101 2655 53
3505 3598 63
795 1155 74
1101 2847 40
549 2798 78
1076 3324 30
1980 2065 20
828 2212 94
974 3198 36
865 2147 9
279 1365 7
1603 1962 27
1150 2459 44
1345 1897 98
1388 3301 91
205 768 91
1655 3052 54
850 1127 21
649 3381 91
520 3315 7
308 1013 17
147 332 86
613 1839 19
236 1015 35
2099 3352 44
1190 1213 42
1203 3241 82
992 2782 67
3208 3324 58
380 3167 64
247 1722 26
938 2099 47
2328 3744 56
578 580 72
523 3043 97
2668 3563 15
1327 3092 13
2300 2730 43
801 2785 48
1030 1912 43
761 2542 70
230 3290 55
2140 2251 17
240 2120 29
293 2977 43
3372 3441 13
2337 2572 75
437 2585 37
1902 1913 35
1187 1466 8
1143 3082 75
329 2858 43
291 3495 32
164 1646 56
2541 2755 37
1961 2128 71
520 2549 11
2230 2663 74
880 1681 35
1368 2966 26
1581 2037 15
2286 3667 82
1142 1356 97
870 2549 5
1084 2577 20
1252 1451 23
356 2988 22
93 956 81
2493 3747 55
431 475 61
971 2267 26
32 724 75
2405 2614 25
2104 2772 51
469 1385 14
382 2862 48
2707 2863 80
1154 1755 32
1097 1584 80
1299 2993 65
1215 3362 45
1504 3282 3
791 3001 93
458 3708 91
1591 2772 59
293 2700 75
1411 3761 56
1785 3761 25
1671 2457 71
476 490 1
1514 1771 16
2687 3496 12
2373 2916 71
1054 3266 60
79 690 54
2632 2760 5
1183 3271 78
1415 1617 74
1966 3538 3
463 2238 25
96 2568 4
1768 3394 61
463 686 96
820 3352 59
482 3476 55
504 3379 93
283 2800 11
1110 3191 20
824 3219 57
89 2618 83
2224 3026 56
1841 3705 88
434 3101 79
2358 3443 68
3267 3645 70
1076 3388 57
1130 2229 80
3219 3442 75
68 1281 43
903 1580 40
1532 2157 42
2044 3137 86
994 2940 52
1004 1726 47
722 2685 55
375 386 99
2062 2652 15
124 2992 31
3581 3713 21
853 1091 86
255 1180 63
1149 3713 36
2490 2585 100
390 3400 5
82 2344 100
1265 2160 82
192 656 49
223 3580 59
1114 3734 100
1721 3176 5
3175 3672 94
1414 1762 80
1641 2064 13
190 2673 61
1127 3122 97
106 1580 53
1581 3622 11
2751 3368 46
890 3440 17
769 2766 14
804 2399 52
747 2265 85
1109 1167 33
565 3009 74
2149 2593 92
3075 3396 39
1625 2117 34
1072 2495 86
1077 2269 79
471 2368 82
1421 3289 28
213 2680 40
3478 3640 17
1005 1884 25
777 2707 3
1095 2751 27
925 2849 9
444 3759 19
1266 2104 41
1602 3769 27
1736 2986 55
399 1199 20
101 1531 6
1862 2881 46
272 2062 7
1094 1841 73
1182 1992 11
39 2327 67
463 2251 31
1166 2410 59
364 522 39
550 1727 81
119 3106 59
559 3249 19
2271 3353 16
2863 2880 22
386 2937 61
40 2063 44
107 2113 80
1352 3414 85
372 714 88
497 3015 21
812 1945 60
203 1518 30
2084 3387 25
2104 2368 86
2479 2744 89
2615 2901 55
867 2279 29
1063 2332 36
1277 1679 11
2356 2937 56
112 1548 50
575 2097 5
1577 3619 84
2056 3257 75
1971 2045 63
2635 3683 77
271 1888 40
432 607 44
962 2364 66
511 2472 22
558 3257 68
1720 1991 23
1282 1346 36
3244 3645 40
2680 2931 48
439 612 64
755 1144 27
1109 2268 59
315 3254 45
235 997 6
2247 3458 91
1386 3284 59
1946 2354 65
1924 2201 3
60 2873 22
1042 2102 48
760 1759 9
499 1178 64
444 1402 47
558 2768 17
3028 3338 35
1127 3544 89
1555 2340 32
2611 3651 61
928 1130 46
897 3341 26
1841 3238 67
1924 2663 33
2543 3026 29
2647 3259 5
391 636 3
1468 3709 36
1194 3482 1
60 1409 5
1483 2551 15
612 1778 70
1458 1622 93
2334 2583 35
1209 3385 13
1703 1927 46
2810 3135 44
1624 2155 21
1525 2600 31
510 2226 90
2104 3368 8
775 3052 80
3235 3435 34
1625 3722 97
776 1485 84
1256 1751 55
