2620 1000
0 14 59
14 20 43
20 26 16
26 30 80
30 50 69
50 53 63
53 72 16
72 75 95
75 77 12
77 90 10
90 103 8
103 115 94
115 127 94
127 136 18
136 147 75
147 158 86
158 167 47
167 177 48
177 182 90
182 184 28
184 194 16
194 196 19
196 206 98
206 222 26
222 224 72
224 226 70
226 231 87
231 250 83
250 251 14
251 255 47
255 261 99
261 264 81
264 274 90
274 276 63
276 300 4
300 317 88
317 342 88
342 349 1
349 356 86
356 366 65
366 371 1
371 372 1
372 414 87
414 418 70
418 429 6
429 431 30
431 441 21
441 455 8
455 469 93
469 475 49
475 486 99
486 502 65
502 511 65
511 514 1
514 515 87
515 525 85
525 541 71
541 568 42
568 574 71
574 589 92
589 600 66
600 613 64
613 614 44
614 639 68
639 646 8
646 681 76
681 692 64
692 699 88
699 701 90
701 735 52
735 747 31
747 750 39
750 751 1
751 757 44
757 762 72
762 766 12
766 767 94
767 775 100
775 779 5
779 799 29
799 825 41
825 826 53
826 828 30
828 833 44
833 837 95
837 838 97
838 843 34
843 844 76
844 846 17
846 855 9
855 872 44
872 891 5
891 926 68
926 934 19
934 950 92
950 958 83
958 961 66
961 963 40
963 968 24
968 971 50
971 976 93
976 991 75
991 1006 2
1006 1017 33
1017 1032 58
1032 1038 79
1038 1039 68
1039 1048 11
1048 1066 3
1066 1069 46
1069 1072 25
1072 1080 71
1080 1100 28
1100 1110 38
1110 1117 73
1117 1118 78
1118 1120 46
1120 1130 43
1130 1141 72
1141 1168 12
1168 1198 46
1198 1218 36
1218 1219 11
1219 1227 30
1227 1229 37
1229 1236 74
1236 1237 90
1237 1251 58
1251 1256 44
1256 1257 93
1257 1274 31
1274 1290 88
1290 1300 43
1300 1307 71
1307 1309 53
1309 1317 82
1317 1318 60
1318 1322 23
1322 1334 93
1334 1351 4
1351 1395 35
1395 1404 46
1404 1414 88
1414 1425 90
1425 1436 44
1436 1446 81
1446 1447 42
1447 1453 79
1453 1470 81
1470 1482 7
1482 1502 96
1502 1512 92
1512 1516 20
1516 1522 41
1522 1526 4
1526 1544 45
1544 1553 55
1553 1574 99
1574 1581 25
1581 1588 24
1588 1596 19
1596 1600 24
1600 1626 82
1626 1638 55
1638 1676 93
1676 1686 79
1686 1687 22
1687 1690 75
1690 1700 66
1700 1705 91
1705 1721 53
1721 1724 1
1724 1739 40
1739 1752 77
1752 1758 86
1758 1772 49
1772 1783 100
1783 1814 54
1814 1821 35
1821 1822 85
1822 1854 20
1854 1857 73
1857 1861 91
1861 1865 38
1865 1882 40
1882 1906 83
1906 1912 51
1912 1917 97
1917 1921 34
1921 1947 41
1947 1974 1
1974 1999 74
1999 2003 65
2003 2004 45
2004 2006 32
2006 2022 82
2022 2030 37
2030 2042 96
2042 2044 30
2044 2050 51
2050 2055 87
2055 2090 2
2090 2110 47
2110 2120 36
2120 2126 91
2126 2136 15
2136 2156 37
2156 2162 52
2162 2191 64
2191 2199 11
2199 2206 19
2206 2209 51
2209 2232 28
2232 2234 56
2234 2235 7
2235 2239 73
2239 2240 88
2240 2243 92
2243 2246 45
2246 2259 82
2259 2262 25
2262 2270 25
2270 2278 95
2278 2291 25
2291 2292 72
2292 2309 38
2309 2331 88
2331 2334 10
2334 2359 6
2359 2362 72
2362 2371 46
2371 2375 16
2375 2377 46
2377 2390 57
2390 2396 77
2396 2410 65
2410 2414 16
2414 2418 57
2418 2421 69
2421 2424 34
2424 2426 51
2426 2435 73
2435 2460 89
2460 2493 78
2493 2537 48
2537 2539 9
2539 2542 81
2542 2554 35
2554 2560 63
2560 2581 40
2581 2596 46
2596 2603 58
2603 2604 43
2604 2611 74
2611 2619 27
826 2154 100
10 802 66
69 425 92
894 1882 80
421 1843 60
89 556 48
194 2600 86
1160 1667 78
146 379 89
1274 2341 8
367 990 93
1251 2554 99
1398 1823 23
508 2434 95
436 1036 64
853 1623 27
428 1340 59
1441 1847 72
564 1392 44
1712 2126 75
977 1614 46
577 1798 16
1981 2228 47
452 1676 35
456 469 7
926 1521 14
236 1729 63
949 2432 19
1279 2206 97
1449 2571 92
788 793 76
591 1122 19
3 705 11
408 486 51
365 2210 46
484 2231 66
1398 2087 31
145 1566 55
251 761 38
1651 1919 22
828 1710 20
905 1330 37
894 2176 58
1420 2029 73
648 2181 68
313 693 70
928 1427 30
242 1957 15
165 1662 16
499 2156 79
2376 2461 68
843 2234 84
1578 1960 84
974 1258 92
1243 1664 75
1274 1507 22
1325 2285 29
1496 2534 48
0 2293 30
228 2504 75
1231 2585 3
1575 2489 10
2323 2499 81
1153 2487 30
537 1712 21
1447 1835 11
773 1050 43
528 1340 54
1437 2537 16
885 2161 19
1582 2359 13
313 979 85
386 1523 6
608 2550 11
446 591 9
2018 2357 35
644 1795 12
1691 2092 86
261 343 3
200 309 81
97 1160 8
368 2606 9
306 2523 55
801 1897 21
386 1127 98
247 1589 84
809 1842 67
1309 1478 46
2156 2475 94
311 1558 28
518 1499 49
1360 1911 39
597 710 44
932 1656 2
383 1393 72
1905 2573 86
60 1725 39
242 932 29
673 2617 55
1095 1244 90
419 2138 3
1884 2603 81
109 780 15
643 1368 74
1724 2316 26
483 754 31
1669 2319 97
230 1545 42
1241 2275 69
742 2041 77
1297 1424 36
1086 1643 15
2488 2515 37
858 2386 80
871 2542 1
1505 2372 80
12 1766 86
110 2090 25
166 618 34
561 2246 58
1802 2125 70
792 1955 14
1620 1886 81
864 2509 27
134 187 35
1212 1870 56
1493 2149 99
218 866 43
1403 1492 61
1605 2316 92
254 901 95
1285 1557 16
928 1634 51
83 1825 57
1471 1517 70
408 2239 35
464 1387 43
1638 2307 40
1087 1711 34
1169 1507 34
692 1884 80
955 2309 17
1333 2359 74
1446 1603 35
89 369 46
306 1597 31
610 1591 5
22 659 100
183 352 52
415 610 78
1311 1567 12
270 1598 83
1854 2261 78
614 1302 5
508 1661 60
884 1916 73
715 1752 90
1444 1583 35
408 1401 40
279 1681 57
481 1431 44
1416 2455 74
1092 1117 27
705 2445 4
1093 1832 83
707 1440 20
1380 1988 13
235 347 54
143 217 25
453 1549 92
863 1471 57
1061 2116 62
2345 2514 18
23 2416 75
804 813 83
522 1630 18
308 2059 11
375 1233 19
78 699 64
110 2490 54
1421 2553 22
161 623 50
4 2062 49
763 2483 95
696 1174 93
2036 2141 16
271 492 50
1379 2575 60
1064 1918 43
16 1921 16
261 1146 58
101 1141 75
1247 2250 53
1525 1532 20
772 1528 81
1071 1865 56
1521 1577 8
992 2423 46
2034 2468 55
1138 2139 38
1013 2221 17
74 1815 7
1431 2022 49
1175 2030 79
143 149 39
36 55 45
2515 2599 93
1296 1640 69
1313 1622 35
886 1566 60
1640 2055 41
107 1387 72
276 1026 51
820 2164 71
384 1441 52
1328 2357 29
1203 1812 60
1921 2057 21
859 1608 64
125 2397 18
411 2355 93
1009 1580 78
993 1449 49
779 2377 23
246 388 50
314 489 84
1489 1555 46
420 1402 36
769 1562 95
1708 2046 42
1024 2136 9
8 1206 37
271 397 39
200 572 88
1418 2443 92
962 1389 9
784 2095 28
513 1013 76
240 703 29
1331 2227 16
1146 1867 80
818 1593 44
638 1074 38
535 1968 39
550 1529 28
918 2543 45
38 1426 28
654 2546 7
1189 1905 29
1856 2520 45
1981 2041 15
781 2046 47
297 1980 71
2009 2516 72
2205 2391 60
1305 2016 18
747 1186 27
757 1447 66
907 2589 100
2020 2069 1
628 922 95
147 2480 77
543 778 72
1135 2452 84
1750 2495 97
1012 1418 1
1403 1742 40
658 2416 52
2136 2360 47
1576 2480 74
704 1393 100
1099 1827 10
357 2604 20
93 1418 41
277 1314 17
236 758 65
296 1296 86
1175 1295 44
1161 1754 85
1953 2164 66
470 2198 67
669 1317 52
1484 1596 18
914 1883 99
1030 2351 23
915 1479 4
478 1026 18
484 1909 3
983 1945 40
1266 2344 78
533 2534 25
851 1147 9
1882 2077 90
112 1831 79
695 1650 21
69 2493 59
446 1672 68
114 477 75
773 1536 26
731 2159 66
326 1892 60
1378 2510 51
142 2176 98
1324 2439 55
418 2160 12
838 2388 63
490 1685 24
9 215 85
1191 1764 92
1109 1430 19
65 1502 80
432 2490 11
188 1095 6
1682 2017 57
258 928 48
2277 2602 54
1221 1418 98
610 1207 80
45 909 11
1760 2324 51
228 586 6
512 2116 10
12 1083 59
308 1021 80
33 1390 2
1352 1921 58
9 28 31
812 2580 62
170 1159 58
5 1499 24
134 2316 10
132 950 11
744 1106 73
916 1325 86
809 1266 15
292 1586 79
285 1910 65
252 1387 28
1186 1459 1
1230 2565 25
1826 2125 62
440 2494 84
848 2127 51
1094 2109 30
275 1450 58
669 1799 71
371 741 16
310 649 58
823 1094 100
963 1200 69
416 1074 41
982 2014 22
220 441 29
261 851 36
2167 2370 32
104 1197 73
694 2124 67
962 1809 87
647 2000 76
1235 1423 2
2498 2617 55
1256 2587 93
1203 2261 26
819 993 77
854 1804 59
703 2051 74
1054 1929 2
2084 2362 75
1544 1752 11
540 603 96
1205 1759 84
2035 2608 45
444 1856 49
450 522 19
1502 1571 33
164 2570 99
1522 2566 68
475 2092 73
473 2180 29
548 2337 4
671 1283 46
677 794 89
114 2586 82
1137 2164 96
285 1587 35
229 607 27
1831 2484 94
354 528 38
2140 2269 39
914 2500 75
1924 2550 26
1630 1696 77
1096 1690 28
759 2454 82
507 2112 2
357 1703 93
802 1957 67
88 1841 1
327 447 9
2083 2529 69
1460 2436 14
1831 2433 15
947 1449 90
1361 2196 1
677 2545 3
1363 2324 58
697 2225 59
537 999 21
1014 1125 12
1674 2458 23
752 2046 22
655 2268 93
310 1846 77
1374 1467 33
65 342 10
1114 1845 62
300 2088 75
1746 1790 14
1083 1746 71
1174 1929 80
272 457 73
736 882 39
259 2122 79
99 1241 45
588 1069 4
3 2207 43
2060 2281 58
688 2112 68
1363 1514 99
2403 2476 63
1993 2186 22
2066 2173 32
94 1885 72
1514 2608 51
898 1100 58
294 1144 30
797 1560 50
1738 1908 78
228 2359 4
558 1874 62
104 562 62
394 1281 87
594 1462 51
21 1327 48
777 1025 28
254 1954 25
104 1344 92
296 731 82
1408 2528 1
893 2493 76
532 621 41
1090 1389 4
1800 2100 32
890 1054 10
31 480 1
1730 2572 87
50 1963 93
2210 2217 2
203 2601 18
865 1046 64
159 1091 27
1797 1997 15
1133 2023 65
793 920 66
330 2180 8
636 1428 29
1222 2153 23
618 2023 100
124 2532 87
292 1601 66
911 1736 40
429 1942 48
217 2538 89
315 593 9
556 699 23
319 2312 8
127 2300 85
2224 2436 31
275 1170 16
1467 2270 12
295 1731 23
581 758 65
805 2036 33
1320 1457 71
99 2379 19
468 1259 42
464 1370 67
1125 2319 87
383 384 76
1101 1324 53
449 2430 5
326 703 76
532 2212 97
935 1019 31
417 1924 14
196 510 92
616 1478 49
404 876 61
1243 1397 85
176 2341 6
228 2121 37
258 784 54
494 2268 86
358 2375 86
699 1858 27
30 458 4
535 1697 75
2282 2562 13
851 1314 33
750 1965 81
413 505 76
806 992 25
1602 2257 90
182 1108 33
1635 2096 59
736 2033 15
336 1540 78
266 2174 59
5 467 71
1534 2159 40
680 1734 55
261 2409 93
155 464 97
1092 2566 15
799 2490 19
713 2027 98
1429 1997 2
757 1366 85
703 849 51
462 2596 53
1597 1869 1
536 1631 81
378 538 9
1136 2394 16
839 1109 90
1306 1755 32
1895 2539 89
133 2091 24
840 1871 48
1188 2506 6
664 715 28
724 978 69
802 805 69
1308 1587 42
1176 1559 12
1117 1124 90
108 764 5
932 2504 81
680 923 73
428 852 22
1219 1812 59
38 1832 45
629 2131 63
1301 2076 81
498 924 84
1309 2305 28
1757 2317 12
889 1975 60
371 1193 79
92 1866 24
1495 2130 32
106 2183 32
1595 2544 98
381 2425 33
29 1518 62
262 1982 41
169 2446 57
1198 1786 66
1612 1615 75
28 1880 65
1901 2611 65
667 910 48
289 1324 47
687 2534 77
1665 1807 2
961 1043 99
231 726 70
767 852 91
45 967 15
239 964 71
325 1301 9
495 2358 80
264 1610 68
1401 1964 89
1017 2347 29
289 954 19
1360 1387 2
672 1131 31
512 2460 73
510 1958 71
215 2461 54
960 1937 34
2016 2565 6
2101 2593 20
772 1384 47
1142 1661 73
14 1367 95
172 450 94
1023 1957 39
1317 2100 55
48 420 53
1072 1611 56
9 2413 71
157 1752 30
465 2300 43
585 2488 91
1065 1991 60
1011 2378 66
231 776 45
927 2568 5
57 534 99
1310 2494 49
7 2603 71
334 2356 44
270 1774 18
477 1975 33
396 1298 43
331 794 3
722 939 37
374 2292 78
783 1973 90
108 773 3
43 2052 61
1455 2284 37
276 490 70
273 780 87
1544 2150 21
1704 2204 93
669 1961 33
1960 2427 79
2229 2556 18
101 1982 5
2173 2184 35
1172 2213 94
72 1563 20
648 1389 60
801 1412 46
1007 2423 45
1132 1829 60
218 616 75
309 2499 79
848 1251 97
1750 1803 53
2408 2482 41
3 1129 56
599 937 71
254 2173 20
883 1242 81
1785 2509 81
248 1767 12
354 912 71
198 759 42
188 2004 60
633 661 32
1113 1820 98
1481 2173 56
670 1850 64
867 2342 85
2120 2551 50
733 1249 79
59 2152 100
1443 1811 64
1230 1825 30
326 812 33
825 2013 75
28 1173 65
1470 1822 84
538 2482 26
497 782 84
460 1236 54
1248 2484 53
63 392 83
116 704 28
648 998 3
796 2494 44
524 1153 27
1141 2072 24
75 115 25
2260 2604 18
698 2180 31
79 670 61
122 917 54
1028 2023 47
969 1686 66
5 1451 13
440 1533 42
36 2196 97
267 1282 70
607 1048 76
1570 2591 21
31 1813 71
2376 2422 1
846 1537 74
533 934 34
1748 1927 29
2224 2542 35
436 1106 7
432 2124 6
1715 2356 97
499 2208 79
1907 2148 60
1337 1847 65
1121 1187 76
1679 2289 56
299 2174 49
89 946 53
2261 2461 38
302 1162 68
22 224 26
284 2060 79
210 351 89
635 2060 50
768 848 70
347 2275 33
690 1656 15
55 1751 55
29 629 30
565 2077 14
1061 2055 22
1252 1603 56
453 963 94
440 485 74
824 918 89
1022 1272 9
825 1862 26
493 1863 93
69 1644 9
869 1537 56
1396 1853 59
1272 2273 4
359 1908 73
1426 1937 22
465 1228 65
250 1904 58
2438 2453 1
1132 1693 43
132 1868 97
808 2030 67
1983 2156 2
1507 1650 8
255 2141 28
1378 2289 48
1048 2353 99
672 2586 54
808 1396 32
