2940 1000
0 5 9
5 7 4
7 68 4
68 72 5
72 74 93
74 76 78
76 88 41
88 121 58
121 133 78
133 143 82
143 159 68
159 171 42
171 176 8
176 180 8
180 192 40
192 204 33
204 208 66
208 240 52
240 246 20
246 256 82
256 276 89
276 279 13
279 295 63
295 301 39
301 331 19
331 341 88
341 343 47
343 345 34
345 347 73
347 398 91
398 404 80
404 414 66
414 436 39
436 447 86
447 452 88
452 470 65
470 498 91
498 521 55
521 551 8
551 587 31
587 666 76
666 683 66
683 688 49
688 713 12
713 747 20
747 768 64
768 805 74
805 809 67
809 816 97
816 817 25
817 831 52
831 835 62
835 852 23
852 853 31
853 876 69
876 879 82
879 912 4
912 1004 68
1004 1021 94
1021 1024 88
1024 1058 83
1058 1061 10
1061 1082 2
1082 1108 33
1108 1131 47
1131 1140 75
1140 1148 91
1148 1170 22
1170 1185 50
1185 1204 22
1204 1211 43
1211 1213 82
1213 1217 11
1217 1222 7
1222 1229 65
1229 1254 9
1254 1333 84
1333 1346 56
1346 1365 56
1365 1378 36
1378 1390 89
1390 1432 78
1432 1450 14
1450 1481 57
1481 1486 17
1486 1536 4
1536 1550 11
1550 1580 85
1580 1586 46
1586 1596 9
1596 1623 12
1623 1644 72
1644 1682 78
1682 1758 78
1758 1760 25
1760 1858 84
1858 1926 56
1926 1941 89
1941 1982 33
1982 1986 10
1986 2015 39
2015 2119 38
2119 2210 100
2210 2214 15
2214 2230 16
2230 2234 45
2234 2353 56
2353 2432 77
2432 2480 100
2480 2498 54
2498 2526 43
2526 2531 1
2531 2537 87
2537 2541 55
2541 2561 11
2561 2562 66
2562 2567 38
2567 2588 12
2588 2654 37
2654 2701 3
2701 2714 73
2714 2716 35
2716 2728 81
2728 2734 42
2734 2748 3
2748 2754 20
2754 2757 29
2757 2781 96
2781 2808 5
2808 2828 92
2828 2832 34
2832 2834 19
2834 2852 73
2852 2863 93
2863 2867 71
2867 2872 29
2872 2884 68
2884 2939 81
208 763 90
27 1839 21
1977 2849 82
878 1955 21
871 2432 45
1827 2683 25
1554 2364 52
1276 2314 60
174 1810 90
514 1737 94
706 2731 52
1173 2881 14
1525 2384 19
64 2417 72
1621 2172 11
1904 1987 32
1169 1707 5
2758 2871 73
1782 2775 7
1696 2918 57
91 937 88
403 2886 25
1933 2073 92
208 1697 19
1370 2574 12
407 2573 43
34 999 86
683 940 80
106 725 45
729 2284 10
1064 1957 70
852 1933 100
1056 1997 26
2413 2843 90
351 1927 71
437 2843 43
777 1820 81
718 1280 82
12 2902 17
518 2086 83
745 2901 75
565 1691 78
1350 1556 66
445 2896 82
1794 2906 2
1297 2366 61
1071 1956 44
2104 2129 85
117 499 70
915 1602 40
558 1654 40
18 2556 34
1396 2937 6
17 1652 91
563 1830 84
68 2189 48
1350 1865 36
24 2246 5
10 2499 11
1073 1250 63
1017 2034 10
774 2438 37
990 2410 17
1312 1333 87
1423 2171 18
670 1657 35
1709 2060 60
253 2596 46
927 1842 80
1787 2694 61
1321 2445 67
373 1407 7
2122 2249 45
517 2077 77
1115 2456 59
2364 2674 18
380 1898 63
1 1384 63
1232 2496 41
911 1069 22
714 2242 74
2002 2844 42
1045 1357 23
2241 2806 91
2114 2652 93
2057 2847 94
1049 1396 65
499 884 2
2741 2881 82
1780 2043 38
1389 1432 87
36 220 74
606 1643 3
78 1712 60
22 324 21
1262 1551 21
20 2516 3
2428 2525 78
393 2936 60
57 1540 13
900 1617 84
1652 2670 49
485 1122 68
43 1059 27
2162 2192 32
674 1173 66
884 2437 69
314 1424 60
1711 2527 55
273 2102 1
107 846 70
19 832 31
775 1753 21
791 1928 69
73 2602 27
1570 1745 86
1323 1566 91
260 1667 66
1180 1484 49
474 2482 82
368 2803 24
1850 2415 4
673 2375 17
1704 2319 40
806 1429 19
158 2396 38
1550 1891 24
2245 2874 18
1201 2214 25
122 2017 85
502 2273 57
1557 2099 42
257 1608 28
767 2478 71
774 1461 98
2014 2756 55
809 1057 51
800 2347 62
1903 2287 49
2112 2789 57
1131 2207 97
633 2171 32
618 899 90
2013 2938 52
34 1130 59
1845 2440 76
1038 1411 4
212 1050 84
740 1673 8
1493 2704 45
1171 1971 35
1931 2329 35
1637 2247 69
2024 2484 16
2416 2891 64
432 2269 96
1310 2599 9
1532 2839 89
664 1937 68
210 976 13
1460 2593 9
1483 1616 86
2388 2494 22
611 2683 69
111 1588 7
168 1089 17
577 2748 19
1764 2511 32
960 1125 17
1700 2799 82
22 300 10
428 2383 63
75 2440 5
2288 2388 3
584 1562 6
170 342 1
1025 2921 32
718 805 11
469 2728 11
631 850 16
7 868 31
1823 2713 43
398 2475 49
428 1131 69
1991 2486 17
1343 2276 42
2158 2722 18
563 2689 88
1216 1287 34
433 1224 61
1544 1688 82
2295 2330 89
266 630 87
1797 2075 49
353 844 20
464 669 32
914 1173 43
1908 2198 42
720 1291 90
430 2259 10
1550 2566 78
356 2451 9
161 627 11
810 2043 89
1784 2016 43
1049 1562 56
2674 2880 51
1103 1205 13
637 2528 44
427 1066 46
1264 1326 97
1415 1577 47
288 1492 13
489 2506 100
158 164 97
1363 2039 87
334 2118 40
1428 2182 98
931 2747 91
698 827 34
280 1935 18
2714 2743 61
2487 2634 60
1235 2554 72
215 974 86
259 2317 30
22 1955 89
1582 1634 86
1729 2653 45
2618 2845 17
2048 2890 89
1076 2744 22
1181 2613 98
951 1660 24
196 397 3
1184 1374 36
599 1156 1
991 2269 92
595 677 19
1421 2698 89
572 860 12
133 2519 15
1051 1723 63
780 2389 29
1523 1611 43
217 1101 28
957 2533 44
298 1774 78
1447 2134 56
2111 2802 40
365 2152 33
1169 2398 37
140 245 63
199 1259 82
92 1797 95
338 2405 9
203 1069 52
1835 1839 73
979 1823 35
626 2855 59
1802 2497 27
252 1444 59
985 2791 97
666 2159 68
83 2037 12
54 1707 57
95 1032 80
807 1638 96
2026 2724 43
1407 2688 17
1958 2566 12
914 2720 61
282 2025 45
1740 2702 54
944 1464 68
2120 2445 15
534 2095 32
1731 2287 70
1247 2648 42
992 2029 12
736 1567 50
443 2875 3
343 762 10
261 364 48
1463 2365 64
277 2121 97
1163 1571 77
2254 2855 59
2071 2823 4
1286 1935 11
392 517 74
77 2748 53
1840 1986 25
983 1329 5
1297 1856 79
615 2891 12
784 839 47
566 691 47
210 768 45
1471 2791 74
2532 2600 2
117 1616 42
1938 2814 100
2180 2377 36
0 1082 84
247 1278 98
1313 1616 52
1580 2657 8
650 2239 11
1520 1549 14
2150 2756 66
1928 2408 19
942 2186 29
1628 2930 3
633 1245 66
78 1757 5
1616 2339 86
338 1817 99
420 608 2
534 2744 57
1663 2374 14
407 2598 68
1457 2123 32
2284 2605 44
162 2644 54
2073 2153 57
264 2119 35
127 1912 52
690 1713 72
265 1549 75
1028 2334 75
38 1939 30
409 1734 94
394 2846 18
318 984 4
778 1664 40
1677 1909 25
1505 2642 52
417 2604 32
1781 2211 45
1304 2016 51
208 2500 53
1916 2890 92
605 2326 33
1243 1957 85
1998 2897 56
497 997 26
137 2842 52
762 1174 64
1719 2091 83
520 2717 27
1220 2596 42
1148 2459 81
381 2359 8
1749 2023 63
1762 2389 79
791 2738 41
322 2702 32
701 2547 83
2497 2805 49
2274 2616 62
1020 2290 55
1222 1344 85
228 2931 97
2261 2834 30
1284 2824 10
671 1783 1
363 1805 64
1998 2530 48
25 182 87
2660 2881 87
950 2334 85
388 810 35
112 1016 85
837 2114 8
99 144 50
1411 2260 59
509 895 83
2131 2663 83
1070 2290 30
1036 2681 63
541 1389 17
934 1629 95
179 551 81
1192 1594 30
673 1547 43
507 1664 62
550 2349 94
2127 2684 12
1079 1697 52
1024 2915 71
1355 2725 7
390 1949 81
481 2039 49
1744 2584 14
1178 1442 94
965 1130 67
564 1409 55
1387 1470 47
2384 2599 21
1637 2336 74
1764 2920 100
1656 1774 83
404 2804 10
662 1495 85
1370 2899 82
2205 2603 15
1814 2908 2
789 2198 31
45 154 68
1330 2764 76
1458 2852 18
1080 2912 64
96 958 3
1775 2138 5
1845 2651 23
1483 2062 52
961 2078 44
128 1962 10
2135 2272 95
2255 2901 48
858 2100 8
150 538 5
1293 2309 94
535 770 6
115 2176 92
1044 2187 82
318 2488 43
819 2535 37
970 1291 19
563 1716 46
997 2328 67
697 1150 55
2717 2932 91
1006 2058 5
758 1068 36
260 585 99
1757 2431 21
985 1367 79
482 1728 84
1905 2649 40
433 2448 37
674 1253 30
1544 1639 25
36 280 57
1100 1317 2
152 1070 5
1748 2782 12
2494 2900 63
425 2000 33
319 2404 46
1371 2791 76
1483 1949 98
1637 2682 20
40 2306 65
395 1112 85
1418 1433 69
1673 2419 55
334 1636 69
2603 2675 9
500 505 62
642 1740 12
332 1352 40
519 1358 53
147 500 65
781 981 7
2090 2743 80
866 2885 27
301 421 6
1529 2843 9
2019 2749 53
2303 2359 73
1548 2530 39
2214 2513 56
322 325 9
943 2613 91
843 1972 12
637 1809 90
69 363 34
946 1886 23
283 944 24
2766 2800 27
1714 2515 71
1550 1954 24
712 1273 72
1236 1320 77
808 2436 6
958 2260 100
1012 1772 88
529 2081 84
922 2538 39
1116 2847 66
2117 2123 74
1120 1349 20
1770 1937 2
2765 2885 43
234 840 38
572 1425 90
656 2286 44
908 2136 78
1721 2875 84
72 2818 51
1924 2251 9
2405 2618 41
486 2321 75
266 446 17
1100 2679 88
1401 2477 46
120 1363 74
291 2591 86
1234 1405 54
592 2552 85
1548 1749 50
339 1773 41
2054 2929 70
1161 1483 95
2243 2910 51
264 1819 43
477 1420 39
1956 2164 91
2048 2349 8
1401 2930 14
1546 2854 73
289 1530 38
143 1582 61
1880 1898 55
1633 2284 10
1018 1987 96
2662 2871 86
16 2461 58
1219 2731 2
921 1258 13
1644 1895 73
947 2227 91
273 2129 65
2319 2572 96
1776 1880 72
2661 2866 59
1950 2144 60
179 2357 50
797 1003 61
989 2661 7
1184 2599 61
177 739 85
2392 2679 74
1192 1801 50
65 2675 30
829 1661 16
1180 1568 19
857 2172 29
1369 2730 99
719 911 27
849 2755 56
1423 2022 36
175 1899 38
2697 2738 76
2450 2549 65
2017 2363 60
383 630 5
1216 2371 55
1088 2346 18
247 2330 87
784 1044 3
1330 1433 48
505 1833 49
210 696 97
757 2151 42
620 770 74
797 1064 82
748 1375 21
544 1560 54
1525 2061 33
739 2814 36
82 2308 63
634 1741 79
1610 2134 44
554 1928 82
2510 2701 46
1035 2410 82
66 2923 94
1869 2278 38
373 2484 77
843 2412 15
38 525 95
526 563 25
2252 2604 4
728 1669 75
1771 2902 87
772 2063 49
1226 2401 13
1987 2112 84
78 1475 6
445 1380 17
420 1564 22
1388 2364 88
1138 2816 92
294 1645 3
1123 2214 12
811 1071 89
1026 1763 11
1272 1586 3
785 2822 95
1551 2491 10
298 1359 49
475 865 14
1598 1988 59
2803 2818 63
70 1963 50
1643 2605 59
38 1769 96
434 2447 17
1340 2641 82
546 1554 67
1640 2248 75
476 866 71
57 2045 35
16 934 28
977 1470 92
1370 2689 95
1436 2407 99
1135 1963 46
749 1631 89
924 2142 83
1494 2024 46
621 2606 21
2224 2889 49
1422 1578 2
186 898 6
1343 1992 9
41 1969 23
448 2929 54
1345 2675 2
2558 2704 88
921 1021 25
22 923 97
1399 2845 52
960 2848 75
1042 1121 72
1253 2445 55
458 1897 22
1932 2709 55
2273 2406 68
753 1402 1
1732 1788 17
92 303 95
1491 1628 4
886 2843 98
1410 1564 65
390 928 56
553 2888 83
928 1818 61
421 2823 26
657 2583 41
851 2234 96
732 2159 44
1550 2398 47
1015 2817 3
2035 2907 98
2087 2291 94
400 1070 79
2085 2465 30
962 2513 99
984 2097 5
620 2390 78
440 866 73
2316 2600 30
1217 1797 50
2540 2569 100
604 2060 43
983 1537 39
439 2393 48
703 1589 63
1609 1941 54
2337 2664 50
219 2356 92
194 2749 36
847 2660 88
643 2578 74
1201 2057 93
606 2683 69
602 649 68
441 2204 89
614 1630 29
1540 2231 48
93 1268 90
1969 2289 42
1310 2083 11
209 1181 92
690 1673 9
111 677 84
1070 1620 25
2026 2604 22
381 2625 76
195 2598 57
1466 2095 57
1087 2434 2
281 358 4
627 2596 51
182 758 7
100 1346 68
536 2876 82
1201 2506 77
533 1009 5
259 1240 79
375 642 19
527 1804 78
569 2607 41
7 247 37
1779 2172 24
1374 1455 51
1739 2477 12
2366 2495 43
1344 2162 25
685 1801 41
422 1255 89
509 1024 22
482 2060 26
807 893 39
1931 2149 38
1601 1643 25
1400 2238 77
1558 1927 88
1924 2485 81
1253 1348 39
2637 2759 37
608 1345 76
536 2037 10
143 775 8
1171 1406 45
762 2320 92
1956 2098 5
952 2679 81
156 2163 11
1068 2058 99
2117 2432 91
153 1528 39
896 2928 32
556 1169 18
972 1055 31
542 664 66
402 2938 86
419 2566 15
240 1182 62
136 477 86
330 2745 74
333 1040 56
1114 1444 75
2293 2479 9
1592 2199 28
478 1503 21
2830 2847 50
280 1768 19
2163 2613 88
399 902 57
195 1997 100
1521 2600 93
1114 1394 17
2740 2837 31
430 1333 16
2306 2878 42
1589 1760 31
225 968 9
510 947 45
291 2455 99
2529 2606 18
1027 1363 59
33 2019 50
1153 1885 43
1034 1271 74
2366 2561 64
1600 2563 22
1746 2584 61
2290 2369 88
401 2754 52
1060 1621 37
332 2434 68
2348 2633 97
93 448 75
636 2291 98
56 1364 9
676 927 94
546 578 69
90 1828 59
573 788 18
1498 1643 90
531 1162 39
1381 2489 17
738 2418 55
771 1806 36
225 285 74
110 462 26
97 2645 67
1899 2046 13
264 835 41
19 1856 9
112 2276 58
1634 2192 39
2501 2884 11
1312 1920 92
98 2570 66
884 885 5
2240 2293 77
1035 2903 94
305 2469 58
604 2234 31
113 2606 19
2121 2323 81
655 1210 42
615 2480 74
611 1225 32
242 2213 55
204 816 1
392 1021 100
1171 2283 10
161 279 93
420 1507 2
772 855 66
1354 2828 88
2151 2181 20
118 1153 31
576 970 1
581 1570 12
365 698 53
592 2568 11
1481 2571 23
468 1666 37
846 2853 77
317 2537 83
677 1417 23
1513 1883 43
1902 1927 17
406 2832 14
615 1139 53
505 2324 13
330 1402 13
1630 1813 87
762 2595 9
1233 1792 91
2086 2301 64
1137 1487 99
588 1136 14
1217 2175 73
615 1719 7
1365 1442 57
248 2885 39
347 439 75
2060 2653 86
1914 2928 44
2189 2389 26
2840 2885 33
83 1628 46
2061 2316 10
1676 2929 36
231 2044 54
1904 1961 69
672 2552 63
2166 2565 58
1554 2089 66
2650 2728 30
1356 2530 72
737 1787 42
902 2187 55
