260 1000
0 34 62
34 40 88
40 73 31
73 137 59
137 164 94
164 181 97
181 204 77
204 259 44
163 250 18
29 120 58
39 102 42
15 127 42
75 176 44
6 170 50
55 252 30
157 209 51
72 87 46
60 182 74
49 119 33
62 77 1
4 224 31
46 182 29
49 145 27
14 37 48
150 230 90
207 236 1
10 88 50
137 166 9
29 239 46
97 185 21
32 36 8
257 258 48
89 97 67
167 255 73
24 65 40
19 253 84
31 165 87
45 65 32
126 142 92
11 140 53
40 85 67
58 106 27
156 237 35
35 65 52
13 117 25
146 158 33
12 142 32
34 159 80
99 193 80
63 254 21
66 83 6
76 251 1
47 119 67
174 238 34
72 202 69
2 207 10
124 213 17
214 234 68
197 205 44
116 258 1
172 231 68
74 223 5
54 208 14
68 113 68
52 89 47
158 206 91
117 198 8
110 129 41
57 102 67
51 233 38
103 124 25
89 185 52
56 61 34
4 216 10
74 253 35
39 246 7
129 200 85
97 251 58
101 208 75
180 213 34
90 107 29
43 239 90
23 245 73
219 233 9
67 214 23
18 122 4
39 177 14
105 183 47
134 145 13
96 179 33
14 136 79
153 213 25
4 114 48
180 237 82
132 236 41
20 27 1
193 246 90
186 202 85
79 151 90
36 55 13
129 130 73
147 172 96
109 181 28
146 172 25
224 245 14
58 165 55
131 178 43
85 90 66
96 145 77
151 163 38
0 50 9
107 242 48
130 222 56
22 255 9
52 83 52
255 257 88
90 239 61
41 196 19
133 205 29
50 67 63
89 180 91
64 258 62
5 166 89
141 235 21
42 89 48
7 66 83
57 112 17
76 220 91
24 77 14
229 256 33
9 258 50
71 210 28
19 87 25
45 91 97
79 109 79
6 255 2
127 181 27
46 75 85
81 153 33
56 98 17
40 98 81
2 16 95
143 235 13
83 118 63
143 234 23
26 186 64
83 138 67
13 87 10
56 190 41
16 176 82
40 105 61
85 144 28
89 171 32
3 191 5
79 82 65
16 184 71
60 133 33
119 196 9
14 158 6
103 205 63
115 161 76
24 99 3
8 115 49
88 174 7
39 233 40
29 159 21
27 136 12
88 138 72
164 225 26
28 201 79
122 173 66
36 68 98
77 208 69
18 192 100
79 208 78
94 225 1
92 138 100
135 156 85
37 135 10
12 256 60
45 232 88
153 190 48
138 236 29
175 245 16
0 104 30
118 215 98
68 188 11
179 231 7
140 173 89
80 103 1
23 147 37
41 72 53
128 256 15
136 170 91
154 241 32
180 189 58
68 141 23
78 146 95
10 185 96
187 230 22
7 247 27
187 247 42
11 253 84
162 245 60
192 221 89
11 164 66
107 184 7
14 117 83
11 148 81
36 39 91
60 188 49
47 123 2
112 113 22
118 211 23
22 137 62
21 222 24
138 165 82
48 201 29
102 153 84
70 136 63
199 209 39
208 225 4
138 157 28
170 181 90
100 132 53
58 183 8
181 238 4
122 219 31
6 147 38
121 158 74
141 169 50
68 87 36
84 254 95
11 210 100
69 200 39
35 175 28
109 178 17
116 143 51
72 128 61
9 241 54
57 171 15
55 180 56
6 199 1
85 175 40
8 104 25
47 211 68
58 200 69
101 172 46
85 193 25
133 189 54
16 116 50
123 209 33
136 189 10
155 213 69
100 245 98
170 211 1
82 120 10
22 235 62
52 106 79
164 222 47
9 184 13
67 155 5
162 217 78
60 104 51
241 253 65
124 162 33
8 89 5
91 219 96
93 151 92
123 216 70
99 143 53
126 178 51
119 208 67
125 257 68
23 122 8
251 258 8
93 200 61
79 190 46
14 170 68
69 126 30
42 67 66
25 147 13
190 241 51
58 223 29
172 189 81
95 179 28
131 183 58
42 119 87
67 206 52
249 251 25
11 147 92
156 198 43
25 213 1
212 235 45
49 229 77
175 216 92
31 175 58
45 210 73
97 194 88
87 185 96
43 92 67
209 227 49
27 249 93
53 210 31
116 149 40
29 72 52
89 95 3
144 239 59
175 192 42
140 244 92
1 91 58
9 148 81
25 131 40
19 75 45
146 154 57
78 135 13
45 107 73
101 119 99
126 137 80
79 182 68
171 202 8
147 187 99
64 174 64
61 128 4
87 217 85
52 130 7
112 147 73
98 208 20
1 56 18
38 156 84
60 97 98
117 138 16
92 179 36
70 198 23
65 214 96
129 132 60
13 240 78
103 184 41
28 98 99
91 145 80
65 241 96
188 206 61
178 198 86
141 212 5
7 16 48
173 183 83
118 141 13
0 26 63
38 65 64
64 87 83
26 205 83
134 180 17
14 66 88
55 135 23
86 167 85
35 49 98
60 95 70
34 156 53
175 201 59
27 71 32
11 31 31
46 214 56
100 118 1
32 37 57
60 114 38
88 226 42
66 157 79
20 89 96
183 235 52
38 175 39
12 201 71
35 216 29
128 192 29
163 207 12
175 258 55
118 159 64
133 156 74
169 259 76
21 121 33
148 150 48
4 190 1
187 191 11
163 189 66
120 188 43
1 94 24
44 111 87
130 229 91
34 112 77
5 120 73
77 136 11
163 239 61
83 258 58
74 169 20
122 164 8
19 153 76
40 90 34
28 135 25
151 219 7
59 243 71
51 109 60
8 110 45
18 78 84
173 195 89
8 136 69
208 241 81
45 246 37
13 15 48
22 218 74
143 221 3
120 136 24
34 230 69
10 82 3
9 27 81
88 207 63
157 213 55
39 157 17
7 242 32
155 183 20
6 181 81
21 101 5
52 53 88
194 214 9
185 192 92
46 98 69
71 186 49
46 237 26
104 256 87
145 207 28
112 121 61
3 202 94
101 247 55
224 256 94
196 220 76
77 172 29
108 237 54
138 210 79
35 134 38
91 153 29
146 180 95
202 245 51
27 223 30
145 147 2
24 246 7
15 50 77
54 169 25
48 204 67
227 229 100
60 223 74
206 235 70
180 230 68
114 241 45
114 163 13
113 163 56
1 136 84
210 229 96
70 220 85
137 238 1
26 88 42
18 81 27
3 142 1
12 42 14
116 163 70
39 187 60
153 169 78
23 195 100
26 153 93
172 200 11
3 22 39
18 42 21
61 173 61
96 222 58
43 168 13
110 146 2
23 26 39
160 233 41
55 159 60
136 198 79
64 170 64
118 221 17
3 170 64
142 253 3
1 90 80
67 217 83
60 150 83
95 162 29
13 52 75
47 210 2
13 95 97
10 120 78
106 194 65
162 253 50
133 258 40
155 201 58
44 221 60
78 207 68
138 221 34
94 143 96
47 59 21
67 161 36
76 209 95
157 177 62
49 54 39
168 250 46
175 212 52
123 191 30
35 78 48
108 174 40
8 166 60
19 49 56
144 145 29
90 248 50
64 71 55
40 56 87
239 250 30
62 245 39
102 177 12
72 82 74
189 215 22
54 129 40
44 167 82
146 178 5
27 77 8
46 198 12
2 87 82
125 183 64
126 158 46
229 249 26
2 57 24
45 243 46
37 257 4
48 202 29
80 229 100
166 258 84
173 212 81
138 204 34
76 121 34
86 170 99
8 198 47
64 137 3
60 191 62
120 126 46
109 238 43
50 76 72
244 257 98
112 131 35
0 151 40
140 161 55
214 216 21
37 209 6
80 191 79
169 206 45
177 244 65
110 145 13
150 182 98
11 79 63
120 207 22
8 123 28
109 216 35
5 27 2
119 206 88
94 220 3
100 208 29
23 206 42
96 231 71
53 189 49
186 251 63
92 184 26
78 141 81
7 201 25
82 118 35
131 192 8
114 123 100
9 175 58
126 213 2
25 202 89
13 236 20
132 165 44
64 194 18
215 233 67
124 198 89
87 188 41
106 188 23
183 256 22
77 160 59
172 173 2
148 186 44
89 146 60
88 157 26
27 155 40
47 223 43
135 251 87
72 221 100
45 116 29
200 208 52
139 218 70
105 151 78
94 240 13
4 197 63
64 163 34
21 23 58
9 50 12
76 178 41
140 257 56
114 230 58
35 128 90
137 216 76
19 23 48
67 149 33
195 252 9
121 230 15
190 225 59
19 231 69
160 162 65
81 204 92
55 230 33
139 201 48
14 198 82
31 198 26
61 219 84
37 119 40
48 128 82
46 231 40
86 166 30
38 158 64
54 84 84
92 152 99
67 172 40
197 226 30
126 185 54
2 124 8
66 243 47
29 75 22
10 75 80
20 197 91
78 110 81
158 171 14
39 48 63
1 249 61
79 134 96
213 223 95
48 236 45
128 217 98
105 171 18
50 247 100
154 245 27
7 32 92
62 86 77
127 138 33
10 92 24
78 83 24
79 253 42
15 259 46
154 156 81
112 252 8
104 213 85
28 36 20
191 204 71
35 160 18
160 247 70
209 223 17
76 192 96
29 138 93
150 192 74
210 225 1
35 94 28
163 173 9
6 99 51
81 108 3
168 207 13
152 162 59
69 86 35
191 207 12
28 33 49
41 199 79
20 161 90
18 57 51
89 227 1
16 248 53
25 175 76
109 169 91
49 136 67
18 188 35
229 255 63
38 131 31
186 207 21
86 232 11
53 123 82
167 256 96
164 252 63
26 239 79
3 96 34
81 233 48
79 252 77
13 181 34
122 241 90
53 258 67
67 120 23
3 212 5
212 219 85
20 208 8
37 74 96
161 210 29
32 238 82
173 222 78
113 223 43
19 147 88
59 155 97
114 234 11
140 241 31
211 221 82
136 146 59
7 18 66
16 131 1
64 121 40
137 255 50
49 179 51
33 140 27
32 191 17
25 117 7
120 179 27
95 252 17
93 252 80
21 244 91
146 258 29
171 252 46
135 227 35
11 201 37
37 184 94
47 187 48
113 142 31
236 237 31
134 250 13
80 104 80
18 194 10
177 252 50
37 72 27
200 207 21
11 142 67
22 72 74
36 123 19
102 217 47
76 231 39
63 143 64
95 177 62
199 214 46
12 146 90
37 183 75
76 164 27
181 240 46
5 39 99
104 241 18
55 76 17
62 173 50
78 183 97
62 247 56
153 176 17
156 173 1
6 184 81
126 219 78
10 121 51
162 185 80
22 116 92
5 8 6
37 125 45
158 218 24
143 167 46
52 152 70
247 254 17
107 207 4
157 245 47
11 238 61
8 132 16
47 102 14
4 81 73
162 238 70
2 77 95
85 192 87
111 205 46
55 96 11
75 155 35
187 238 88
151 171 41
22 257 17
52 54 61
38 162 9
20 156 76
31 236 63
122 199 68
5 130 79
59 115 53
219 241 85
199 248 16
107 142 94
86 200 99
11 176 45
141 250 43
34 45 4
84 195 46
134 175 48
65 155 92
125 196 30
205 256 50
87 210 50
124 249 33
96 98 4
77 187 61
113 167 99
86 176 40
7 165 6
58 227 43
96 218 42
198 238 74
206 257 38
3 100 30
74 111 80
68 118 70
5 12 45
123 146 85
58 97 63
17 82 60
116 217 82
75 120 7
48 64 77
99 239 92
47 112 78
119 157 48
142 160 17
64 107 18
86 206 48
81 257 26
109 141 25
180 259 20
256 259 77
117 133 40
158 203 62
229 259 53
93 150 95
108 211 13
80 115 57
95 136 39
24 123 14
172 230 50
36 228 11
123 192 86
46 203 74
182 199 61
154 200 53
24 34 73
4 98 15
155 170 19
38 193 27
230 259 13
63 118 56
103 185 47
39 217 74
10 104 63
11 141 86
117 166 92
166 248 52
40 203 39
117 253 14
134 258 9
9 48 54
10 11 8
20 259 42
184 211 18
79 221 1
24 131 4
108 223 14
125 133 86
83 144 36
15 233 34
195 245 70
96 243 27
124 148 26
129 172 42
111 181 14
40 125 98
74 97 79
28 141 94
76 179 65
44 119 76
30 165 3
8 255 18
108 127 75
136 152 68
122 171 19
18 226 62
47 236 93
29 40 50
211 224 44
188 240 38
28 238 37
148 164 58
56 69 10
38 128 81
64 146 45
135 202 19
38 166 56
31 50 88
17 32 93
113 221 13
18 200 48
26 40 33
221 237 85
57 128 57
144 161 93
147 235 64
48 221 67
10 112 59
92 248 47
1 188 94
159 228 81
38 121 66
215 243 23
7 135 88
14 87 43
152 197 83
43 208 66
116 202 38
154 234 52
106 208 92
183 249 5
38 153 31
19 105 82
172 204 67
27 43 50
88 123 42
13 132 17
132 134 61
159 254 26
20 122 89
11 162 93
224 234 47
27 110 55
9 238 39
157 220 50
54 228 77
48 231 71
30 155 40
66 205 94
171 190 32
14 32 44
2 245 44
29 44 46
108 185 53
185 234 38
28 109 66
68 69 4
82 138 18
6 27 69
4 61 95
194 240 16
178 255 5
85 141 23
119 154 82
176 207 11
128 170 93
106 205 41
99 212 23
41 132 72
97 114 96
143 214 27
9 189 26
214 254 51
135 174 38
225 245 57
23 223 69
76 201 47
114 257 53
94 255 6
86 91 99
187 253 22
130 159 68
0 221 17
3 39 70
14 118 86
83 95 5
43 87 30
50 83 87
108 156 6
69 78 15
92 189 68
77 223 76
33 98 79
132 177 17
39 166 3
27 112 19
132 133 77
113 134 18
10 70 60
95 96 68
24 165 9
7 217 62
82 205 23
46 191 48
177 222 82
35 138 58
190 221 99
27 202 26
