1200 1000
0 9 30
9 10 78
10 12 88
12 13 64
13 15 63
15 20 85
20 24 82
24 28 97
28 29 81
29 30 75
30 35 15
35 38 36
38 42 7
42 47 56
47 49 81
49 51 25
51 54 56
54 55 87
55 59 41
59 64 5
64 71 8
71 72 44
72 75 82
75 78 30
78 95 34
95 105 59
105 112 56
112 113 83
113 116 19
116 137 35
137 145 66
145 150 41
150 151 8
151 178 99
178 179 100
179 184 97
184 190 52
190 197 48
197 210 81
210 215 45
215 221 3
221 224 41
224 228 31
228 242 3
242 243 46
243 255 2
255 258 26
258 259 81
259 261 30
261 262 85
262 265 68
265 266 13
266 268 65
268 280 60
280 291 38
291 295 83
295 305 58
305 307 81
307 308 71
308 309 36
309 322 35
322 323 69
323 324 55
324 333 49
333 336 93
336 340 83
340 344 96
344 347 80
347 359 13
359 362 63
362 372 91
372 374 20
374 381 35
381 386 76
386 400 19
400 403 18
403 404 44
404 406 73
406 408 46
408 409 55
409 411 85
411 414 67
414 421 70
421 436 48
436 438 86
438 445 7
445 449 27
449 459 43
459 464 18
464 465 29
465 467 51
467 473 54
473 480 5
480 490 29
490 494 80
494 499 49
499 504 12
504 520 5
520 521 67
521 522 43
522 523 89
523 525 44
525 526 8
526 532 89
532 551 15
551 552 52
552 554 34
554 568 36
568 569 71
569 575 72
575 577 76
577 582 93
582 587 86
587 595 34
595 598 74
598 602 36
602 607 34
607 612 38
612 614 98
614 617 29
617 619 43
619 622 54
622 625 27
625 628 62
628 636 30
636 648 1
648 659 69
659 661 19
661 663 34
663 666 47
666 669 55
669 670 98
670 672 54
672 678 32
678 685 89
685 691 10
691 701 40
701 714 89
714 720 95
720 723 42
723 725 92
725 730 27
730 731 78
731 734 19
734 736 84
736 739 55
739 743 68
743 746 19
746 758 16
758 763 47
763 764 48
764 768 8
768 770 3
770 775 86
775 785 37
785 788 9
788 790 85
790 797 10
797 802 27
802 817 23
817 820 80
820 826 99
826 830 16
830 836 83
836 849 58
849 851 17
851 852 87
852 859 74
859 860 54
860 872 40
872 891 66
891 899 43
899 907 59
907 909 73
909 911 1
911 914 95
914 924 49
924 926 42
926 936 3
936 937 11
937 944 89
944 949 51
949 957 47
957 959 3
959 970 91
970 973 28
973 985 69
985 987 32
987 989 48
989 994 30
994 996 25
996 1000 83
1000 1004 70
1004 1005 80
1005 1007 45
1007 1009 76
1009 1011 77
1011 1016 93
1016 1020 89
1020 1024 15
1024 1025 28
1025 1029 87
1029 1033 63
1033 1038 68
1038 1039 17
1039 1042 73
1042 1049 23
1049 1057 19
1057 1062 50
1062 1065 29
1065 1066 91
1066 1068 76
1068 1075 66
1075 1080 76
1080 1103 41
1103 1114 27
1114 1128 70
1128 1138 2
1138 1140 64
1140 1141 31
1141 1161 35
1161 1169 71
1169 1172 31
1172 1176 31
1176 1179 40
1179 1185 90
1185 1193 85
1193 1199 37
162 923 92
388 633 65
741 808 91
381 870 41
46 837 85
778 828 86
441 1107 81
469 657 70
284 419 97
5 543 72
248 865 27
540 795 88
223 790 78
903 971 62
106 527 53
751 1089 83
816 1048 99
360 768 66
548 1132 65
267 1069 3
201 900 76
617 999 17
412 476 19
187 649 23
318 926 40
165 842 23
264 638 44
159 355 63
916 952 67
175 183 80
594 780 38
102 831 99
122 377 50
259 996 97
20 1082 96
652 1088 100
30 731 1
751 1120 29
344 365 42
112 637 5
167 1102 44
233 509 38
154 596 1
435 1189 18
285 366 76
417 536 38
11 685 76
707 747 45
252 939 82
366 897 77
108 538 53
106 348 77
709 1085 48
244 1061 23
447 957 50
295 486 3
851 1100 93
611 1188 65
248 287 11
297 536 100
732 1094 68
625 855 18
349 1115 83
241 496 61
201 310 27
146 496 3
71 941 75
188 834 74
987 1199 56
622 1037 54
202 603 48
305 1142 23
901 1146 13
410 953 67
47 1174 40
276 482 39
154 1166 65
1012 1182 28
58 752 24
59 306 62
242 414 73
12 632 33
281 751 72
9 565 71
113 204 3
240 393 80
174 430 79
47 925 25
135 317 30
452 808 21
208 321 2
316 373 57
673 827 26
480 898 65
89 1097 99
1083 1145 20
387 756 41
575 842 66
453 1139 78
115 890 16
150 271 24
348 910 63
385 782 78
929 1107 62
612 921 34
368 719 77
673 976 68
280 666 77
260 1107 34
831 854 31
407 717 47
80 468 96
283 1117 30
845 1011 20
932 990 4
215 522 34
602 793 48
733 1067 75
266 1101 79
812 1087 4
439 869 45
102 180 87
524 1019 2
170 936 38
5 1140 92
149 1085 23
678 852 99
344 817 86
280 543 96
94 879 32
258 479 98
1049 1095 15
254 1041 6
922 1180 25
638 672 86
423 731 40
400 524 75
56 156 37
697 1061 48
435 646 44
25 1112 57
551 941 54
130 208 58
644 1049 33
251 261 8
158 1198 9
367 914 100
146 865 22
61 201 50
116 456 1
280 517 47
145 615 24
718 1002 12
303 705 16
89 581 18
192 775 68
534 962 97
354 477 24
282 516 98
471 857 54
652 698 10
84 231 56
10 117 85
287 992 76
284 667 67
102 181 85
501 632 36
473 1002 3
117 431 46
296 832 18
673 1070 11
268 949 43
84 1101 56
354 1150 11
263 884 68
32 750 52
478 1158 53
298 383 24
526 985 15
495 530 54
181 292 100
642 1033 35
338 914 73
222 726 60
825 978 43
594 1173 95
860 1106 73
21 177 64
542 559 3
83 553 89
481 1036 98
1046 1051 98
327 574 10
385 1193 20
851 878 40
1044 1062 39
627 660 6
145 611 99
903 969 8
151 307 79
36 952 51
576 703 29
484 676 50
104 125 50
72 397 76
48 992 84
606 1114 45
230 1152 56
453 1164 5
599 645 33
110 583 96
154 431 86
156 674 84
719 893 85
93 862 80
458 658 4
767 964 6
101 102 91
484 1154 71
258 846 92
181 938 94
340 879 23
56 562 97
726 859 59
326 1163 14
507 923 68
25 804 96
100 943 80
40 659 11
42 248 36
648 782 100
774 847 12
269 974 55
49 1182 51
329 699 54
290 725 9
39 1132 98
129 975 16
1091 1107 91
523 621 43
631 795 68
487 504 86
198 1038 57
329 683 29
5 1119 78
685 1165 34
301 919 89
969 1000 17
913 928 80
126 240 79
350 612 74
148 329 89
255 853 11
363 674 98
333 591 91
492 621 87
47 1063 36
587 631 62
544 1189 87
569 707 41
138 781 86
235 503 45
698 938 58
417 883 79
44 1164 19
762 815 100
186 644 43
469 964 14
201 1049 57
764 1054 2
89 683 39
405 967 99
212 1155 49
790 1128 21
611 960 51
707 753 43
8 740 8
1053 1162 73
831 1177 91
927 1055 80
435 930 30
724 1155 96
37 382 47
314 1125 76
783 1045 19
72 664 71
107 634 89
38 1078 63
126 352 43
52 603 89
154 944 68
324 617 48
389 827 29
464 1017 100
554 813 92
170 1062 29
462 1010 59
844 917 67
590 1123 24
529 554 17
621 821 6
13 359 73
126 451 48
177 449 85
476 816 75
139 187 7
572 1014 5
25 383 18
970 1045 41
140 503 42
760 999 67
311 480 24
146 1076 69
479 747 90
89 799 77
262 979 24
39 906 68
92 760 76
183 410 96
132 489 46
717 1167 75
217 776 87
576 1120 88
378 686 18
558 1153 36
483 1032 14
460 477 77
488 528 90
210 652 30
753 1187 20
815 971 74
51 181 21
500 1076 3
298 631 55
389 873 46
1113 1188 87
0 895 93
250 1088 82
1097 1138 56
274 718 62
231 1013 92
906 1062 84
437 1067 33
235 1067 2
114 392 99
203 516 62
65 455 50
559 1174 33
480 860 70
1034 1152 44
185 680 79
594 1008 95
219 825 37
544 968 9
207 256 99
325 1039 94
43 1067 55
538 1184 55
221 651 57
761 864 50
277 360 12
394 886 36
48 327 43
198 434 96
169 352 18
775 971 90
822 902 99
24 465 87
241 920 21
55 1018 68
149 871 17
690 1186 27
285 1186 16
319 894 25
1124 1162 95
132 588 33
231 418 81
726 921 74
866 998 20
609 1173 77
423 775 56
463 967 83
63 551 33
173 834 96
933 1197 91
567 850 66
272 295 65
395 883 2
411 893 80
914 1084 59
333 850 61
196 1019 41
805 1193 17
345 1108 52
869 1034 39
34 913 65
377 660 64
78 563 79
669 870 58
325 1168 54
336 877 76
464 550 98
271 1179 78
153 349 39
1026 1041 63
188 1173 79
149 761 3
456 950 21
276 280 42
444 483 33
1165 1167 88
201 609 66
223 900 63
547 834 11
131 490 70
783 932 61
643 858 90
350 660 15
130 527 15
981 1143 83
212 465 27
452 603 88
805 884 100
752 769 96
47 311 1
474 1141 83
752 762 70
45 671 81
973 1154 82
529 867 39
756 1175 96
616 827 97
933 1112 99
673 994 98
30 825 47
371 788 72
129 1106 61
155 882 81
417 552 98
369 556 55
115 226 85
113 752 57
128 660 93
267 638 1
12 608 67
22 717 26
356 866 30
91 849 55
650 692 91
170 382 50
791 1141 90
372 927 36
594 969 47
323 427 87
129 285 80
64 260 32
182 498 88
334 1052 64
517 897 30
437 709 19
744 1093 11
203 310 55
431 601 98
49 479 16
118 1077 91
547 723 65
335 1075 40
526 902 20
284 726 48
450 785 85
43 260 37
20 170 33
288 1055 53
64 1169 52
418 534 96
892 1198 13
917 1093 25
550 629 95
361 469 39
37 623 18
522 1172 100
26 872 17
123 651 37
311 685 40
452 730 94
590 1010 91
596 874 11
203 758 90
8 304 57
581 776 15
23 560 45
930 1172 35
744 1038 78
246 1038 32
4 97 100
728 787 49
348 950 34
307 477 41
583 655 12
849 933 13
431 816 61
43 578 67
189 505 100
135 1000 73
755 1025 48
759 811 13
704 928 25
11 978 88
789 949 12
838 890 12
683 1057 42
305 587 75
58 567 56
344 1080 2
452 927 48
174 1043 4
268 1130 96
203 842 11
501 585 38
415 995 31
765 895 44
701 1088 72
456 588 69
37 1004 20
285 995 79
149 873 33
466 860 27
648 764 81
37 330 21
542 826 82
609 993 72
18 117 41
102 606 36
674 1073 73
285 566 14
268 1056 74
157 1050 10
548 632 62
52 325 8
162 341 4
224 673 1
182 446 4
94 1148 35
195 408 59
424 1053 16
547 933 44
24 1040 87
800 862 82
572 950 45
93 1143 60
643 1046 40
813 957 31
329 659 56
918 1067 62
613 1086 90
120 1182 40
877 1181 34
823 1121 78
247 327 3
483 1116 41
657 874 82
625 653 70
783 926 84
115 173 22
4 576 88
94 857 78
168 325 58
599 643 26
296 394 94
458 798 61
992 1005 73
538 1042 71
546 641 10
1080 1098 11
359 582 70
241 409 72
106 1132 20
30 740 4
667 959 92
202 1166 69
71 963 7
368 1106 69
934 1144 83
1070 1176 83
648 877 52
515 871 14
688 991 37
526 1164 18
125 312 61
100 303 6
428 806 89
409 1122 95
908 1028 26
838 964 54
457 1116 93
722 1102 93
639 1146 67
30 267 64
270 847 83
545 1011 18
126 914 85
117 545 69
864 1014 44
506 1150 28
38 158 14
768 1037 47
441 992 88
254 827 70
794 834 6
243 1012 18
516 819 20
765 893 51
634 802 74
434 1042 18
220 977 2
159 918 38
14 77 19
663 773 96
470 836 80
310 1148 51
416 1130 98
813 1179 3
585 794 33
722 1008 26
326 364 91
428 1069 98
454 492 8
680 889 81
290 615 26
62 818 60
88 148 38
204 600 74
157 410 79
26 49 46
112 1070 50
327 1165 46
186 396 81
122 604 43
295 1108 34
128 507 62
628 1169 75
40 1186 1
561 884 98
301 909 85
227 839 26
11 85 78
47 909 24
2 963 90
499 931 19
1021 1065 55
35 543 5
362 450 66
621 848 38
259 881 15
64 550 91
368 924 47
357 470 98
264 494 87
572 754 17
149 932 99
142 181 16
92 1030 41
634 650 17
61 1041 84
15 270 34
146 1013 90
38 1128 10
292 1151 13
180 1137 7
132 477 85
371 434 26
87 1113 23
115 872 31
240 515 75
889 925 55
514 1194 57
779 806 88
497 943 26
68 366 14
141 632 30
269 660 14
177 352 82
93 189 8
418 1166 73
175 584 2
294 481 90
546 597 82
241 846 78
165 720 37
270 617 28
324 437 95
485 772 66
472 975 54
148 203 8
315 571 23
957 958 32
198 943 75
165 449 91
561 687 17
390 732 3
70 456 45
539 1170 84
303 950 44
369 1190 60
66 73 14
119 652 27
838 1188 72
785 865 16
564 903 18
665 1188 33
83 606 13
430 731 53
113 989 78
2 880 87
147 388 21
1068 1108 5
139 1168 2
370 675 3
36 725 15
23 699 58
1148 1199 55
118 189 23
184 488 61
251 356 76
669 767 92
501 785 2
415 910 12
789 1087 26
50 375 37
54 1109 46
508 590 44
141 544 16
39 127 43
350 374 78
74 130 31
304 1052 99
382 1062 100
591 684 31
435 794 65
189 861 19
227 1105 90
116 518 38
69 484 20
1045 1082 43
676 890 43
850 881 93
436 1070 66
48 1119 81
177 1112 68
596 690 33
206 941 31
300 843 86
81 271 46
770 1088 97
1094 1183 69
172 1177 26
282 769 77
530 1005 13
597 775 80
441 1012 61
223 897 91
161 443 84
806 1019 54
857 1108 15
917 960 60
713 1081 76
365 687 34
592 1068 45
481 715 19
606 1066 8
358 736 20
233 552 22
