3360 1000
0 20 17
20 24 64
24 25 78
25 37 60
37 38 37
38 62 48
62 73 76
73 74 55
74 101 77
101 103 17
103 105 65
105 116 73
116 129 46
129 133 55
133 139 35
139 143 47
143 205 78
205 216 30
216 246 62
246 283 74
283 284 14
284 307 77
307 315 68
315 328 25
328 335 74
335 340 98
340 356 99
356 361 61
361 363 40
363 379 42
379 404 52
404 423 49
423 425 39
425 427 18
427 464 100
464 497 68
497 504 88
504 508 82
508 514 59
514 521 93
521 543 55
543 566 80
566 573 29
573 586 95
586 619 90
619 625 27
625 658 72
658 660 31
660 692 93
692 693 99
693 698 23
698 713 23
713 716 96
716 718 26
718 730 35
730 740 52
740 777 5
777 784 58
784 785 65
785 789 54
789 792 20
792 806 61
806 831 43
831 850 16
850 858 51
858 860 48
860 863 58
863 869 88
869 873 5
873 899 59
899 904 19
904 914 22
914 923 68
923 924 60
924 927 87
927 950 81
950 957 30
957 962 41
962 976 65
976 982 10
982 1010 16
1010 1022 20
1022 1030 57
1030 1032 83
1032 1034 5
1034 1040 80
1040 1059 18
1059 1083 74
1083 1093 87
1093 1118 10
1118 1132 48
1132 1142 1
1142 1152 36
1152 1166 7
1166 1167 64
1167 1171 99
1171 1174 89
1174 1207 33
1207 1212 18
1212 1216 14
1216 1220 19
1220 1253 87
1253 1261 59
1261 1269 8
1269 1290 83
1290 1320 12
1320 1328 32
1328 1345 51
1345 1347 85
1347 1356 53
1356 1363 91
1363 1371 94
1371 1376 43
1376 1378 57
1378 1407 68
1407 1417 96
1417 1429 16
1429 1434 50
1434 1447 50
1447 1454 60
1454 1473 85
1473 1483 14
1483 1489 84
1489 1505 98
1505 1511 19
1511 1513 11
1513 1535 3
1535 1543 11
1543 1546 94
1546 1557 79
1557 1566 75
1566 1574 95
1574 1613 87
1613 1618 77
1618 1648 46
1648 1652 76
1652 1656 25
1656 1661 40
1661 1697 13
1697 1729 58
1729 1740 91
1740 1759 40
1759 1760 3
1760 1769 49
1769 1770 77
1770 1772 32
1772 1780 7
1780 1783 8
1783 1791 86
1791 1817 3
1817 1827 90
1827 1829 65
1829 1833 27
1833 1874 45
1874 1897 41
1897 1918 2
1918 1932 94
1932 1949 36
1949 1956 75
1956 1957 70
1957 1968 62
1968 1980 45
1980 1988 23
1988 2011 13
2011 2030 77
2030 2063 10
2063 2064 51
2064 2066 87
2066 2087 39
2087 2090 92
2090 2092 88
2092 2118 99
2118 2122 53
2122 2123 15
2123 2124 59
2124 2134 33
2134 2180 52
2180 2200 73
2200 2201 78
2201 2215 96
2215 2224 80
2224 2258 4
2258 2272 49
2272 2281 96
2281 2289 1
2289 2311 24
2311 2315 93
2315 2321 28
2321 2337 94
2337 2352 48
2352 2354 94
2354 2370 81
2370 2381 11
2381 2390 11
2390 2409 74
2409 2411 67
2411 2426 54
2426 2431 25
2431 2464 1
2464 2483 27
2483 2486 26
2486 2490 56
2490 2505 20
2505 2515 57
2515 2518 62
2518 2520 95
2520 2531 73
2531 2533 35
2533 2535 70
2535 2548 80
2548 2551 52
2551 2569 63
2569 2586 26
2586 2603 47
2603 2616 47
2616 2617 14
2617 2620 33
2620 2622 42
2622 2624 37
2624 2641 50
2641 2665 78
2665 2667 67
2667 2670 74
2670 2677 41
2677 2693 21
2693 2696 97
2696 2718 86
2718 2782 16
2782 2786 90
2786 2795 49
2795 2814 31
2814 2842 20
2842 2852 48
2852 2856 76
2856 2859 99
2859 2866 13
2866 2869 48
2869 2879 95
2879 2903 21
2903 2943 47
2943 2981 74
2981 2985 2
2985 3012 28
3012 3035 80
3035 3047 28
3047 3049 53
3049 3052 79
3052 3053 24
3053 3059 55
3059 3079 24
3079 3087 60
3087 3101 27
3101 3106 28
3106 3157 74
3157 3176 54
3176 3187 86
3187 3191 74
3191 3200 59
3200 3208 92
3208 3223 29
3223 3226 5
3226 3234 12
3234 3246 85
3246 3253 49
3253 3273 28
3273 3294 99
3294 3316 5
3316 3318 39
3318 3334 43
3334 3336 21
3336 3346 62
3346 3347 9
3347 3350 77
3350 3353 69
3353 3359 91
316 2490 70
498 1797 76
2080 2543 30
1108 1712 43
2160 2689 39
735 1094 43
108 303 64
166 324 62
2833 2872 12
1425 2332 33
609 1429 2
1826 3053 11
1482 3240 11
2103 2350 98
2087 3081 41
961 1923 4
1330 1860 13
2007 2368 52
66 2993 64
1220 1519 12
490 603 76
337 2330 51
497 923 91
542 908 71
142 2788 6
1205 2322 30
77 462 47
1093 2465 83
1295 1632 12
328 2981 19
44 3225 54
1023 2539 56
512 1440 35
863 2449 86
2656 2926 11
407 2413 45
769 1887 89
1409 3073 38
504 1948 25
1316 2025 80
1869 3247 28
373 2463 4
358 3260 37
1322 2333 64
439 798 32
265 2662 49
593 2782 91
492 2864 13
2476 3230 15
270 1963 10
496 2541 5
1364 1409 3
733 1079 83
474 1204 22
685 756 77
453 754 64
191 1083 58
969 3292 68
482 725 69
1665 2535 50
2299 3196 19
329 719 29
218 1376 61
1342 2283 20
2491 2957 91
579 1514 24
1329 3335 50
1673 2916 9
1493 2731 68
1519 1704 55
1 1991 46
1924 2029 76
550 2840 43
550 2044 7
415 2995 82
220 1752 59
1264 1290 18
479 1899 86
284 1797 4
43 1619 69
268 2728 63
508 2847 54
313 1645 10
9 3071 75
315 1822 4
250 2077 46
2025 2657 89
33 1607 50
51 392 64
187 2000 77
2562 2992 5
1338 2743 55
1321 1638 80
1673 2383 13
939 2320 62
1 1208 61
515 1387 13
1664 1886 51
1632 2978 88
1378 3106 79
1393 2169 1
1826 3027 41
228 1439 29
737 2857 33
1915 2052 69
506 865 18
615 2787 72
31 754 35
556 1937 61
619 2037 63
920 1224 5
1430 2318 71
2823 3336 57
133 516 97
322 2516 63
368 2417 63
307 876 44
858 1885 96
105 790 41
1389 1935 65
3005 3292 2
1366 2154 12
2349 2521 22
583 2521 92
896 2205 2
213 2233 21
1615 1676 68
608 3129 31
2125 3199 71
2183 3147 33
1500 3331 54
242 388 42
378 1331 85
2575 3109 55
227 2878 57
1540 1627 34
611 937 86
824 1050 70
1081 1612 51
601 3003 88
2101 2793 21
167 2488 62
673 1631 16
200 1948 25
556 3345 53
214 575 69
393 2763 42
577 1864 69
2594 2763 39
1679 1706 84
725 1372 85
241 526 27
1590 2955 93
2580 3122 51
2296 2359 73
1087 1896 87
94 1684 98
2171 2538 6
1683 3293 29
884 2347 36
2676 3012 57
113 1418 17
518 2275 79
1394 1544 48
2255 2981 95
39 2568 22
2026 2403 52
2768 3069 9
365 2695 62
2435 2827 91
2803 3054 35
15 1274 17
1341 2806 85
1112 1598 44
59 2769 68
479 1220 10
2052 2795 51
1151 1311 39
758 782 74
342 2368 87
1215 1410 36
2900 3337 100
853 2498 64
848 1173 77
2587 3136 67
2203 2216 86
1024 2019 91
395 1675 70
1527 2805 81
1515 3177 42
1189 1317 99
122 3163 81
971 2670 6
277 2959 78
363 685 40
508 2106 21
2001 2251 37
1337 2095 59
224 929 52
1813 1850 15
1801 3178 36
1003 2378 40
1087 2897 69
1060 2844 74
1431 1432 78
2484 2631 71
250 1659 51
527 924 40
702 2220 71
1344 2351 93
1732 2221 83
886 1325 4
832 1923 60
917 1688 2
1136 2924 54
645 1622 90
107 376 33
2099 2933 17
1840 2930 16
1639 2858 30
1865 2795 27
1161 1615 44
632 1549 32
819 3099 61
562 3305 27
1337 1845 83
1910 2210 9
712 1835 32
93 2288 21
556 913 50
1975 2508 19
1517 2150 48
1454 2617 70
1292 2843 35
3210 3256 100
233 2758 21
602 2150 16
1765 2922 95
968 3185 34
70 2454 60
1578 1800 17
1067 3024 16
2998 3029 41
527 3073 14
1320 3036 95
618 3304 59
1648 2807 23
340 2727 18
928 2535 79
1483 1627 34
557 1526 38
543 1841 3
1347 1879 91
2060 2861 90
962 2638 82
299 1136 51
391 1089 78
423 2600 90
846 1160 6
636 1651 46
890 3299 94
664 1107 63
142 2489 35
2873 3104 51
797 1192 94
1547 1570 49
950 1685 16
767 3349 53
942 2664 69
762 2370 34
1630 2250 97
20 634 39
531 2356 85
142 2818 94
752 2102 40
547 3267 19
843 1098 9
310 3296 17
285 2036 16
2081 2789 69
537 851 40
857 1937 18
122 1689 78
587 971 92
1317 1586 85
2762 3230 25
2026 2588 58
1577 1974 7
811 2142 37
1390 1707 29
1583 2237 19
966 2519 80
1091 1868 82
1494 1556 54
2297 2397 67
65 930 98
1499 2355 66
1071 2833 79
88 578 100
3008 3299 38
2452 3148 38
1305 2746 18
161 1168 96
1357 2468 79
1658 2649 25
2411 3251 73
1044 2397 91
2110 3057 53
488 2787 69
334 1044 97
831 2022 23
469 2664 73
937 1841 46
552 2394 60
2286 3197 22
322 735 32
602 1214 27
129 3047 65
29 2229 68
2522 3177 37
1903 1955 65
179 2640 43
2354 3307 27
2580 2585 11
289 2139 2
142 738 9
82 1021 9
603 3219 48
981 3098 51
1039 2549 7
2086 2410 43
1884 3201 95
1613 2846 60
2490 3049 42
337 2751 91
194 1961 10
426 1385 98
634 1121 14
8 2331 8
198 758 6
164 2983 56
2520 2719 58
2491 3151 7
177 1282 61
26 2972 48
444 2626 42
3110 3185 15
2880 2937 97
2856 2918 94
580 2535 91
396 1286 28
69 436 22
2777 3299 33
2518 2656 83
373 825 32
465 1139 91
944 2972 64
1967 3351 7
2585 2748 31
2172 3114 6
1122 3350 44
465 1281 39
923 2254 76
1430 3271 34
891 1706 11
318 1567 8
46 792 76
1416 2354 62
1565 2760 12
855 2412 94
1539 2354 38
188 1317 67
703 1694 52
1213 1955 4
265 805 55
1195 2694 74
1908 2189 72
1786 2410 25
119 3269 58
1855 3095 91
301 757 87
683 1620 86
22 2072 23
259 2297 97
89 3180 34
1476 1865 92
1285 2007 89
20 3139 99
492 2078 38
1252 2804 59
133 677 68
1048 2238 86
867 913 74
130 1950 26
2008 2175 25
637 2105 81
909 1703 29
413 3037 66
28 3105 100
1268 2675 18
341 2560 68
742 1904 52
1652 2810 42
819 2800 53
27 2331 46
578 1190 82
1338 3111 49
1634 2176 6
56 3299 10
1125 1896 16
1140 1884 1
853 1594 71
3118 3341 26
2 2362 56
582 2348 85
1482 1622 12
2354 2729 17
1261 3321 18
283 1493 8
807 2476 68
354 590 30
1511 2889 38
128 315 3
409 1895 9
1428 2332 75
826 2512 21
70 1939 92
779 1018 4
150 3085 6
161 2675 39
741 1762 96
1401 2179 45
604 2223 82
2869 3295 92
2109 3054 26
454 2882 62
1156 2778 34
333 475 98
1416 3274 69
872 1866 100
832 2636 40
154 3309 6
2666 3011 20
1694 3045 90
2368 3254 54
315 2470 96
413 1889 50
2260 2472 74
1915 2582 1
633 1100 14
1794 3257 13
599 1776 19
554 2659 76
144 663 89
627 2476 85
760 2788 96
854 1620 94
2661 3187 50
339 3240 84
345 3355 49
652 3347 21
767 1817 9
1086 1407 57
2905 3246 45
338 2785 67
1424 2493 98
1999 2291 62
422 1954 30
539 1652 19
1838 2550 32
750 1489 20
567 2149 56
1141 1507 32
1538 1976 95
230 2896 12
320 523 49
1639 2235 6
1808 2925 5
1710 3134 76
1132 2633 49
496 748 35
630 2270 67
619 1717 86
620 2170 25
434 2321 21
312 1098 65
2183 3202 48
424 1426 64
1222 2224 81
178 2751 94
1619 2057 24
964 2905 82
898 2192 22
312 1118 92
79 1852 86
1819 2886 90
1629 2496 94
1071 2648 93
1400 2276 91
3012 3054 46
289 3071 59
920 3130 74
578 1646 93
2717 3311 87
552 829 83
273 1323 3
1774 2541 39
33 1067 68
1763 3246 88
566 1647 71
139 2459 1
919 1732 74
1089 2357 16
860 2933 49
1859 2892 9
198 3006 98
1075 1158 80
2282 2967 48
605 1446 7
1083 2956 3
661 697 31
1054 2174 75
918 2323 57
1017 1162 82
989 2388 96
370 1413 16
17 3229 88
1004 3016 48
1198 3291 11
1050 1251 12
3 1114 41
37 1621 95
949 2617 29
165 2553 26
1123 3079 66
581 2142 53
873 2354 83
1649 2461 91
1614 2254 67
90 636 91
958 2775 5
1958 2663 70
1600 2600 73
1114 2677 46
660 2205 64
953 2349 3
346 3137 45
1996 2949 43
2044 2908 75
587 1975 80
2866 3346 9
317 1558 92
2710 2786 44
2335 3085 37
497 2627 66
800 2483 72
1711 2428 69
353 745 11
1903 2680 93
74 3033 54
1181 2380 42
1064 1262 54
1767 3219 76
794 2232 1
193 2793 59
1378 2698 89
1203 2390 47
2877 3285 62
77 1640 5
1198 2850 11
393 2217 66
1070 1904 64
209 1925 83
2004 3156 23
1294 2375 82
1288 2809 57
343 993 53
832 1872 38
1898 3117 13
1458 1901 49
608 609 7
1352 2468 29
925 2949 20
1985 3285 36
2501 3170 8
1302 2373 23
270 1270 94
1563 2958 33
1449 1623 1
964 3059 55
1665 2459 42
641 1178 67
1263 3109 77
2096 2503 51
1224 2410 16
682 2882 44
227 2503 38
2236 3257 70
1629 3283 94
1920 2509 20
776 3122 20
1380 1695 67
1402 3184 60
2176 2415 89
190 1022 91
1343 2966 14
1841 1843 88
128 1632 77
1252 2932 4
907 2792 54
145 2735 59
225 2398 19
389 512 56
40 548 9
1093 2082 82
1633 3139 28
108 2588 37
1178 2036 1
132 1704 47
208 683 60
1360 2151 48
205 2528 99
353 2715 71
2355 2509 96
965 1346 49
507 2465 41
1707 2667 55
1291 3161 80
210 1466 4
1682 2177 74
1291 2470 82
278 3328 46
151 1802 53
341 2586 5
523 1550 25
412 938 46
1799 2479 12
1540 2931 54
1513 1964 70
1662 2732 21
187 3023 10
2055 3154 26
2514 2981 87
1373 1703 60
622 1881 70
649 3024 44
1410 2888 59
1401 1549 15
1779 2191 86
960 1654 56
2639 3223 94
1128 1232 61
2411 2923 78
2427 3076 73
700 2881 46
1845 2412 3
1485 1811 6
2019 2591 37
472 1652 25
534 3298 12
1353 1736 1
1346 2921 72
1997 2434 11
1861 2399 33
1985 2285 28
2641 3210 54
2365 2907 10
2840 2895 2
554 2853 86
1306 1639 7
2865 2968 34
1012 3288 20
1558 2465 57
79 1228 7
326 2887 58
376 613 34
2020 2196 80
235 1579 68
1082 1109 45
172 1909 42
74 3151 97
1222 2632 63
1733 2075 91
634 1551 3
841 1526 86
1659 2946 26
35 989 2
84 750 78
596 1767 62
822 1015 42
719 1321 58
770 1221 20
1875 2513 91
898 1716 63
367 3115 1
2147 3263 56
361 1497 7
636 3204 77
2860 3300 36
1341 1667 73
759 2898 86
1662 1718 62
2185 3184 76
2053 2497 11
593 1757 16
203 584 59
2071 2860 83
65 2599 26
157 1724 82
1509 3223 15
3009 3262 93
780 2985 86
125 596 68
1942 2640 90
758 2885 37
282 2516 93
709 2925 64
1102 2850 88
544 2362 18
1391 2298 73
386 3292 49
490 853 9
2025 2336 65
866 2550 49
2730 2830 99
