3540 1000
0 6 45
6 23 1
23 35 33
35 43 72
43 47 15
47 49 90
49 53 38
53 73 41
73 76 78
76 96 72
96 106 67
106 108 10
108 113 52
113 134 22
134 141 5
141 148 13
148 158 43
158 166 78
166 172 1
172 182 45
182 188 75
188 189 67
189 200 54
200 205 47
205 208 47
208 213 68
213 216 27
216 218 31
218 230 73
230 236 70
236 243 39
243 247 78
247 253 35
253 254 31
254 260 4
260 261 49
261 266 91
266 271 80
271 278 30
278 279 37
279 287 63
287 314 81
314 328 50
328 332 43
332 344 87
344 345 87
345 347 52
347 369 1
369 371 88
371 387 46
387 397 22
397 400 59
400 402 46
402 407 98
407 417 98
417 423 70
423 447 7
447 452 8
452 453 96
453 461 60
461 463 79
463 468 64
468 469 84
469 481 70
481 486 48
486 487 23
487 512 71
512 516 84
516 520 97
520 521 17
521 529 11
529 544 100
544 549 39
549 557 11
557 560 34
560 568 66
568 575 91
575 580 12
580 581 61
581 589 23
589 597 91
597 607 50
607 614 89
614 615 78
615 617 59
617 621 61
621 624 36
624 629 51
629 638 3
638 640 50
640 644 59
644 651 49
651 654 52
654 659 81
659 661 58
661 662 92
662 673 26
673 676 83
676 682 17
682 687 93
687 705 78
705 718 65
718 721 91
721 723 43
723 725 4
725 739 30
739 744 60
744 751 85
751 752 3
752 754 44
754 759 22
759 763 34
763 773 31
773 787 7
787 791 31
791 796 81
796 798 69
798 817 12
817 820 46
820 831 46
831 838 38
838 845 63
845 847 28
847 860 89
860 861 34
861 868 45
868 869 50
869 870 13
870 873 54
873 879 54
879 881 43
881 893 100
893 902 97
902 909 10
909 931 79
931 934 38
934 940 82
940 942 77
942 954 48
954 955 85
955 965 69
965 967 72
967 969 86
969 970 12
970 973 87
973 978 49
978 980 49
980 983 42
983 985 7
985 1001 44
1001 1002 98
1002 1010 46
1010 1018 75
1018 1021 20
1021 1026 11
1026 1045 18
1045 1060 86
1060 1067 66
1067 1068 19
1068 1069 89
1069 1071 23
1071 1079 19
1079 1108 75
1108 1109 76
1109 1112 28
1112 1121 72
1121 1151 63
1151 1155 94
1155 1156 65
1156 1157 85
1157 1160 43
1160 1162 86
1162 1167 10
1167 1172 82
1172 1197 72
1197 1209 65
1209 1211 51
1211 1212 63
1212 1226 96
1226 1229 19
1229 1231 28
1231 1238 54
1238 1261 17
1261 1270 2
1270 1275 91
1275 1284 39
1284 1285 68
1285 1296 12
1296 1300 96
1300 1302 23
1302 1320 19
1320 1322 63
1322 1330 62
1330 1335 80
1335 1345 5
1345 1354 56
1354 1372 45
1372 1377 54
1377 1382 14
1382 1383 36
1383 1394 84
1394 1397 61
1397 1402 87
1402 1408 22
1408 1415 42
1415 1421 27
1421 1434 32
1434 1440 87
1440 1441 16
1441 1479 10
1479 1494 42
1494 1499 29
1499 1501 49
1501 1507 97
1507 1510 74
1510 1516 7
1516 1517 34
1517 1521 91
1521 1528 65
1528 1532 52
1532 1535 6
1535 1543 30
1543 1547 91
1547 1548 40
1548 1551 63
1551 1554 14
1554 1559 73
1559 1560 89
1560 1564 43
1564 1565 82
1565 1571 99
1571 1572 26
1572 1584 85
1584 1593 82
1593 1627 4
1627 1633 59
1633 1654 12
1654 1661 7
1661 1665 37
1665 1671 76
1671 1678 88
1678 1690 6
1690 1693 42
1693 1696 100
1696 1699 97
1699 1701 65
1701 1707 75
1707 1734 57
1734 1736 28
1736 1759 70
1759 1762 34
1762 1767 19
1767 1768 13
1768 1771 93
1771 1792 43
1792 1814 55
1814 1818 46
1818 1819 46
1819 1827 60
1827 1840 92
1840 1843 27
1843 1844 77
1844 1849 31
1849 1871 79
1871 1889 90
1889 1896 99
1896 1897 66
1897 1901 39
1901 1904 53
1904 1905 35
1905 1906 73
1906 1912 23
1912 1924 49
1924 1928 92
1928 1936 15
1936 1942 77
1942 1958 73
1958 1962 8
1962 1963 2
1963 1964 45
1964 1967 4
1967 1970 95
1970 1973 96
1973 1983 73
1983 1988 52
1988 1991 78
1991 2000 80
2000 2011 1
2011 2018 53
2018 2020 32
2020 2042 24
2042 2048 24
2048 2050 68
2050 2054 77
2054 2058 60
2058 2070 17
2070 2078 49
2078 2079 38
2079 2080 94
2080 2083 92
2083 2088 47
2088 2093 54
2093 2096 87
2096 2102 82
2102 2105 18
2105 2108 84
2108 2115 91
2115 2124 61
2124 2126 25
2126 2127 88
2127 2129 32
2129 2136 40
2136 2142 52
2142 2149 97
2149 2166 20
2166 2172 92
2172 2184 50
2184 2187 57
2187 2191 30
2191 2193 41
2193 2199 12
2199 2220 28
2220 2225 38
2225 2229 35
2229 2232 14
2232 2245 8
2245 2246 19
2246 2253 2
2253 2262 96
2262 2265 10
2265 2268 69
2268 2271 91
2271 2277 45
2277 2282 73
2282 2283 44
2283 2297 61
2297 2299 13
2299 2303 63
2303 2308 54
2308 2315 48
2315 2317 72
2317 2321 29
2321 2325 91
2325 2335 31
2335 2344 16
2344 2352 77
2352 2357 68
2357 2363 51
2363 2369 37
2369 2373 49
2373 2379 25
2379 2382 1
2382 2383 28
2383 2385 53
2385 2395 43
2395 2402 11
2402 2410 39
2410 2429 3
2429 2434 3
2434 2445 4
2445 2448 44
2448 2454 60
2454 2456 44
2456 2496 3
2496 2497 47
2497 2501 67
2501 2503 64
2503 2513 47
2513 2517 100
2517 2531 70
2531 2533 44
2533 2538 6
2538 2561 1
2561 2566 1
2566 2571 8
2571 2582 43
2582 2586 28
2586 2591 64
2591 2597 100
2597 2608 58
2608 2613 83
2613 2615 100
2615 2618 4
2618 2622 14
2622 2629 40
2629 2633 60
2633 2634 83
2634 2636 8
2636 2652 98
2652 2655 77
2655 2665 79
2665 2669 28
2669 2681 88
2681 2686 43
2686 2694 14
2694 2696 43
2696 2698 95
2698 2720 70
2720 2722 70
2722 2730 61
2730 2736 47
2736 2747 31
2747 2756 100
2756 2765 19
2765 2777 64
2777 2779 8
2779 2790 28
2790 2793 53
2793 2801 68
2801 2809 6
2809 2811 44
2811 2812 52
2812 2835 36
2835 2850 51
2850 2863 13
2863 2872 63
2872 2876 28
2876 2882 18
2882 2883 50
2883 2889 56
2889 2893 70
2893 2895 83
2895 2898 78
2898 2916 96
2916 2917 32
2917 2919 9
2919 2929 42
2929 2936 90
2936 2938 5
2938 2944 63
2944 2945 43
2945 2975 15
2975 2990 95
2990 3012 18
3012 3016 52
3016 3021 38
3021 3029 22
3029 3034 73
3034 3036 83
3036 3042 1
3042 3056 56
3056 3064 48
3064 3074 73
3074 3078 94
3078 3080 87
3080 3090 45
3090 3096 84
3096 3104 61
3104 3107 40
3107 3111 62
3111 3125 95
3125 3126 79
3126 3141 27
3141 3155 47
3155 3160 26
3160 3188 32
3188 3202 59
3202 3204 18
3204 3207 48
3207 3210 22
3210 3219 57
3219 3227 69
3227 3228 86
3228 3229 15
3229 3256 38
3256 3265 45
3265 3270 27
3270 3272 77
3272 3278 52
3278 3281 82
3281 3284 82
3284 3296 59
3296 3298 72
3298 3306 40
3306 3315 33
3315 3320 45
3320 3321 26
3321 3322 80
3322 3333 35
3333 3338 68
3338 3359 90
3359 3360 32
3360 3378 54
3378 3381 92
3381 3385 63
3385 3404 94
3404 3405 97
3405 3410 32
3410 3414 3
3414 3416 74
3416 3417 21
3417 3426 79
3426 3437 3
3437 3440 68
3440 3445 61
3445 3448 89
3448 3454 35
3454 3459 4
3459 3461 18
3461 3462 15
3462 3470 41
3470 3471 77
3471 3476 87
3476 3479 81
3479 3480 83
3480 3481 34
3481 3496 39
3496 3497 84
3497 3503 4
3503 3508 79
3508 3518 64
3518 3522 29
3522 3523 94
3523 3528 36
3528 3533 23
3533 3535 22
3535 3539 7
510 3117 16
1463 2185 28
1050 1456 65
2811 2895 21
1108 3066 84
3020 3344 100
687 1981 56
1099 2146 50
531 994 48
2131 2835 8
1950 2410 99
0 1856 13
2800 2984 64
977 2957 74
491 777 45
144 1423 69
2054 2523 19
1231 3110 15
717 2139 7
306 1963 47
77 1072 58
287 569 31
1913 1953 9
825 1532 66
1210 2682 88
2375 2591 4
991 1136 91
852 1927 31
223 1235 85
1163 2646 43
1914 3058 38
300 3525 95
180 2763 48
337 1802 19
1672 2246 45
662 1667 15
437 1278 12
2557 2739 2
3144 3535 64
631 1356 59
808 3445 78
299 817 93
1791 2396 79
718 1571 11
146 2665 11
253 1653 80
333 1902 96
1100 2827 48
425 736 35
28 3320 10
2285 3083 13
2713 2845 17
912 3086 1
321 3093 75
937 3338 46
490 1680 75
2906 2997 84
1693 2067 72
414 441 37
3033 3517 50
1278 2973 67
870 2770 45
2258 2686 46
733 2948 52
603 2463 35
81 2386 85
548 1589 74
1854 2254 30
1592 3028 22
4 2476 8
89 3176 68
1773 3402 82
447 1383 22
1408 1498 98
892 2856 44
1573 3068 61
618 1499 3
1407 2675 21
1306 1647 81
570 3304 99
663 1194 28
3232 3295 47
715 2539 40
1464 2526 18
2 2168 32
562 3481 83
272 767 7
3049 3103 86
1256 3374 6
397 2500 88
814 2546 14
2783 2914 11
1804 3184 94
506 1283 49
1039 1497 22
252 1070 24
1281 2936 14
414 3424 88
2433 2445 60
1349 1548 54
345 1945 79
705 2945 20
2323 2324 50
2566 2751 24
279 743 66
3241 3496 92
739 2233 79
3186 3397 52
421 2042 81
159 1964 20
2204 3451 6
132 2456 86
2389 3213 86
2007 2044 9
33 523 14
901 1968 18
1252 1574 93
2553 2912 6
919 3173 2
598 962 33
1737 1741 42
2058 2814 46
2581 2692 70
883 1072 53
2913 3175 98
33 1883 34
491 1768 3
2627 2948 92
1011 2746 50
533 2718 61
1695 3008 96
317 3048 32
33 1637 26
2140 2988 94
1090 3391 24
1181 1769 74
2860 3395 3
411 3377 79
1368 1640 20
2160 2423 25
2550 2708 38
2540 2562 87
2095 2200 80
77 2481 55
799 3285 7
2940 3523 95
1277 3090 87
545 600 74
2580 3388 53
1804 2503 3
963 1255 46
1834 2725 32
2423 2986 3
2242 2933 85
1550 2191 92
1725 2755 89
275 2264 33
252 2408 65
686 844 30
2530 2837 61
630 2405 29
926 3328 11
917 3382 14
1908 3351 11
1167 2633 12
3387 3412 27
316 2099 86
1800 1833 92
248 1993 83
1142 3527 88
467 3127 64
1310 2799 4
1034 1840 5
591 3461 57
754 2461 3
516 3307 24
2025 3165 25
2990 3428 71
693 2944 33
2262 3403 13
842 2759 2
472 1876 55
1511 3162 14
2945 3036 95
1871 2411 79
1419 1990 95
2077 2184 2
1515 3437 78
461 2231 5
1801 2868 91
127 1465 63
208 346 2
1129 3156 6
676 1613 21
110 1717 4
747 1494 98
1477 2186 82
1975 2621 86
1187 1551 57
471 2258 84
673 2484 11
910 1802 69
41 933 97
879 2611 90
1337 2190 71
1516 3424 78
2326 3046 11
988 2883 27
766 1253 27
2793 3383 47
2080 2925 63
2240 3403 19
824 2041 45
149 2708 43
291 2585 9
1230 1745 61
1723 1952 47
198 1322 9
498 2073 91
634 2962 16
1340 2824 17
429 2262 19
1629 3059 80
2203 3305 75
1087 2510 7
858 2631 89
2171 2577 18
2923 2984 100
195 2383 44
818 1350 96
702 2047 1
1898 2406 71
2042 2239 39
469 2788 71
267 1994 67
1709 2093 78
539 3525 82
1443 2292 7
1792 3068 4
817 2404 42
525 2009 50
486 3227 33
1234 2192 62
483 1847 32
113 2936 18
471 3499 89
97 716 24
1139 3187 39
1993 3216 9
2044 2307 69
1015 3022 82
215 3102 11
711 1462 34
1858 3462 60
336 1715 33
2578 2614 77
916 3161 56
1190 1676 34
35 2213 42
782 2799 58
1542 2381 31
2720 3373 79
296 3199 86
654 3410 58
647 2220 48
969 1702 88
1382 2553 30
2999 3511 90
1391 1858 77
1225 3384 86
1409 3109 19
191 3379 96
1018 2096 88
4 1507 59
2243 2612 35
1647 2984 21
661 752 11
812 1338 90
2314 3060 80
1825 2161 33
1147 2175 59
559 868 97
1164 2705 64
2924 3175 96
150 3093 88
413 1761 79
1900 2588 77
1950 3058 29
1650 2168 77
611 1422 43
130 3189 54
1472 1613 19
1629 3104 5
1968 2550 2
314 2986 100
270 2699 83
732 1108 98
3107 3471 76
1869 3133 8
640 2658 66
269 3212 13
1115 3523 60
221 2256 79
2875 3006 6
455 578 15
890 1798 69
351 631 4
2226 3508 79
334 2909 13
1366 1559 62
432 465 13
115 1768 68
1248 2299 14
75 184 40
1998 3005 5
1443 1960 5
2351 2789 93
2512 2652 92
1621 2809 78
3022 3334 67
679 704 26
1942 2445 51
2427 3003 45
2301 3300 93
3340 3527 39
345 3078 17
1879 2196 90
265 3199 41
676 1240 37
795 1575 84
339 3364 8
595 3410 76
788 1332 58
2373 2994 75
221 2973 32
186 2910 3
2377 3190 62
2635 2922 26
1454 1823 97
272 2133 18
1673 2976 24
1636 2235 45
117 275 55
851 1361 75
1421 1782 35
338 379 7
1289 3303 34
1180 1328 45
185 3202 17
1754 2523 10
766 2009 85
674 2428 15
1756 3330 4
2504 3486 92
2071 3408 53
3003 3135 68
486 3425 40
781 3340 70
2252 3409 71
1164 1413 99
1512 2862 92
3319 3343 23
2903 3088 43
1957 2491 46
2309 3515 36
897 3444 88
1745 2450 22
269 296 97
1203 1753 52
950 3386 95
40 47 87
166 2491 38
1190 2981 8
987 2220 63
3090 3290 45
2114 2920 74
1639 3494 82
1488 3324 81
2344 3049 98
725 2527 98
504 3217 33
288 3226 78
2241 3518 94
165 1811 69
1885 3138 63
2153 2715 94
936 1742 6
14 718 92
2502 2949 6
2579 3415 43
1197 2620 1
1387 2440 7
2275 2276 45
1757 3266 95
466 1108 48
918 3279 90
1233 2082 61
38 1007 34
769 1275 55
1164 1471 93
791 1906 81
337 1064 64
2306 2681 60
861 1713 44
102 1396 20
1766 2835 37
656 2473 27
442 1551 32
1185 2553 60
1980 3228 100
2049 3083 66
1225 1534 10
1487 3152 78
356 2233 76
844 3198 37
2619 3403 61
1739 3263 94
392 3531 10
8 232 21
387 3082 23
1022 1910 6
1435 1667 40
1213 1624 1
1144 1243 86
1924 2896 94
252 3091 42
1024 2244 44
129 2622 45
1735 3306 85
142 1625 30
207 3374 76
2 2125 58
1053 1119 8
1168 2773 45
1924 3512 27
437 2642 65
1728 2696 60
188 1746 88
1122 1688 12
841 1541 70
2266 2853 55
392 3417 98
272 669 49
2406 3473 30
637 1280 25
832 885 7
745 3521 46
139 474 11
2108 3474 78
2204 3134 57
1315 2314 60
2224 2551 84
819 1486 76
288 554 83
1731 3537 21
708 828 57
743 1532 2
246 3356 31
727 1856 42
174 2257 82
2320 3472 7
2045 2953 35
777 3367 31
2367 3493 5
383 2256 74
1286 3278 47
2112 2790 100
2297 2950 9
720 2113 39
2330 2393 56
1194 3280 39
347 3164 19
2213 3354 10
2554 3274 78
726 1338 79
3200 3309 56
124 2393 31
1845 2477 40
1186 1676 8
2170 2502 4
562 2823 21
1037 1593 49
1268 1907 38
