1360 1000
0 4 73
4 12 37
12 19 95
19 20 42
20 27 58
27 30 45
30 31 21
31 38 7
38 52 49
52 64 99
64 68 76
68 69 11
69 79 81
79 81 77
81 82 1
82 85 32
85 88 15
88 92 70
92 110 37
110 111 17
111 116 87
116 130 54
130 132 48
132 138 51
138 152 2
152 153 93
153 164 86
164 170 18
170 175 59
175 179 98
179 186 64
186 192 90
192 193 81
193 196 14
196 210 6
210 217 44
217 223 75
223 224 91
224 235 29
235 248 95
248 264 86
264 267 49
267 275 26
275 277 31
277 288 59
288 296 5
296 301 49
301 306 38
306 311 44
311 315 30
315 323 37
323 334 67
334 335 33
335 340 90
340 342 79
342 355 50
355 356 3
356 362 46
362 366 10
366 367 15
367 368 53
368 370 23
370 373 60
373 376 73
376 382 64
382 383 21
383 393 11
393 398 91
398 400 41
400 406 46
406 407 11
407 411 53
411 419 60
419 432 84
432 439 45
439 442 35
442 445 17
445 448 99
448 455 59
455 463 58
463 465 44
465 471 61
471 480 58
480 483 38
483 491 10
491 494 2
494 495 37
495 502 49
502 503 92
503 505 66
505 507 81
507 522 53
522 523 20
523 529 80
529 532 68
532 533 45
533 538 8
538 539 56
539 554 7
554 560 87
560 563 68
563 572 29
572 574 30
574 578 88
578 586 13
586 587 21
587 592 52
592 599 13
599 601 5
601 603 64
603 607 51
607 610 31
610 619 61
619 626 78
626 627 96
627 635 57
635 639 70
639 643 45
643 646 36
646 653 83
653 671 67
671 675 1
675 679 19
679 681 97
681 683 14
683 686 100
686 699 49
699 706 85
706 714 63
714 718 1
718 723 53
723 724 66
724 728 69
728 737 75
737 739 79
739 745 20
745 760 44
760 765 72
765 771 60
771 775 28
775 777 98
777 778 76
778 779 46
779 789 85
789 792 19
792 793 17
793 796 63
796 802 13
802 804 24
804 807 50
807 825 25
825 842 59
842 844 82
844 850 96
850 851 52
851 853 1
853 860 75
860 875 9
875 879 100
879 886 85
886 898 33
898 901 86
901 904 51
904 917 40
917 919 57
919 921 66
921 939 82
939 944 20
944 952 48
952 953 21
953 956 58
956 957 3
957 960 7
960 965 99
965 970 49
970 973 29
973 976 92
976 983 63
983 991 40
991 992 38
992 994 82
994 999 9
999 1001 55
1001 1015 21
1015 1021 31
1021 1022 64
1022 1028 71
1028 1033 77
1033 1045 2
1045 1048 20
1048 1068 5
1068 1071 72
1071 1074 44
1074 1076 76
1076 1082 41
1082 1089 56
1089 1091 38
1091 1092 36
1092 1101 32
1101 1112 68
1112 1121 71
1121 1124 83
1124 1125 34
1125 1155 39
1155 1164 29
1164 1173 60
1173 1175 47
1175 1183 61
1183 1198 28
1198 1202 2
1202 1224 22
1224 1231 23
1231 1234 60
1234 1235 12
1235 1236 44
1236 1241 84
1241 1252 80
1252 1263 73
1263 1270 33
1270 1272 43
1272 1273 76
1273 1278 18
1278 1279 37
1279 1281 31
1281 1300 38
1300 1304 13
1304 1316 40
1316 1332 41
1332 1336 89
1336 1338 3
1338 1339 73
1339 1342 88
1342 1349 9
1349 1355 55
1355 1359 12
448 1086 69
143 946 86
20 1348 52
155 890 24
1057 1108 44
280 623 46
218 979 74
306 709 1
1269 1345 100
162 1010 27
435 930 12
785 1077 51
33 384 28
58 713 18
794 1161 54
225 915 18
154 206 26
270 935 54
9 1194 10
215 886 72
580 1165 12
920 1080 66
851 1162 41
117 968 100
445 573 51
707 1277 82
50 109 19
60 1317 34
13 855 65
473 608 19
388 1196 88
980 1263 15
761 1325 99
33 1198 14
293 1211 57
13 1340 41
755 1135 31
672 930 75
1019 1157 88
770 1136 36
51 670 53
237 792 98
9 230 100
125 761 23
73 890 72
127 135 33
237 571 36
367 1299 88
934 1041 62
66 908 3
642 705 87
535 815 51
443 889 35
1161 1166 51
314 1316 79
513 1287 3
566 657 5
346 922 70
545 1127 26
749 895 85
60 1164 39
313 886 24
16 188 45
237 719 12
339 802 65
1206 1295 35
250 841 62
577 1284 75
77 579 87
883 949 26
85 959 31
352 781 61
338 881 89
248 560 26
546 1106 33
312 339 15
201 743 22
566 1251 62
706 849 56
497 675 86
125 1159 25
419 841 65
679 776 74
200 393 30
220 740 91
914 1169 18
5 845 1
707 867 43
793 1243 40
959 1336 32
502 925 75
2 604 97
342 411 82
659 698 48
672 816 74
37 827 42
218 1048 47
1203 1359 12
591 865 81
729 825 67
606 658 86
237 1265 66
569 1286 52
186 741 30
1012 1201 9
53 470 68
238 939 3
135 788 75
401 421 57
472 827 33
233 751 87
329 1008 100
677 1173 26
722 1238 44
228 1218 3
326 858 64
91 1354 100
182 1255 39
838 1001 13
692 982 77
999 1142 46
250 564 70
478 630 81
885 1217 67
649 1033 79
151 853 9
606 1224 71
156 934 12
623 1213 79
121 958 82
507 689 3
267 626 29
552 640 51
64 757 65
284 1016 37
19 653 66
313 1172 14
728 944 52
183 1078 24
151 251 18
64 838 36
654 1325 54
29 562 81
228 994 40
106 939 75
25 544 40
56 519 54
1310 1326 49
743 1057 97
38 85 61
18 1274 68
594 1170 36
319 566 3
758 969 49
1152 1234 39
172 698 13
166 951 62
271 721 93
686 1018 59
548 1254 99
260 1055 12
263 504 39
95 362 31
117 1237 73
194 1050 86
874 1092 50
948 1054 98
292 310 25
1177 1273 80
802 923 26
341 477 2
371 1333 26
702 846 26
13 1219 2
484 1297 79
218 665 37
367 590 78
1186 1236 67
643 967 64
286 1138 92
212 374 79
67 412 45
1041 1073 85
620 720 72
871 920 25
17 535 24
39 1254 72
841 1057 87
171 1243 97
783 934 64
363 445 50
372 1145 22
288 1307 30
517 1116 4
256 614 52
247 964 94
678 684 37
965 1339 69
559 1229 54
300 824 51
275 914 73
261 966 38
267 621 4
386 1121 34
505 804 47
364 866 64
443 456 25
853 1230 49
112 953 32
533 883 39
497 698 80
780 1227 85
1067 1183 23
203 364 83
267 980 94
1143 1273 36
4 107 76
560 936 71
366 698 100
765 1219 77
842 1312 90
853 1278 61
741 1093 77
96 999 26
622 740 10
73 536 70
959 1303 21
407 809 10
247 681 43
59 767 20
69 93 31
624 1168 97
621 944 14
177 1320 5
461 727 69
947 1039 90
1074 1268 77
114 569 88
169 371 26
187 826 78
660 1283 84
322 451 13
739 1046 72
317 720 24
872 890 84
67 329 75
436 478 81
398 1106 38
161 1355 100
141 974 95
973 1004 63
193 362 74
537 1140 48
521 1207 96
158 331 31
90 1004 100
330 720 33
730 961 58
981 1328 88
163 499 50
844 1225 29
900 1293 16
500 861 28
20 643 75
764 891 15
145 1103 3
325 439 24
74 821 80
288 508 38
769 1107 50
295 900 1
853 962 90
248 769 25
484 1249 13
454 1090 59
721 1247 23
254 753 43
80 468 49
106 219 94
1115 1338 38
143 777 32
460 623 88
734 1296 60
259 840 29
508 1244 62
53 703 45
67 603 45
123 1325 55
450 647 19
4 523 1
911 1357 94
27 1032 21
52 1209 54
685 1227 47
20 407 78
343 1115 23
666 1015 22
92 959 65
554 947 23
178 545 59
383 1335 85
716 920 43
373 893 90
200 1224 64
118 508 2
735 928 71
540 1343 14
409 1218 71
467 897 44
412 847 17
177 732 28
292 865 62
348 1295 10
1253 1323 74
39 1209 60
511 739 72
67 566 18
159 655 57
126 613 34
190 1199 98
1124 1232 11
181 539 83
672 961 2
319 638 20
1106 1209 2
179 413 12
1190 1312 43
637 728 55
388 1308 60
321 1022 67
190 1316 32
101 917 78
234 1155 65
908 1256 14
423 1049 34
77 102 35
455 1351 89
854 1085 89
375 1259 34
441 1243 61
25 826 20
351 417 48
222 571 40
254 401 79
699 740 31
224 795 16
245 860 63
370 400 62
127 796 49
690 995 65
345 954 3
745 930 38
76 1298 29
141 417 90
158 487 41
132 1237 100
491 527 74
390 806 18
277 279 51
594 909 54
320 386 91
1011 1174 80
542 1118 77
330 1133 18
67 526 15
129 1334 49
35 66 90
220 491 18
346 980 5
1039 1244 79
974 1321 21
20 160 51
170 211 6
158 946 36
1127 1286 5
736 847 16
322 1124 13
60 273 27
1186 1351 38
144 1171 17
632 1002 14
171 1331 6
636 652 61
206 1085 1
521 1042 84
505 532 26
33 955 59
140 831 92
16 619 15
593 914 4
778 1234 20
729 997 13
304 1139 65
412 1248 88
574 1018 91
157 735 27
398 515 100
688 894 39
61 780 50
425 504 46
139 619 62
307 1281 32
851 887 12
419 943 96
46 423 84
331 847 62
333 756 38
151 474 39
486 1351 83
444 1280 8
560 603 47
564 623 32
189 243 28
414 445 23
749 1324 52
562 716 92
231 574 34
356 955 16
79 449 32
233 383 71
711 805 98
426 1138 31
321 800 6
1215 1337 26
146 582 10
471 1259 19
45 1167 59
211 1298 78
141 516 92
91 1018 94
328 729 9
459 1003 77
718 955 79
1005 1306 72
29 74 24
692 934 28
250 809 3
914 1208 18
253 995 79
775 892 99
205 1241 70
701 1152 60
527 1304 80
391 620 5
1088 1303 11
1100 1190 1
457 908 48
72 694 96
1155 1322 65
97 211 56
1102 1348 79
894 1120 7
884 1256 71
1051 1069 9
1288 1357 5
977 1179 7
403 1322 66
749 863 34
418 523 4
714 1140 83
1078 1086 57
605 1295 27
332 498 8
787 1118 46
257 802 44
217 332 1
548 638 30
167 431 8
365 1343 6
655 717 100
116 831 26
416 1013 65
729 778 73
177 1137 30
732 1176 9
532 1296 61
934 1258 73
991 1181 31
85 141 99
30 749 15
179 859 28
281 1155 60
552 893 31
438 1110 100
340 1049 94
966 1018 8
718 1042 78
1090 1312 72
656 1284 87
322 885 2
324 1157 69
119 1346 54
491 715 53
67 602 42
507 822 53
121 1352 32
49 691 83
338 920 93
228 1037 4
1125 1135 97
40 915 2
891 1326 77
887 989 4
1237 1295 23
93 345 32
667 969 85
324 593 54
363 1319 77
429 895 50
375 814 6
178 1104 71
1175 1237 87
202 1058 4
239 1315 32
345 871 53
78 1057 79
99 520 32
574 805 23
287 417 8
634 1319 99
541 688 34
238 266 62
324 831 7
241 257 79
706 1302 76
564 1006 14
915 1100 1
230 917 37
426 1005 31
998 1107 42
816 969 6
959 1001 54
866 1299 92
222 512 58
783 975 66
173 1146 78
258 295 12
34 1133 62
183 936 35
628 714 2
3 432 75
618 1281 79
482 654 73
277 347 75
413 1163 25
92 1199 14
491 693 41
498 514 49
586 746 76
383 793 61
791 937 41
90 233 87
810 914 83
911 1185 39
518 1174 62
503 1231 2
19 911 88
693 990 86
1158 1233 5
233 978 94
61 968 29
526 1168 11
643 1254 10
335 968 2
44 238 76
31 766 74
722 1268 30
650 1291 55
1119 1357 76
463 1330 31
525 804 99
354 1292 36
627 709 72
748 934 49
906 1082 5
165 1163 97
838 1328 3
193 1317 99
1014 1282 99
566 1273 22
605 616 8
93 1300 89
313 1153 44
137 339 65
808 871 13
56 934 99
755 915 30
296 952 89
538 603 70
54 805 45
167 790 51
1039 1204 33
1051 1251 88
603 649 9
739 1115 86
548 1267 5
878 919 41
657 747 97
327 604 46
1157 1340 28
977 1345 33
298 459 10
345 948 80
985 1005 94
375 487 71
137 635 17
705 1120 76
390 1034 94
92 430 72
277 283 81
936 1263 94
119 528 96
86 244 10
114 1005 42
122 642 100
908 1102 33
568 1181 45
401 750 100
320 1294 81
806 1099 17
863 1268 54
359 525 30
342 527 79
2 858 70
1265 1288 71
530 923 9
230 968 36
940 1224 89
527 872 16
69 1336 67
311 324 16
430 1350 18
170 1080 81
330 1154 75
73 1169 18
269 610 46
1060 1295 16
442 973 39
260 1145 36
1126 1205 39
464 1014 78
1257 1310 74
284 1094 85
846 1227 69
175 1280 26
743 1106 70
24 283 76
1048 1252 29
140 1123 65
534 841 70
383 552 71
875 953 84
265 478 85
1159 1356 58
39 399 79
247 766 92
50 185 67
473 844 92
971 1139 28
633 1359 39
410 846 49
875 1106 65
449 648 35
361 762 24
609 1340 15
718 735 58
286 1207 1
664 1129 65
1335 1336 84
509 1003 88
719 1228 71
51 579 81
149 990 64
106 690 47
682 1313 4
500 1343 60
332 1222 55
850 1002 22
124 326 69
775 926 86
159 1024 16
21 666 90
606 1303 32
84 588 86
494 709 30
23 810 76
592 1352 97
67 93 22
568 1314 4
733 1312 82
634 798 76
417 589 51
125 207 9
920 1257 47
855 1033 41
421 539 75
190 1138 72
558 1278 5
89 401 62
648 886 32
240 305 15
204 674 83
785 928 2
14 1113 87
1322 1348 39
123 1318 22
688 1350 14
734 1211 43
698 1273 78
695 1343 16
134 1272 70
941 1324 8
734 1013 74
410 925 42
523 601 44
914 1279 32
100 148 2
1010 1286 23
605 1061 70
72 1198 14
96 1259 53
402 1095 47
113 1036 93
740 1284 22
42 720 62
233 944 27
11 494 50
674 1330 40
852 1051 22
478 1068 98
122 254 91
848 1020 63
896 1009 64
660 711 41
442 519 20
697 725 20
458 733 78
14 87 56
1210 1253 19
190 759 3
270 1215 80
330 991 60
289 1036 9
408 987 39
341 708 24
304 1053 78
330 822 70
1045 1163 30
123 1048 100
267 912 27
415 1198 76
448 1302 9
280 984 29
401 500 98
398 703 49
344 476 88
109 925 72
238 584 100
207 767 78
587 633 53
296 582 73
411 718 75
623 1237 33
1085 1289 65
153 918 18
