2100 1000
0 17 99
17 36 82
36 66 27
66 265 44
265 268 51
268 295 52
295 373 81
373 379 53
379 463 46
463 563 71
563 586 74
586 613 83
613 624 1
624 630 100
630 642 10
642 674 32
674 678 50
678 763 86
763 825 9
825 942 56
942 945 87
945 1051 17
1051 1129 41
1129 1171 51
1171 1230 9
1230 1233 7
1233 1249 47
1249 1352 92
1352 1467 49
1467 1526 72
1526 1567 14
1567 1578 83
1578 1579 72
1579 1656 28
1656 1684 20
1684 1685 25
1685 1828 2
1828 1876 90
1876 1884 88
1884 1900 9
1900 1908 37
1908 1918 93
1918 1928 37
1928 2033 42
2033 2038 91
2038 2099 78
33 67 67
1133 1644 37
1265 1783 97
224 1292 84
876 1026 52
220 1811 81
1058 1288 71
547 1430 99
441 1365 81
496 1157 96
770 1038 71
1410 1725 61
1037 1115 74
1162 2061 99
432 531 8
298 1935 66
401 1752 33
1607 2095 79
1421 2091 53
1751 1970 61
135 2029 11
513 1332 67
612 1050 55
588 1467 38
1198 1920 93
614 1339 82
1131 1560 94
1600 1974 90
931 1824 6
170 1202 26
381 1100 48
325 773 51
668 1796 21
733 1286 22
1401 1884 69
60 1452 92
1108 1717 29
804 1205 27
666 1623 3
1302 1786 46
1074 1935 93
483 809 36
305 934 30
988 1565 92
491 1017 29
1046 1202 41
330 1684 23
517 791 11
811 1088 56
1142 1849 22
538 575 88
1652 1793 24
394 882 25
1292 1745 74
762 1935 79
838 1043 94
170 1065 5
491 810 100
131 473 95
60 184 86
615 2054 89
34 1176 16
295 792 18
1319 1861 70
1771 1836 10
25 939 29
1874 1884 34
666 1859 88
194 616 60
826 1111 33
703 1151 39
1087 1411 67
618 1862 65
101 814 58
80 1718 63
733 2097 73
123 1580 32
821 1346 86
1464 1581 85
123 1164 58
1827 1876 40
1210 1720 70
829 1393 69
32 871 89
1557 1986 76
760 1569 30
1090 1690 78
427 989 83
13 1560 46
568 1793 11
262 301 35
551 1214 27
1106 1560 26
1520 1546 27
473 486 90
858 1982 4
50 73 38
97 1124 55
1425 2083 62
660 1690 83
1664 1891 45
1238 2076 78
331 1737 35
211 1723 11
1710 2079 16
1543 1928 30
461 1296 27
872 1346 66
962 1951 27
1259 1594 39
562 1016 47
1354 1965 85
1193 1419 85
1127 1799 8
1789 1843 68
1284 1679 15
931 1137 73
461 1807 65
705 1090 75
1374 1825 91
927 1233 48
405 631 85
655 987 36
665 1584 55
761 1645 84
713 1425 71
95 429 1
845 1317 60
1128 1168 69
251 1992 3
553 1507 98
488 1918 45
1396 1477 89
1541 2070 77
1290 1900 22
1084 1377 94
594 1104 28
664 807 88
1013 1642 43
596 1865 28
150 765 2
516 1198 93
1347 1737 75
815 1789 48
1664 1777 10
1510 1727 21
303 2001 73
1512 1561 76
862 1561 39
445 1058 46
640 872 19
131 1953 80
1001 1404 39
927 1338 63
1466 1507 36
699 2036 76
1400 1862 24
927 1030 38
163 1643 32
885 2093 92
1379 1473 44
543 1656 83
955 1245 89
50 819 69
1103 1667 6
1013 1319 12
220 879 63
887 1268 100
1063 1325 58
723 2097 89
37 1048 17
1046 1284 71
992 1993 96
77 1874 41
773 1267 62
522 1187 55
599 869 12
490 1598 49
956 1732 36
1065 1863 73
309 371 92
340 617 76
644 1655 23
1859 1949 38
499 1405 25
131 741 46
448 825 68
1171 1239 32
630 748 46
1071 1719 46
178 393 77
403 2016 4
427 762 85
622 1229 68
622 1338 34
1167 1299 71
173 699 42
121 991 47
409 1327 95
653 1460 66
1053 1945 19
1080 1845 18
1535 1733 63
1419 1963 13
884 1919 19
305 429 54
1015 1981 64
490 561 86
227 1760 86
1368 1577 72
31 2069 14
1104 1156 73
619 2072 85
1096 2052 4
471 1088 41
886 1404 25
856 1464 62
717 761 31
419 1873 60
250 769 21
471 1031 67
561 987 29
176 224 13
293 2043 44
393 1204 51
871 2012 39
806 1895 63
813 1687 31
104 1891 69
1187 1568 99
185 1369 30
1420 1469 30
1190 1669 76
1198 1987 36
999 1125 57
1396 1620 15
649 1615 92
1407 1715 94
483 1875 27
41 1031 31
1771 1913 8
1077 1569 100
431 1026 40
1006 1288 52
1372 1714 28
780 1653 66
287 588 88
408 556 24
809 2097 17
648 1594 51
574 1813 12
717 1055 70
830 1091 6
523 1890 92
1063 1885 9
338 1149 81
1412 1984 20
365 2066 33
277 2038 93
354 798 37
973 1000 58
175 1065 98
664 1542 80
729 1606 18
153 1491 61
215 967 13
49 1025 71
1397 2071 22
570 996 78
1241 2060 20
181 1606 47
937 1803 96
560 1175 80
55 484 56
383 1570 81
245 1107 21
556 1943 70
1057 1503 28
385 1367 60
1198 1927 82
626 876 78
1943 1969 25
497 1171 58
89 556 20
995 1143 67
599 918 54
427 984 51
593 2082 81
351 1507 72
1652 1941 12
1104 1157 11
428 1155 37
992 1259 69
724 2050 84
1779 1979 12
1022 1673 14
989 1842 67
458 1355 77
39 892 13
397 1357 84
296 879 46
190 1833 64
1103 1880 91
176 1159 98
595 1051 24
1208 1893 72
245 1413 13
842 1608 94
1277 1330 28
424 765 6
1281 1950 5
358 1585 34
736 1793 22
1216 1936 51
1616 1674 1
313 1868 13
1155 1947 4
224 1486 88
499 1823 38
266 1056 88
1035 1713 93
1677 1957 80
393 1248 39
474 766 93
245 1902 24
243 700 67
425 683 71
495 846 72
312 1663 15
584 1180 100
327 1629 95
1441 1536 39
122 835 53
1383 1795 80
1637 1829 46
771 999 8
1008 1981 11
1575 2033 42
1447 1767 50
819 1600 39
1400 1848 39
92 1768 8
1317 1850 10
885 1173 15
603 1492 45
233 921 30
386 2091 86
165 1075 66
308 1096 63
1309 1737 52
641 993 87
754 2002 34
950 1501 12
1273 1924 43
913 1065 33
1472 1749 97
28 709 13
1801 1987 30
17 2091 72
457 1641 9
691 1600 73
1395 1546 11
13 1725 9
117 1927 5
125 841 70
111 309 91
781 1099 28
239 1801 97
23 764 95
284 1934 64
1076 1936 3
249 1427 22
396 831 99
93 1778 27
53 1998 31
1695 1904 30
237 1061 31
625 1293 57
1124 1301 27
1740 1960 76
138 1306 77
1539 1903 65
182 1958 21
1834 1968 6
296 1685 50
533 1961 23
1748 1829 80
844 997 11
1724 2054 99
95 1365 11
1133 1914 31
843 895 47
178 2089 4
621 1111 59
522 1309 20
167 720 15
91 999 26
1235 1363 16
507 1518 55
165 1305 2
1418 1952 42
955 1918 58
265 494 49
192 1813 45
172 671 44
651 1115 33
663 941 91
90 477 90
1251 1850 70
1573 1988 88
1265 1801 9
56 736 23
382 1703 8
437 1669 55
643 1746 61
1399 1563 37
205 485 24
327 999 90
412 1990 30
15 2069 16
1196 1469 100
1085 1576 16
578 1576 9
120 1966 98
1346 2086 56
1002 1902 79
1004 1887 45
500 1267 33
257 471 75
86 1062 88
1981 2091 88
521 1096 9
183 892 90
1143 1801 92
133 865 83
558 628 99
1284 1775 69
637 679 42
6 1536 47
0 1192 55
1544 2004 14
827 1000 100
372 1742 46
553 1850 82
322 1407 27
671 778 13
2057 2067 26
296 1483 89
543 1776 37
161 1849 51
835 1867 60
458 739 80
12 1101 35
1473 1672 71
115 1295 52
1167 2004 53
1772 1927 20
395 908 69
1161 1212 25
327 1669 46
123 588 27
1149 1395 53
452 1803 11
1114 1327 20
1178 1606 23
521 1631 20
138 1064 95
422 1303 22
1023 1265 62
116 1026 98
1515 1591 38
879 1417 83
642 1199 19
207 2025 83
630 1037 18
217 1208 45
567 948 38
1292 1320 93
1398 1678 48
1236 1699 100
133 1767 85
305 1215 44
592 2013 66
1237 1283 79
42 885 62
281 1382 8
790 987 67
368 1116 29
481 1364 10
352 1344 77
607 1759 87
1213 1369 8
816 1196 36
35 1946 28
313 1646 53
1169 1405 67
521 1368 46
57 962 98
151 1815 11
1255 1733 67
567 1329 9
920 2031 98
1510 2023 46
1293 1967 43
166 1912 92
361 1990 68
1575 2080 81
307 984 70
654 1968 87
1783 1825 6
554 1653 7
968 1400 33
117 1384 79
1098 1882 33
1081 1946 52
1045 1717 59
498 684 64
172 1365 88
1039 1831 80
23 761 6
532 1380 56
383 1671 33
207 1291 36
719 1344 6
128 911 39
883 1787 51
251 273 46
252 984 31
1284 1734 31
64 1938 51
241 331 35
9 1232 17
980 1630 75
35 1258 83
1100 1378 5
588 1105 62
91 302 7
916 1685 57
950 2019 41
457 1932 45
168 437 49
379 452 12
470 1613 58
116 377 45
190 555 12
542 1464 7
46 376 28
1896 1914 89
1832 2001 65
1090 1508 58
140 1037 71
138 1348 20
328 1673 75
847 1109 33
629 1161 21
1044 1154 18
81 1472 6
641 1549 75
605 2035 37
243 1895 26
136 1620 14
1207 2010 25
509 1289 30
646 1500 45
1069 1559 61
4 203 58
940 2090 27
1403 1882 61
1274 1946 47
462 2087 89
45 1891 23
45 1918 62
881 1491 11
1189 1749 25
196 851 32
310 853 27
186 1744 84
696 973 41
1222 1821 30
74 500 6
687 1492 23
1897 1946 42
1499 1791 94
1073 1902 15
447 1198 26
115 1537 93
1561 1998 16
1119 1368 54
696 1612 54
549 1759 72
412 1973 17
1826 1959 39
977 1165 38
705 1070 26
916 1179 72
421 952 21
1583 1920 52
8 379 2
315 783 82
1383 1633 39
534 2068 44
1774 2068 46
267 1253 56
1192 1366 94
769 1682 89
941 1433 13
395 702 6
552 1965 78
150 1080 43
1889 2024 43
199 983 11
681 1468 44
853 1991 38
1067 1637 27
697 1316 85
183 1858 24
1025 1525 25
8 210 52
784 1053 83
1175 1362 35
114 1180 33
88 1201 84
109 1115 11
1633 1956 33
277 1867 65
1164 1436 88
132 1148 89
653 1342 35
109 375 55
1393 1753 85
271 1514 69
282 678 21
328 1704 27
1218 1650 9
510 1830 88
735 1615 10
118 1972 1
1955 2070 46
81 567 38
27 418 68
26 1402 60
926 1764 50
419 1269 10
769 1371 74
7 704 2
53 1032 14
119 1755 4
616 1816 93
1884 1953 17
514 2028 83
558 767 17
715 1512 55
1148 1856 73
1545 2053 74
487 803 57
641 760 8
800 1255 51
1139 1687 81
1308 1948 33
539 1755 87
760 1496 56
1096 2008 70
567 1899 79
377 1453 97
204 2083 19
155 1819 40
115 899 54
1423 1886 14
1879 2010 41
821 1184 89
1617 2052 70
20 1216 8
629 1907 59
1453 1578 73
1128 1788 65
59 1612 67
1499 1746 22
444 1360 32
1099 1197 69
594 1134 61
952 1881 17
1073 1151 48
1263 1824 15
521 875 61
145 1203 37
831 2044 77
361 1203 42
1258 1332 95
1294 1980 15
768 1677 28
582 835 9
127 1888 11
975 1851 16
346 1661 54
733 981 88
1563 1616 100
1067 1679 44
1118 2006 60
1635 1782 20
1936 2041 68
1349 1569 61
81 408 33
83 202 22
496 1259 36
996 2076 19
349 1351 38
1197 1816 13
322 1198 52
477 586 57
1657 1912 43
672 1348 58
25 498 47
1072 1363 23
1071 2036 69
427 1282 27
164 576 46
1197 1353 8
1547 1555 59
547 1905 58
340 1734 19
176 1731 9
1353 1651 22
531 1952 53
270 1990 59
493 1292 14
1087 1660 29
848 1012 14
1488 2039 32
10 1051 47
687 1624 19
373 2022 62
119 582 5
70 1377 41
813 1911 16
280 885 6
722 1310 89
681 1698 37
244 1458 44
425 1059 27
279 1443 70
758 1624 33
662 1970 69
559 2044 100
849 955 24
1864 2056 20
253 1105 87
1159 1270 17
12 537 65
28 1352 18
1357 1412 88
688 1486 44
108 884 70
48 1567 69
86 1272 2
359 523 20
245 1043 21
1531 1729 69
794 1030 71
669 1528 97
636 980 29
1800 2087 81
1062 1814 37
1454 2093 20
893 1079 92
251 2005 37
1093 1674 13
216 1699 64
422 800 11
1852 2012 36
423 1145 28
1851 2080 43
228 243 77
489 1404 96
56 1661 58
54 639 91
1031 1160 43
447 1641 34
215 1010 12
105 375 9
764 967 76
530 1364 48
1726 1878 46
1143 2060 81
975 1741 57
127 1766 64
737 1463 90
565 779 21
253 715 32
550 2009 3
421 769 74
154 809 56
134 1235 61
837 2045 88
1019 1793 49
1464 1961 28
759 1514 80
244 260 77
1528 2000 81
224 698 4
510 928 91
40 160 79
54 1135 95
1577 1596 98
135 1132 98
278 953 66
93 357 8
183 273 18
575 616 46
934 1586 42
1468 1689 19
1081 1423 75
940 969 48
206 455 51
1807 2084 16
1403 1572 61
715 1497 40
421 1027 51
384 957 37
1563 1871 92
192 1226 72
784 1139 80
515 1883 57
316 1988 77
71 1567 20
33 1251 39
1891 2008 81
265 2012 90
741 1431 71
59 1921 29
1481 1824 83
953 1822 1
500 796 59
814 1993 34
1169 1631 76
1108 1592 46
100 155 21
1306 1502 13
113 1118 39
69 1628 76
140 1173 34
997 2008 42
1055 1537 55
107 2036 86
143 568 17
381 1365 68
259 372 17
303 706 61
714 928 44
587 1809 94
1724 1732 82
1605 1895 70
278 846 9
567 805 19
135 979 7
477 751 54
161 1625 74
1618 1953 94
267 2014 9
297 337 32
750 1345 24
1010 1917 69
251 964 95
966 1293 19
1272 1298 74
107 717 2
858 1068 47
1330 1704 54
124 1528 73
450 1320 80
1313 1669 8
75 1034 53
1110 1528 32
166 1515 14
246 983 15
1004 1784 87
391 857 17
1108 1873 46
139 1413 26
1368 1781 80
79 714 17
874 1782 57
998 2077 18
1412 1591 10
765 1028 37
977 1691 26
1115 1966 25
71 1032 35
39 1826 7
134 811 97
743 1166 75
190 579 93
1465 2043 33
1154 2067 28
925 1653 50
181 1338 81
844 1969 77
598 1680 91
574 1328 9
1145 1310 26
948 2000 15
905 967 90
805 1366 22
1155 1715 59
471 478 94
69 919 4
1001 2038 50
422 959 13
1198 1376 50
1039 1323 99
2014 2052 43
241 2054 67
72 1105 75
1681 1730 81
123 762 10
747 1291 73
109 1570 88
708 1338 55
747 1961 31
738 1691 30
407 1496 41
746 981 34
825 1940 45
699 1825 49
1137 1387 12
10 1550 89
1566 2081 51
1165 1608 56
208 1254 98
1373 1543 42
663 1112 53
417 726 89
382 569 55
257 1519 45
194 804 60
128 1100 33
1448 1474 75
204 1702 74
736 1156 100
251 738 4
1074 1370 20
689 1251 16
788 1695 62
566 719 27
401 445 9
713 813 45
103 589 73
377 899 78
540 1343 82
941 1375 57
323 448 74
978 1126 15
1253 1829 81
167 242 33
402 1980 63
