2300 1000
0 34 68
34 43 9
43 44 76
44 55 27
55 68 30
68 73 77
73 74 34
74 78 67
78 94 40
94 116 34
116 120 4
120 124 84
124 129 92
129 155 66
155 168 28
168 181 92
181 182 74
182 191 12
191 196 87
196 204 49
204 207 11
207 216 40
216 219 92
219 223 65
223 233 62
233 248 31
248 275 21
275 283 50
283 299 79
299 303 65
303 309 85
309 312 53
312 315 46
315 316 33
316 336 75
336 337 61
337 352 94
352 357 93
357 361 53
361 392 52
392 421 6
421 434 97
434 439 16
439 453 64
453 454 53
454 462 19
462 467 52
467 474 95
474 477 20
477 478 77
478 482 47
482 492 62
492 503 62
503 507 17
507 516 53
516 522 88
522 530 47
530 546 100
546 552 92
552 556 97
556 564 40
564 583 43
583 592 12
592 600 35
600 609 14
609 611 84
611 631 3
631 637 35
637 638 34
638 641 12
641 652 66
652 669 92
669 677 2
677 680 63
680 693 69
693 695 19
695 699 93
699 702 35
702 709 61
709 712 6
712 747 25
747 750 19
750 755 80
755 761 22
761 776 22
776 785 26
785 791 93
791 809 10
809 849 20
849 857 88
857 866 87
866 884 56
884 912 41
912 917 22
917 930 26
930 951 59
951 954 31
954 971 67
971 1015 21
1015 1021 21
1021 1031 32
1031 1043 100
1043 1060 79
1060 1066 79
1066 1095 34
1095 1123 83
1123 1150 10
1150 1153 45
1153 1159 98
1159 1165 47
1165 1176 81
1176 1186 87
1186 1188 49
1188 1208 37
1208 1215 53
1215 1224 45
1224 1253 49
1253 1258 57
1258 1265 46
1265 1270 33
1270 1277 5
1277 1280 89
1280 1288 76
1288 1309 4
1309 1319 67
1319 1326 74
1326 1332 43
1332 1336 58
1336 1338 8
1338 1343 90
1343 1354 23
1354 1380 75
1380 1384 90
1384 1388 92
1388 1390 72
1390 1396 31
1396 1404 43
1404 1416 47
1416 1423 23
1423 1427 28
1427 1441 63
1441 1448 72
1448 1464 31
1464 1466 82
1466 1467 100
1467 1478 4
1478 1486 71
1486 1488 42
1488 1543 10
1543 1544 91
1544 1550 98
1550 1563 63
1563 1570 89
1570 1573 89
1573 1580 97
1580 1591 13
1591 1597 62
1597 1600 34
1600 1604 20
1604 1608 79
1608 1636 27
1636 1652 10
1652 1657 26
1657 1661 100
1661 1663 49
1663 1667 68
1667 1672 86
1672 1687 32
1687 1698 63
1698 1719 67
1719 1726 40
1726 1732 17
1732 1734 18
1734 1746 41
1746 1751 100
1751 1758 12
1758 1759 81
1759 1761 95
1761 1773 47
1773 1775 45
1775 1777 27
1777 1799 13
1799 1800 79
1800 1807 85
1807 1810 61
1810 1833 64
1833 1845 28
1845 1847 63
1847 1859 96
1859 1867 1
1867 1868 29
1868 1885 48
1885 1892 17
1892 1896 41
1896 1908 56
1908 1909 42
1909 1910 60
1910 1920 90
1920 1922 31
1922 1942 91
1942 1944 22
1944 1947 22
1947 1952 73
1952 1974 32
1974 2006 10
2006 2020 84
2020 2026 56
2026 2037 40
2037 2042 65
2042 2046 100
2046 2050 64
2050 2060 90
2060 2073 5
2073 2080 97
2080 2120 30
2120 2129 43
2129 2159 31
2159 2167 50
2167 2177 2
2177 2191 90
2191 2194 91
2194 2201 96
2201 2217 6
2217 2222 11
2222 2233 33
2233 2251 93
2251 2252 18
2252 2258 71
2258 2285 65
2285 2296 4
2296 2299 81
1935 2067 14
76 431 41
50 1132 1
892 1943 83
786 1911 97
269 1930 68
1092 1873 30
2176 2221 39
1467 2241 87
149 1269 34
1350 1709 7
1891 2177 75
108 445 77
1585 1607 83
529 1569 2
784 1538 38
1202 1711 35
1449 1964 36
1127 1448 35
713 1134 32
988 1237 56
567 2137 59
314 1855 28
1434 2293 86
1350 2239 14
1405 1952 13
1203 1852 22
1370 2110 36
835 2012 68
1861 1961 25
1200 1732 90
1226 1920 78
88 722 100
439 1734 1
216 500 86
918 1114 67
1662 1869 84
1070 1159 84
850 1074 17
79 306 54
720 832 98
334 1188 53
1648 1806 52
572 1937 6
1510 1570 3
587 1714 40
90 802 10
753 2287 15
88 999 80
69 969 28
176 1538 93
968 1608 13
1503 2239 46
689 803 40
723 1991 6
40 1138 20
800 1533 64
509 1477 63
1008 1337 97
625 1689 26
2107 2163 63
991 1433 99
591 1680 79
1466 2030 61
314 1405 51
1353 1877 1
296 311 54
449 1912 89
2138 2286 32
184 923 74
422 1426 50
328 473 43
301 1255 51
457 2269 42
1682 1756 4
299 480 88
1306 1841 72
887 2092 31
1539 1620 3
82 1093 71
236 1356 67
1399 2140 57
698 870 95
1712 1972 62
188 1702 82
1294 2011 11
738 1034 67
1219 2130 85
1926 1953 85
1815 2258 27
212 2133 13
576 1060 32
19 511 69
1989 2234 4
255 1062 74
517 570 15
984 1505 48
934 1353 95
1544 1623 89
131 1126 80
2248 2277 53
1354 1997 78
171 855 42
1326 1710 90
1095 1510 62
528 2095 73
1637 1907 68
1227 1500 19
923 1336 65
858 2069 36
1058 2209 34
1889 1924 74
99 2029 37
875 2077 75
1087 2011 66
1604 1734 72
1643 2260 20
808 2113 30
38 1871 60
524 686 78
13 1620 4
823 1915 27
380 1998 20
475 724 5
2110 2167 12
249 1148 14
1381 1703 11
1597 2020 72
1888 2100 97
87 1755 56
1036 1357 42
645 1026 53
346 1672 47
1274 1481 50
813 1120 91
1524 2246 32
1241 1933 49
92 1733 55
1502 2187 54
355 1159 17
1758 1924 42
245 1058 65
419 654 79
541 1308 95
1855 1990 81
1210 1728 86
305 357 24
940 1952 26
104 1959 44
436 1215 85
398 2090 31
1720 2236 13
471 1153 8
1088 1102 60
448 490 95
654 1295 76
604 1552 41
966 1919 56
1172 2069 80
247 1783 78
773 1540 87
98 1611 55
545 1316 97
607 2071 99
963 1957 34
680 1915 76
873 1003 32
195 2024 60
1693 2124 6
1729 1760 90
513 735 31
1101 1598 37
1415 1695 24
650 1068 7
1048 1064 93
755 826 31
1 607 98
860 1618 86
1150 1589 91
991 1886 79
810 1432 82
168 1366 13
94 1978 14
1259 1950 92
147 1734 88
312 2071 4
130 505 48
31 871 75
940 999 43
1182 1774 76
51 1384 2
259 839 74
731 1079 52
154 670 13
888 1279 96
662 2076 80
152 694 73
409 1866 31
1224 1485 99
494 1548 81
1211 1445 5
1717 1904 20
105 1402 90
535 1392 62
1084 1172 13
590 994 31
398 989 3
58 786 31
886 2161 35
220 1684 21
474 1384 40
435 1149 72
511 1461 59
2 1514 81
1520 2080 41
420 2054 81
41 741 18
1479 2010 29
1895 2215 56
721 948 29
828 1943 73
158 819 92
736 1407 80
1229 1979 87
714 1606 64
486 709 23
247 1588 55
1636 1836 57
2034 2056 92
752 1937 41
1186 1520 88
1349 2134 96
337 482 23
562 1164 54
399 1825 83
1445 1591 27
1493 1791 40
170 1638 16
1349 1717 68
108 1164 65
1371 1851 56
298 1310 69
717 1547 31
202 339 67
324 1671 63
1271 1837 39
258 1386 27
11 2247 39
324 792 63
1262 1869 30
1243 2004 64
1623 1971 100
862 2002 59
1168 1795 71
292 379 66
379 1943 94
1144 1735 86
823 1082 22
61 287 84
390 1810 19
419 621 34
1347 1378 67
456 1105 36
165 595 11
1844 2063 44
61 1756 31
1131 1449 29
586 1885 25
788 1748 75
1708 1947 9
942 1894 12
275 451 62
271 548 27
125 1689 76
854 1486 40
1065 2023 37
1285 1816 23
177 2281 73
1630 1906 42
661 2105 74
355 2253 7
920 1771 62
1169 1599 57
1545 1910 70
401 2174 82
401 2040 96
977 1421 65
449 707 80
888 2151 21
382 1068 72
363 1096 76
235 516 68
339 574 66
1031 2093 4
953 2136 35
324 2062 45
1084 1961 19
2045 2067 24
249 366 92
87 1181 45
1342 1871 63
1088 1732 96
435 782 66
668 1328 72
2163 2250 27
592 1176 44
963 1424 49
958 1818 40
1506 1936 46
1193 1881 83
109 754 33
520 2152 77
697 1593 99
1360 1770 42
145 830 92
136 1769 19
1016 2168 27
1277 1972 93
1045 1058 29
527 1244 31
959 2263 20
69 871 15
409 1671 51
1396 1969 46
1802 1881 28
639 1568 34
2106 2197 92
283 1951 85
1834 1877 60
760 1721 73
864 1123 49
317 483 76
1101 1560 28
1242 1535 12
591 1080 56
1334 1602 44
595 829 86
1497 1737 91
370 373 32
598 2271 99
368 2012 10
628 1412 67
227 1668 62
216 830 42
856 982 84
1143 2115 25
319 1753 8
2051 2110 94
600 1515 60
945 1015 54
648 1204 17
10 2036 24
517 1873 48
266 1865 67
710 974 98
57 1018 22
327 926 72
1188 2063 49
609 1414 33
205 1418 77
1144 1586 1
1198 1786 69
931 1014 40
195 1842 23
1063 2080 30
2021 2064 94
492 545 19
789 1804 92
131 394 36
1469 1901 66
992 1958 56
332 456 77
695 2148 75
1776 1850 22
224 1609 14
82 732 44
1293 1579 76
595 927 68
1600 2213 34
728 1573 12
87 1917 61
860 2290 48
78 1229 99
1717 2183 39
366 1963 84
600 2130 100
4 2244 9
63 2219 28
582 1569 86
289 1289 70
107 174 36
811 1357 97
120 1647 54
819 2062 33
1769 1909 65
1273 1798 24
833 1373 9
150 705 93
1635 2079 67
496 596 27
994 1229 55
800 1406 18
1627 1813 28
1693 2108 22
957 2250 26
291 1672 100
315 1904 54
1440 1901 58
54 1044 5
662 1501 20
1903 2165 20
857 1569 79
138 1197 8
1120 1664 26
1630 2230 6
1001 1460 21
968 1132 65
805 1556 59
352 1921 16
1246 1908 52
268 1711 74
1248 1915 53
171 621 67
433 2168 82
226 1425 13
440 1940 13
756 1314 85
519 1901 75
1055 1439 58
604 1678 98
911 2027 77
336 784 6
835 1127 18
485 1822 77
584 805 81
824 1577 19
295 711 91
57 418 50
652 2013 69
1586 2229 14
92 2018 74
217 1660 89
678 1859 20
279 1936 73
920 2109 60
957 1325 4
586 1883 9
1170 2165 32
1594 2108 68
100 1963 59
927 1412 10
1168 1301 4
1268 1889 32
662 1441 69
771 1406 24
1929 2283 93
116 965 96
540 1759 81
26 266 45
14 69 53
1563 1598 24
1361 1693 46
865 1518 72
1717 2296 29
409 1172 90
791 1802 35
1569 2242 42
263 657 79
43 905 36
659 771 72
1062 1795 93
390 1155 78
657 1615 16
559 951 42
864 1840 62
235 1002 44
846 2282 72
1570 2007 69
1148 1860 99
799 1707 4
94 1524 54
539 1170 37
354 2072 55
1431 1626 90
1637 1918 77
1088 1964 37
1245 1702 86
1014 1041 6
69 1352 86
816 1369 99
1204 1353 41
529 2165 33
751 2113 62
236 1156 90
1820 2022 48
237 402 50
625 1777 94
959 1635 55
1203 1631 82
306 1892 38
454 1945 28
29 1121 100
246 505 32
715 2133 57
396 1557 48
984 1460 36
1618 1896 79
758 1419 64
1320 1710 44
455 1743 22
252 1652 31
1867 2224 82
85 1716 50
415 730 47
378 2217 95
985 1492 70
84 1368 13
1492 1715 4
1028 1384 67
698 1007 74
947 1634 35
407 528 21
1116 1561 73
16 1010 32
1237 1926 38
245 748 21
457 1676 39
35 835 2
616 1097 65
852 1846 77
1219 2062 45
1742 2055 56
1960 2119 38
212 1289 57
857 1270 40
186 1342 96
966 2044 43
974 1099 31
602 813 42
251 1344 16
107 1218 93
886 1008 59
376 400 37
272 1513 90
436 1527 56
147 1948 26
640 1174 6
348 1535 42
1682 2051 72
532 792 97
113 2214 25
1279 2129 75
740 2295 31
13 1785 57
1670 1683 84
451 749 14
1070 1414 62
1180 2296 37
1865 2153 15
1647 1780 29
604 647 3
1073 2216 27
619 1270 93
279 1135 95
13 2038 18
49 553 13
522 2059 99
715 1168 51
418 536 5
796 1246 61
109 573 81
1830 2124 89
1204 2079 38
52 1973 49
683 1696 54
1655 1723 72
223 2133 70
1148 1404 8
1241 1505 1
211 1634 49
805 1525 18
589 902 54
725 2093 26
314 1369 42
862 1935 91
1698 2256 30
24 2190 76
65 1770 50
244 1163 83
297 1895 42
122 928 84
903 2063 13
1046 2264 82
791 2178 49
528 1350 78
513 652 59
11 923 79
589 2197 26
356 1785 82
336 864 61
157 1149 70
1078 1181 36
1485 1949 1
430 1785 77
298 2173 100
579 2112 40
349 2234 85
1341 1679 43
1233 1974 19
887 1523 45
1657 1718 3
1109 1454 31
1173 1811 81
611 1238 79
1021 2159 76
1276 2232 29
75 2026 45
492 765 9
1108 1331 48
741 1340 33
987 2164 75
777 2205 77
1505 1646 48
0 1594 50
331 548 30
289 480 21
1024 1668 39
915 2185 74
567 1612 95
477 835 97
391 431 81
1315 1771 4
50 1881 66
556 771 7
946 2114 68
804 1260 27
518 853 45
67 2055 23
33 605 51
652 766 62
20 2213 83
1005 1285 9
1564 1694 15
180 1857 63
633 914 6
522 1622 43
1525 1626 63
259 1732 48
1530 1653 88
1207 1590 7
548 1072 94
1567 2065 16
1131 1500 84
100 2282 83
389 1222 64
760 1099 48
474 2096 2
1831 2197 46
652 1580 4
549 1457 33
880 1499 83
1101 1838 16
959 1552 82
921 1358 84
1768 1792 8
157 543 65
482 2000 15
23 865 95
1638 1784 19
1961 2009 22
1577 2119 96
548 2082 74
201 938 22
191 1951 10
832 1171 79
43 520 9
339 1452 43
38 187 45
319 1336 52
370 2277 26
914 1514 55
600 2184 39
1405 1633 31
196 1668 65
527 1733 48
796 1051 25
1911 2015 22
1594 2214 71
120 615 83
497 1758 30
1378 1644 2
1198 1411 31
858 1478 30
1397 1452 12
800 854 8
1348 2193 2
1534 1761 15
1752 2135 84
836 1574 23
1846 2172 78
481 1439 35
822 2166 49
741 966 30
643 902 90
742 1718 35
796 1251 55
1681 2121 14
1805 1817 74
697 2033 71
1816 1925 74
1407 1686 88
862 1271 73
699 944 93
426 1804 84
1321 2074 34
70 999 2
152 2164 27
1173 2198 80
688 1529 99
1029 1045 3
1188 1462 24
44 1412 46
139 1178 67
1216 1665 59
1000 1570 78
116 883 9
138 1648 2
1079 2092 56
99 803 66
108 1932 70
845 1834 50
796 1929 27
679 824 80
428 948 19
1063 1849 85
425 1568 32
291 1079 16
1643 2119 31
1020 1884 72
798 1080 26
864 1528 37
531 1285 21
175 411 85
70 1151 46
354 1739 51
717 2071 80
8 1630 35
613 1053 24
1525 1666 92
617 1324 95
707 1406 66
411 1424 1
307 933 68
292 1529 74
151 1764 49
1111 1285 66
1331 2054 77
105 1241 72
631 1026 1
394 576 64
268 2031 13
1542 1569 35
1730 1765 8
126 578 25
873 1309 41
332 1227 83
815 1522 83
1205 1392 1
1873 1890 4
