1680 1000
0 36 40
36 39 24
39 69 41
69 97 69
97 102 65
102 103 19
103 108 95
108 114 63
114 131 94
131 147 18
147 176 61
176 210 64
210 213 12
213 216 15
216 218 71
218 225 52
225 229 29
229 240 29
240 248 2
248 258 72
258 268 24
268 283 64
283 310 86
310 316 91
316 323 44
323 324 71
324 325 92
325 328 55
328 334 80
334 347 48
347 382 58
382 389 68
389 392 86
392 393 18
393 415 19
415 455 95
455 457 13
457 464 1
464 468 63
468 496 89
496 499 25
499 507 41
507 523 79
523 528 3
528 559 6
559 593 64
593 619 4
619 620 68
620 633 38
633 640 68
640 653 59
653 655 53
655 656 65
656 661 31
661 668 95
668 677 40
677 683 38
683 706 16
706 711 77
711 721 37
721 749 96
749 775 65
775 802 30
802 815 25
815 831 58
831 837 91
837 840 93
840 859 61
859 871 66
871 877 22
877 949 81
949 978 79
978 1011 16
1011 1034 26
1034 1037 98
1037 1041 91
1041 1066 61
1066 1071 75
1071 1096 23
1096 1121 40
1121 1136 31
1136 1139 27
1139 1142 79
1142 1158 13
1158 1162 46
1162 1167 61
1167 1198 29
1198 1211 26
1211 1230 49
1230 1242 73
1242 1250 21
1250 1253 87
1253 1256 35
1256 1266 36
1266 1278 42
1278 1286 28
1286 1311 22
1311 1323 66
1323 1330 34
1330 1339 41
1339 1342 53
1342 1345 43
1345 1353 34
1353 1386 98
1386 1390 88
1390 1392 29
1392 1400 84
1400 1410 88
1410 1434 55
1434 1440 74
1440 1445 51
1445 1459 35
1459 1463 20
1463 1472 17
1472 1483 73
1483 1498 25
1498 1520 97
1520 1524 17
1524 1541 100
1541 1550 40
1550 1555 36
1555 1577 81
1577 1580 46
1580 1593 78
1593 1613 24
1613 1618 7
1618 1648 39
1648 1656 17
1656 1657 66
1657 1658 31
1658 1668 75
1668 1671 53
1671 1679 59
257 1167 71
847 962 20
529 1391 71
187 1004 57
164 1124 34
538 1629 25
1174 1254 4
295 528 10
1563 1670 16
526 589 64
238 1388 12
499 728 65
842 985 52
115 854 91
643 1595 96
919 1010 28
394 475 61
183 1494 83
607 1144 77
201 1566 91
744 888 95
555 770 58
264 1530 6
98 1196 5
1010 1516 22
554 1427 34
1496 1606 23
700 1131 3
408 540 93
919 1629 70
923 1165 46
161 1311 64
845 1189 10
545 753 72
673 1089 72
790 992 71
805 1263 3
1488 1588 14
575 1033 57
208 717 58
1046 1111 99
560 859 19
1098 1115 15
875 959 76
147 610 52
1380 1393 6
99 810 91
1325 1595 20
882 1258 42
361 968 88
445 1611 92
352 531 34
731 853 22
5 438 13
643 1655 91
573 797 36
569 1507 60
12 598 56
1297 1405 29
852 853 86
13 1138 87
560 612 63
232 954 91
1030 1163 36
395 1453 98
640 757 37
513 635 95
782 825 57
666 1100 94
419 878 53
134 1165 81
259 1076 5
18 1331 29
275 658 57
102 394 18
340 1030 11
463 1285 46
1305 1315 25
103 1402 47
665 1210 63
1117 1379 63
34 564 72
166 1551 95
30 845 1
1397 1538 8
224 1006 15
571 1367 59
242 1632 73
552 1294 78
959 1193 51
47 1679 91
16 812 31
1130 1389 41
446 1483 94
291 1192 43
8 615 97
1091 1402 82
459 1673 44
151 1456 71
424 1164 8
1085 1270 98
178 1351 96
353 1334 31
1408 1551 92
30 524 31
177 860 58
989 1154 28
910 1450 15
759 846 93
32 223 57
572 886 86
898 1249 29
570 1028 69
278 1515 70
598 1505 53
752 953 77
862 1245 54
83 746 70
82 114 37
417 830 87
367 1380 23
369 834 32
326 1611 98
268 801 99
143 1197 72
826 1669 52
949 1513 87
525 1006 9
352 1038 2
815 1131 85
734 800 11
834 1669 87
140 628 7
912 1038 29
734 1542 67
951 1602 33
243 538 62
467 1528 6
104 953 12
185 473 6
1162 1178 83
66 726 78
331 419 36
64 658 2
263 1451 40
89 1195 96
527 538 51
431 501 51
111 676 27
859 1675 79
178 1516 77
813 942 52
755 1405 96
643 1122 53
851 1622 66
25 404 21
684 1446 99
836 1051 52
191 1431 77
658 1121 18
686 882 88
118 1428 41
605 854 62
366 1503 52
103 533 62
559 687 22
1449 1675 63
451 544 80
779 1585 30
665 1246 78
149 1199 72
490 579 24
881 943 3
1457 1496 30
218 927 18
775 1576 67
374 381 93
1217 1356 37
73 528 57
225 377 47
1625 1636 72
549 705 85
886 1092 92
592 967 49
20 1287 89
252 805 71
404 908 26
723 963 41
1240 1599 1
658 730 44
657 1059 14
788 1304 13
513 726 63
438 693 24
301 1231 79
48 995 37
218 670 26
1049 1669 39
882 1173 89
500 1615 54
479 1080 18
176 707 8
733 1316 83
416 1560 22
1061 1357 59
81 868 60
665 952 9
505 737 6
1329 1674 21
165 1589 37
182 717 44
1268 1359 41
911 1341 71
728 971 9
529 885 35
135 1540 4
1196 1671 11
200 1396 51
26 1587 26
220 1226 7
1167 1390 5
1262 1358 70
167 291 69
6 1619 38
864 1674 65
107 1673 24
836 950 63
453 1154 62
1134 1214 75
123 318 71
890 1467 91
179 1452 45
347 585 6
519 692 100
851 1139 24
342 1544 31
94 1432 46
480 1009 77
968 1174 17
277 1519 11
182 1347 91
121 472 74
915 1188 52
834 1278 51
1486 1616 46
252 1187 85
473 1547 12
49 1610 47
591 1063 89
120 299 17
1036 1651 93
125 643 38
20 1611 65
668 680 64
39 220 57
1013 1638 59
8 542 5
220 1020 14
186 1119 43
1390 1472 25
555 619 90
194 719 8
321 1193 15
314 1309 14
377 931 100
1086 1198 45
1672 1676 69
58 1577 37
304 626 56
486 1183 45
504 1670 9
143 971 52
152 638 55
1366 1598 21
224 790 42
919 1074 36
111 434 56
4 271 26
1142 1430 41
472 1626 9
185 574 56
955 1562 15
362 575 56
695 1560 18
445 1119 87
1416 1662 37
752 890 24
784 983 79
403 793 31
614 1469 89
594 1648 3
86 1670 49
244 1467 83
646 863 93
753 1301 27
457 576 8
1380 1419 85
306 1365 36
81 1187 32
32 374 82
227 1306 74
565 1000 12
1296 1629 7
446 1652 53
92 304 58
355 1141 82
475 742 93
544 551 41
1520 1585 58
1213 1397 87
966 1006 79
341 980 90
38 1137 22
923 1669 35
1159 1260 16
749 1448 72
166 484 84
28 820 11
250 937 81
1240 1342 33
1318 1527 91
18 947 31
80 154 95
89 1524 56
199 1223 23
434 959 57
1335 1621 69
171 1027 60
273 859 38
107 1203 95
1038 1292 66
829 853 11
185 1029 87
452 1029 70
174 449 29
245 1234 58
712 1270 53
1013 1603 38
1152 1486 62
673 1607 7
421 1133 37
477 773 95
571 651 77
783 920 60
545 1393 50
186 237 47
1157 1393 23
684 835 91
1273 1355 73
369 1319 94
428 1238 82
283 1245 72
141 1442 97
479 1315 64
932 1158 99
405 1569 28
856 1378 29
1039 1190 74
231 834 45
602 682 16
1025 1570 31
753 1417 15
422 1631 27
666 926 79
706 1117 11
199 727 43
259 1214 96
52 1022 87
1451 1586 68
961 974 33
918 1657 49
55 1273 15
1220 1281 16
400 1286 82
842 1448 43
715 1606 8
52 1138 85
599 1395 77
1079 1198 62
433 1090 28
1056 1394 12
1370 1587 87
1263 1640 41
76 363 27
513 1373 61
33 246 63
129 1558 92
830 1064 56
453 1630 56
955 1432 11
64 815 96
811 1555 34
887 1622 1
871 889 9
445 1351 54
1454 1676 80
344 1197 3
686 1202 67
854 857 62
192 1388 19
898 910 37
447 1261 94
731 1272 78
758 1186 87
1470 1612 56
539 938 3
393 538 84
727 831 45
59 176 48
455 1144 49
130 243 53
139 1291 84
268 1547 93
299 802 96
1141 1612 40
93 387 7
78 359 64
530 942 98
22 746 77
280 1346 58
996 1046 33
1045 1322 46
125 1307 42
832 1148 95
972 1065 64
748 1527 79
383 690 36
79 806 88
614 900 38
126 1297 85
198 1487 73
724 1445 75
767 975 8
15 104 44
857 1510 61
319 890 82
1235 1285 18
132 1598 17
1399 1478 86
1293 1619 88
523 976 77
254 1666 62
562 1047 60
778 1357 64
1019 1648 26
200 1593 7
713 908 38
428 1566 46
224 281 66
953 1654 75
1496 1617 28
1218 1618 80
402 1017 79
32 918 35
255 1357 75
879 1628 64
108 1656 51
59 1620 28
150 175 32
627 1523 41
1401 1440 74
1275 1453 65
78 1347 88
1237 1545 19
768 1046 73
268 1152 20
207 1665 84
762 1587 99
91 122 3
599 1641 12
12 799 35
774 797 84
1414 1509 80
1068 1401 12
1516 1612 64
866 962 8
1117 1550 67
53 394 85
633 1594 98
733 1431 97
46 53 90
183 1434 79
216 1449 66
446 560 54
949 1347 48
88 787 60
435 692 22
1228 1511 39
228 476 22
233 332 94
376 1625 43
630 640 4
1318 1578 8
424 1110 64
1316 1399 90
426 1592 56
260 1015 91
1113 1599 43
301 805 36
319 1307 52
246 472 41
572 873 66
205 628 38
459 716 32
241 972 72
412 1446 7
276 789 70
1069 1606 62
998 1238 23
214 546 83
1377 1526 41
432 644 70
663 1384 34
605 763 79
299 809 74
397 1046 73
1117 1290 20
458 730 87
457 1120 45
633 1001 28
1008 1572 67
421 1459 78
912 1010 87
80 758 23
406 427 39
783 1399 21
287 471 40
618 1345 6
1227 1469 19
387 868 3
858 1336 2
368 1092 60
1200 1673 58
831 916 28
156 752 26
587 973 62
590 1254 34
1457 1638 84
359 587 91
848 1305 36
263 387 3
764 842 45
489 1161 47
181 1270 34
145 311 66
1516 1639 84
1111 1589 14
1338 1391 7
1198 1637 86
1412 1476 53
265 496 78
1063 1390 84
480 966 11
600 1375 32
529 1236 69
265 414 77
158 945 68
1651 1665 91
71 365 75
677 1090 59
677 943 90
948 1406 98
744 947 22
109 390 57
154 1086 89
905 1518 92
1284 1440 88
507 898 66
117 1321 79
366 1169 98
887 1274 56
473 484 83
119 1495 78
282 562 63
1007 1519 100
964 1621 75
646 1646 42
1157 1611 23
821 1344 75
131 259 49
301 469 45
517 1448 76
588 843 98
553 1305 29
436 762 12
36 368 26
210 1267 25
432 1145 71
459 930 29
1252 1652 26
993 1398 67
107 1045 45
1264 1287 72
249 467 13
152 1020 93
331 1095 72
0 633 82
242 1544 7
956 1468 13
528 1648 54
196 509 48
374 1349 76
712 811 51
560 1330 71
113 1259 88
308 1260 47
911 1338 11
1436 1520 19
163 631 94
568 585 38
860 1121 95
904 1040 96
400 531 27
1093 1194 2
136 983 52
458 1523 8
132 379 91
1314 1425 64
184 295 79
1034 1248 72
1271 1490 71
484 1067 6
494 935 26
52 852 79
579 1405 88
686 975 42
195 322 51
787 1497 64
1010 1139 54
368 1348 50
201 382 8
1009 1259 83
249 1458 59
207 985 95
611 1613 35
643 1384 2
281 382 51
464 472 98
938 1319 80
742 1406 83
179 534 44
509 793 88
189 1644 77
349 682 9
467 1477 29
324 1197 30
28 1193 37
285 761 38
62 1283 2
674 1041 13
1111 1600 9
579 845 95
655 894 47
389 1674 14
167 861 99
1036 1620 71
1575 1638 20
937 1367 19
5 326 68
112 132 15
1086 1442 61
293 692 58
114 990 97
632 1363 39
28 1178 85
733 1192 60
1258 1534 98
663 1237 96
1254 1387 75
355 570 11
19 1611 69
187 803 52
113 223 58
734 999 44
28 128 65
939 1338 88
75 910 70
1248 1314 93
581 953 89
325 545 58
1132 1210 41
688 873 53
267 457 69
1596 1670 35
352 960 72
121 844 45
436 1312 67
803 1195 81
743 1607 82
544 1297 93
490 599 1
218 1191 51
38 851 63
34 1198 68
486 868 16
319 847 37
1143 1344 73
521 1208 2
908 1352 100
420 668 89
116 817 47
139 1403 74
568 955 81
985 1453 18
739 1672 95
982 1150 1
651 1584 8
729 1507 88
291 346 48
632 782 48
37 942 16
1202 1566 1
738 1665 61
1357 1531 35
341 418 65
332 1310 61
388 1401 60
76 214 47
195 540 47
1283 1472 81
1065 1621 68
951 1413 76
220 1571 98
1073 1572 85
1615 1650 6
996 1057 56
1166 1612 91
294 946 32
166 242 49
323 1176 84
109 769 32
661 900 48
779 1038 69
624 688 99
1233 1633 92
1144 1382 71
98 569 13
80 1629 43
66 984 60
727 1227 19
200 748 84
616 1325 79
1329 1348 73
568 1232 51
830 915 65
246 754 15
249 305 84
416 1663 92
345 1427 7
886 1163 28
583 1581 56
690 1216 90
1380 1603 74
69 389 29
10 1134 53
638 932 9
168 1668 7
133 750 57
52 919 1
189 463 97
692 885 87
177 638 82
1046 1655 92
1185 1321 46
1107 1525 51
101 132 86
30 877 67
1060 1103 66
280 922 34
526 885 84
38 1608 37
743 1128 100
9 773 54
1171 1498 43
1029 1329 71
657 1055 12
78 1324 63
75 241 24
1303 1404 23
654 1394 98
1272 1295 3
1500 1516 80
498 563 48
651 886 10
909 1036 16
644 925 37
532 1120 75
905 1581 91
37 301 42
28 1079 67
50 99 67
1314 1478 65
572 1162 31
231 941 94
865 950 20
638 1228 75
32 557 61
55 123 44
1254 1620 59
830 977 32
264 1501 74
140 484 94
774 1379 94
289 1412 55
462 1606 35
495 1630 21
364 1203 53
284 1249 44
567 1333 83
384 656 29
86 439 62
348 1498 30
260 470 55
670 1572 41
340 1531 34
415 681 40
79 321 31
973 1435 44
311 1537 56
872 1661 14
594 1322 44
613 1628 81
1234 1344 87
961 1642 33
189 862 42
841 1424 96
173 1319 2
521 1320 7
34 411 10
610 1383 61
1210 1246 84
1177 1432 72
51 543 26
672 695 46
394 1322 42
598 1355 86
773 1673 25
157 310 2
146 274 74
1465 1478 85
189 1023 44
286 1087 46
246 1534 24
65 1519 84
279 851 35
191 931 19
18 846 28
900 1327 12
754 1180 84
1351 1400 81
428 1646 97
493 1658 67
183 1148 33
1075 1104 71
919 1622 34
944 965 76
344 932 48
1201 1514 11
384 572 3
1224 1300 99
1191 1355 97
675 1578 96
51 1040 83
1199 1223 13
293 422 63
226 347 46
137 1099 31
