1900 1000
0 59 56
59 137 57
137 203 52
203 282 19
282 401 93
401 433 17
433 448 83
448 452 26
452 463 23
463 516 5
516 703 26
703 908 59
908 934 44
934 942 52
942 1048 31
1048 1246 70
1246 1344 9
1344 1441 32
1441 1547 85
1547 1548 31
1548 1602 86
1602 1605 8
1605 1714 10
1714 1835 41
1835 1899 76
76 1108 41
1182 1590 56
479 597 88
78 862 84
278 1798 66
190 1734 22
1523 1725 74
1127 1198 31
17 173 29
410 1644 10
669 712 78
764 1477 86
43 1779 52
93 264 100
892 1837 87
900 1106 25
884 1213 49
387 1255 96
416 1213 54
18 517 85
760 765 82
1275 1497 37
1593 1812 94
333 450 16
459 1793 46
153 779 3
893 1432 100
831 1288 81
72 205 100
1018 1432 20
661 701 51
1404 1762 58
951 1122 13
7 948 88
323 669 25
963 1538 9
1150 1698 27
920 1808 76
846 1443 71
71 1176 94
290 1349 32
888 1217 22
55 1693 65
640 1849 49
329 991 36
193 1299 68
244 638 87
1596 1697 93
198 1055 68
325 1775 51
731 1295 63
657 940 70
637 793 19
1238 1549 55
537 1219 96
563 1349 90
688 718 66
473 1554 50
1391 1423 84
655 1771 17
1181 1413 61
241 1410 24
200 1787 49
505 1666 76
905 1216 61
232 601 80
1090 1785 30
1459 1537 2
767 1263 86
149 593 9
166 1705 40
1288 1794 77
363 1316 5
727 1770 17
609 1266 43
788 1487 39
1315 1390 3
115 661 44
1243 1411 60
301 657 76
548 1669 86
1115 1447 95
575 1602 46
627 1073 4
671 954 43
526 747 53
1314 1635 42
361 1444 79
367 928 26
538 915 34
223 984 51
1253 1324 74
653 1703 19
221 1846 19
917 1447 76
1508 1811 53
179 638 11
699 1008 80
420 1258 27
230 1085 84
283 565 73
85 1888 75
767 1690 95
117 1866 21
513 876 67
1809 1848 86
383 1023 23
1021 1628 23
157 1350 59
673 1689 90
98 778 91
1519 1628 91
1732 1747 74
962 1529 22
1722 1767 38
741 891 84
311 1331 63
1139 1291 87
884 1756 88
141 840 89
412 1182 17
1339 1822 92
1253 1503 19
424 1654 65
815 898 50
605 1276 8
680 1085 85
48 1136 32
187 1835 28
253 1033 21
1283 1770 63
930 1620 29
811 1742 28
1145 1166 75
333 1476 89
1023 1643 42
104 161 20
667 1679 52
279 787 73
967 1398 25
308 452 94
613 1080 26
549 1440 74
273 408 51
294 1119 54
283 1501 58
32 1603 77
208 1531 9
597 965 66
204 962 6
1075 1898 99
534 1455 82
568 1127 62
822 1584 67
189 974 11
11 1018 2
993 1645 88
45 736 51
322 603 11
1124 1280 75
665 1395 31
19 1171 86
43 1814 100
48 144 20
187 1680 71
1341 1521 21
837 1017 10
417 564 97
1417 1805 86
143 907 3
944 1134 67
1249 1516 8
680 1480 28
672 1273 1
139 1546 60
806 1649 26
259 1217 32
123 463 74
712 1548 57
715 1435 34
200 240 12
899 1170 45
1006 1576 3
220 460 56
264 1657 79
724 1639 80
84 592 19
134 774 53
305 1119 66
528 1045 37
162 287 55
108 999 56
1284 1377 85
1267 1611 27
502 962 89
241 1724 75
1769 1883 69
613 711 8
732 1586 61
1028 1672 100
1069 1517 11
757 1283 27
99 578 31
1067 1721 8
160 643 50
1398 1591 69
836 904 10
1220 1590 38
625 1807 85
906 1030 38
7 328 71
469 916 5
1593 1678 100
909 1695 68
692 1056 27
1150 1401 69
354 883 84
635 1085 44
1008 1010 5
683 1217 84
270 1322 100
148 1860 34
336 1361 100
639 700 54
802 1770 16
124 943 3
581 1582 3
87 440 64
2 266 75
259 1529 78
811 1168 46
413 1427 56
1026 1695 63
158 1291 76
52 72 91
1363 1661 77
531 1407 9
186 640 23
84 1852 75
249 784 27
821 986 100
1150 1240 72
675 843 46
713 1808 25
54 625 75
12 1659 31
546 915 9
321 1572 78
586 1795 37
872 878 42
372 982 26
901 1612 92
250 1652 20
438 762 40
1159 1515 11
981 1430 67
1820 1890 85
262 868 14
940 1043 16
1004 1384 67
637 1516 51
729 1768 99
248 570 74
836 1761 34
689 1639 82
762 974 29
551 1732 40
581 1281 75
139 792 81
219 324 9
22 306 51
40 1476 15
754 1268 60
1178 1645 70
92 603 15
303 792 6
684 1019 31
675 706 48
311 1642 46
98 155 13
903 1674 20
776 1754 73
311 545 50
528 1457 23
412 1480 74
66 1288 45
1294 1359 11
734 1496 91
78 309 45
100 934 43
615 1466 35
594 1093 32
129 701 57
394 457 13
1165 1834 18
1699 1763 31
393 907 63
149 1194 18
1108 1450 31
631 793 64
1086 1471 52
684 1746 20
844 1831 22
52 1320 42
1530 1719 4
1148 1503 89
281 1678 97
496 1782 30
409 848 9
1329 1626 75
305 1804 1
225 1508 3
615 736 17
249 1301 62
4 611 96
38 1834 61
709 1518 80
594 1785 26
280 1099 88
1325 1886 23
85 849 5
142 1214 40
219 1457 82
784 1550 61
523 1595 42
48 1455 76
14 838 89
336 831 72
386 398 37
61 1265 63
1746 1847 17
76 1658 89
517 1613 52
990 1622 7
550 1454 13
18 1820 85
886 1057 40
459 1842 71
791 1796 84
380 1306 51
227 801 2
609 1179 77
59 1175 87
197 1872 59
323 1794 42
1279 1355 8
766 1668 70
623 986 56
763 1017 43
441 541 88
1510 1817 78
282 874 70
435 1251 63
34 350 99
636 1289 62
1324 1339 16
89 916 57
1044 1313 53
789 1690 97
572 1721 43
254 564 28
134 146 10
803 1881 84
878 1772 75
253 1403 4
88 1241 74
709 1807 98
94 697 16
747 942 63
174 1685 31
1621 1728 98
739 804 81
49 465 93
1033 1337 6
162 1435 27
804 1695 53
1176 1529 73
698 1710 28
79 1126 68
346 709 59
923 1253 85
499 563 73
1288 1755 59
571 1667 9
1156 1518 10
223 1725 37
696 1625 27
64 273 47
448 1283 10
1332 1691 12
36 298 69
345 1177 81
708 1687 72
204 335 13
45 1695 84
1628 1807 46
357 1521 46
279 687 38
610 1753 62
200 1725 48
374 1844 69
264 736 56
304 394 17
517 959 47
1331 1465 27
1382 1776 32
254 609 23
1113 1696 51
797 924 50
710 1678 91
449 1576 37
1591 1765 42
217 912 77
920 1549 50
18 515 55
290 929 25
1523 1626 95
985 1809 98
419 879 10
374 1151 88
207 648 18
585 1889 12
55 1417 77
46 1844 62
308 377 11
272 1300 56
345 1442 81
1405 1745 57
128 1556 48
182 1458 64
1228 1750 96
210 1648 85
155 1896 70
215 973 99
418 734 72
41 1390 80
981 1596 60
302 327 48
847 1768 89
190 407 80
1468 1851 3
785 1547 36
160 361 77
1276 1499 74
1305 1521 38
66 699 33
844 1171 59
1053 1804 2
339 1219 68
464 1176 15
497 1506 48
386 1485 70
751 1429 31
700 780 51
622 1450 99
341 1807 8
294 1896 38
24 685 14
654 1327 42
195 1358 78
1043 1521 28
6 973 97
744 1123 92
705 931 86
890 1858 42
111 242 66
1422 1702 16
318 1460 94
255 1331 4
638 1309 97
551 1678 7
92 409 13
738 1196 25
139 652 41
676 1640 13
403 1464 43
129 574 82
989 1434 65
625 1873 66
667 802 27
1052 1647 38
442 1406 50
515 923 37
297 581 21
1462 1710 6
552 1882 66
640 1587 13
547 1614 60
418 563 2
1434 1886 70
299 1603 64
103 104 87
576 1292 10
772 1184 81
851 1697 1
923 952 34
383 1092 93
1586 1737 86
501 1787 40
212 850 73
916 1022 74
611 1884 1
361 1597 35
437 1533 3
528 1292 4
185 1056 48
612 1717 70
280 1187 50
956 1185 71
170 353 81
262 295 20
338 1234 47
1700 1790 22
1012 1264 63
15 1116 80
490 495 97
555 1707 89
863 1629 100
271 1711 61
501 1091 17
633 1676 73
431 1283 19
471 777 7
718 1727 6
6 1713 8
20 490 86
223 1857 47
657 1833 6
151 823 99
318 530 65
1096 1826 51
1871 1895 12
5 1263 71
606 1725 83
650 927 24
461 671 3
1077 1469 83
1744 1885 100
311 710 6
359 1208 74
668 893 97
1187 1514 5
378 389 82
127 635 98
150 440 52
1663 1807 90
514 728 89
31 634 83
839 1625 42
1111 1775 15
49 1727 85
453 466 26
63 435 82
675 1830 12
504 1502 59
69 1361 67
312 1595 46
1462 1848 94
785 1055 16
323 395 97
1278 1636 69
713 924 31
47 1092 62
832 1117 63
239 520 23
356 1745 3
988 1452 49
868 1804 97
528 1138 84
665 867 28
271 464 77
811 1631 93
234 951 26
451 619 54
1048 1879 55
1147 1244 78
26 1602 75
835 1098 21
419 1749 90
1037 1623 100
90 879 5
1144 1863 65
1476 1762 34
1237 1466 63
630 1642 97
845 1616 36
1191 1700 27
612 1393 22
428 1894 6
673 1153 57
990 1090 46
669 1452 8
8 1141 56
1196 1458 53
958 1012 32
2 385 52
945 1400 24
413 778 59
461 599 30
419 1868 2
778 1773 74
1451 1472 88
1273 1546 50
486 1538 23
813 1210 62
55 1713 53
767 1684 12
1003 1253 90
749 1585 23
947 1700 10
69 1172 38
1386 1629 43
1430 1543 32
286 1585 12
967 1173 22
260 1509 66
1771 1895 44
339 535 69
658 1793 22
98 725 59
201 1261 84
1332 1652 22
968 1537 91
552 1221 1
12 538 46
877 1220 91
1043 1500 75
821 1056 21
144 1110 5
132 168 73
65 1106 32
635 1736 51
317 753 74
823 1615 74
444 875 48
566 1084 80
132 1433 40
1173 1329 41
104 1648 88
1307 1402 63
709 1741 45
207 1388 10
673 1062 72
559 753 27
1539 1751 17
749 979 88
859 914 53
1530 1826 33
174 1259 55
797 1866 93
497 617 83
256 735 96
760 1243 69
839 1045 20
413 1295 46
397 508 31
679 784 67
1019 1260 89
1512 1716 24
682 894 87
1740 1756 32
104 224 12
918 1392 80
1451 1566 76
60 1161 11
757 958 30
281 303 50
511 1543 41
685 746 42
865 1303 42
75 1442 77
37 1274 71
223 1065 58
77 1414 25
356 1894 27
1334 1795 84
1086 1539 42
1245 1365 67
1040 1308 21
208 1462 61
8 874 68
393 1582 4
538 1290 86
42 732 77
630 1794 54
1822 1829 83
1057 1468 40
159 1533 18
166 1852 68
155 255 97
142 196 90
505 1339 88
860 1513 49
206 1443 67
978 1515 56
662 1733 89
403 718 79
713 1489 47
511 1882 60
622 1110 45
130 1841 77
339 519 18
502 1116 69
1552 1695 33
454 986 10
179 1689 72
1591 1617 57
517 1750 11
420 1639 73
453 1050 50
527 984 87
600 1157 96
542 1132 22
1031 1857 97
361 553 83
1735 1753 39
706 1394 7
502 765 8
1784 1899 54
363 1092 4
425 1798 64
751 1375 87
903 1339 20
995 1778 21
836 1670 26
494 759 47
312 1484 98
862 1191 23
666 1300 98
802 1456 2
783 1094 12
136 1134 48
650 1706 71
852 1430 60
452 1091 3
1078 1730 21
450 1686 64
801 1571 11
596 1341 3
747 1848 38
776 1303 29
445 946 44
414 641 7
819 1416 28
331 814 34
1279 1756 3
176 1824 45
173 1635 97
871 1633 66
1320 1882 16
253 410 63
631 1165 11
196 1875 49
227 610 16
244 1807 27
1066 1897 76
685 1181 20
1342 1768 48
259 809 36
350 1643 46
952 1258 6
183 960 33
780 880 71
958 1821 99
239 378 12
602 1891 21
995 1026 16
453 1179 37
1437 1611 49
475 1174 55
137 410 88
757 1794 35
1512 1747 52
911 1043 56
428 518 20
294 1898 55
557 866 12
423 493 4
778 1686 78
1079 1562 71
187 1311 80
762 1691 38
318 698 87
155 1345 51
43 952 14
616 1031 86
862 1063 75
272 728 41
1306 1347 51
114 851 75
96 514 100
1376 1583 45
657 1855 73
0 1022 100
771 899 89
777 933 67
1351 1633 32
142 747 85
405 1271 69
970 1519 62
1650 1798 5
262 1126 24
310 1374 19
1361 1393 7
999 1275 9
800 1419 57
544 642 17
368 566 36
798 1367 20
756 1479 91
556 1354 94
36 140 37
587 1614 62
253 1195 54
663 1418 40
687 896 9
426 598 59
958 1843 25
1023 1430 63
947 1893 91
357 1059 45
1144 1524 29
710 1116 25
761 1315 12
575 863 70
176 627 71
1323 1530 33
62 394 76
110 997 79
475 1795 65
240 1870 95
695 858 81
129 1347 17
146 575 72
671 1526 20
425 1473 82
171 272 83
7 301 43
514 1537 81
949 1889 27
517 1305 48
819 824 5
136 1865 46
24 1270 2
1350 1818 69
346 1777 14
756 1549 67
1438 1487 16
860 1795 37
371 478 93
411 1215 98
288 1218 3
509 869 28
240 1580 37
441 1693 42
1242 1676 31
104 1574 7
1477 1818 5
438 1382 82
497 1505 68
56 74 74
408 1555 55
1278 1384 14
1358 1382 7
37 600 7
1637 1800 76
420 971 11
247 614 93
345 595 87
227 1581 67
816 1781 12
149 1434 38
963 1730 7
1316 1834 65
5 648 61
317 1657 22
90 1809 73
602 1735 35
450 1223 92
269 1394 41
1493 1802 18
402 920 21
524 698 35
403 1640 33
1364 1689 96
354 612 47
54 1184 81
1368 1581 71
1051 1456 78
547 1096 86
1005 1362 95
181 313 90
963 1470 77
380 413 36
268 515 24
80 465 51
114 997 89
182 1451 36
298 1250 40
539 1606 20
1143 1432 67
669 1630 19
1481 1771 92
719 1592 69
379 614 24
1137 1287 100
1553 1855 70
603 1380 45
460 589 78
799 1387 80
1708 1825 55
632 962 100
533 1021 57
1478 1509 48
141 1117 91
255 382 56
118 1169 43
1490 1886 56
434 1546 78
237 1400 56
331 1480 35
46 1633 81
642 912 33
1109 1857 99
270 1648 99
609 623 88
1094 1705 20
328 1274 7
893 1831 52
459 713 100
1055 1634 42
323 1403 66
768 1019 86
829 1478 99
860 1621 82
413 1788 41
153 254 40
934 1160 98
544 594 17
95 447 94
32 1161 78
339 918 79
1274 1494 32
886 1004 55
879 1885 16
1558 1561 34
46 1079 67
29 163 6
377 780 92
92 478 94
442 1863 40
91 455 69
513 851 17
793 1641 80
45 164 73
1247 1497 24
489 943 61
521 979 5
319 956 50
41 335 90
546 918 33
38 1471 53
1672 1873 47
1178 1683 47
192 387 20
1374 1670 38
918 1716 84
1141 1173 28
429 529 36
1127 1595 11
502 1328 89
935 999 78
255 695 93
411 1102 59
1168 1521 2
