3700 1000
0 8 25
8 13 31
13 21 81
21 44 51
44 51 66
51 53 59
53 56 88
56 61 42
61 65 6
65 84 32
84 88 67
88 109 94
109 112 3
112 120 53
120 123 36
123 136 96
136 148 62
148 149 64
149 157 12
157 168 58
168 169 13
169 175 12
175 176 95
176 179 74
179 185 68
185 198 93
198 203 87
203 209 34
209 217 84
217 218 94
218 222 9
222 226 34
226 245 29
245 247 73
247 262 46
262 270 60
270 272 73
272 283 73
283 297 59
297 306 77
306 308 36
308 314 36
314 319 49
319 324 57
324 327 94
327 345 68
345 346 16
346 349 75
349 351 80
351 363 83
363 369 43
369 377 45
377 397 59
397 400 32
400 408 99
408 412 44
412 418 38
418 420 68
420 428 60
428 431 77
431 437 23
437 438 41
438 445 90
445 449 56
449 454 88
454 457 72
457 463 29
463 465 2
465 466 70
466 474 24
474 484 4
484 485 40
485 490 16
490 492 17
492 493 55
493 494 82
494 495 84
495 502 75
502 508 3
508 510 48
510 514 2
514 522 77
522 527 18
527 529 5
529 544 85
544 554 54
554 558 69
558 562 22
562 567 37
567 573 35
573 574 21
574 583 70
583 595 87
595 598 37
598 605 70
605 610 28
610 611 12
611 625 71
625 633 10
633 645 83
645 659 96
659 664 82
664 670 35
670 684 22
684 692 62
692 695 44
695 700 45
700 702 57
702 704 36
704 712 69
712 714 55
714 716 26
716 718 24
718 719 32
719 720 98
720 730 87
730 736 92
736 739 90
739 755 43
755 756 64
756 765 17
765 768 84
768 772 84
772 775 100
775 778 90
778 790 49
790 800 39
800 801 22
801 809 22
809 814 64
814 815 69
815 828 97
828 832 50
832 833 74
833 835 61
835 840 37
840 846 42
846 849 8
849 851 98
851 858 14
858 866 64
866 870 66
870 879 83
879 884 26
884 885 67
885 892 62
892 901 38
901 910 97
910 911 64
911 923 84
923 927 94
927 930 64
930 940 10
940 943 9
943 944 28
944 957 65
957 967 3
967 968 46
968 974 2
974 975 25
975 980 69
980 986 95
986 990 83
990 994 28
994 1004 12
1004 1010 43
1010 1013 47
1013 1016 78
1016 1028 100
1028 1029 91
1029 1035 4
1035 1042 11
1042 1051 80
1051 1055 15
1055 1060 67
1060 1063 67
1063 1067 32
1067 1072 85
1072 1079 11
1079 1088 4
1088 1091 29
1091 1106 66
1106 1111 61
1111 1118 57
1118 1127 90
1127 1129 49
1129 1133 44
1133 1135 12
1135 1138 68
1138 1141 20
1141 1146 52
1146 1151 12
1151 1166 9
1166 1167 18
1167 1169 63
1169 1170 3
1170 1179 42
1179 1180 58
1180 1188 84
1188 1192 71
1192 1194 48
1194 1198 52
1198 1200 42
1200 1205 4
1205 1206 80
1206 1208 70
1208 1209 89
1209 1211 39
1211 1212 45
1212 1222 89
1222 1227 81
1227 1243 85
1243 1249 36
1249 1251 47
1251 1252 41
1252 1254 90
1254 1261 59
1261 1273 51
1273 1282 60
1282 1283 31
1283 1286 25
1286 1287 85
1287 1295 15
1295 1296 98
1296 1307 88
1307 1321 30
1321 1322 23
1322 1324 10
1324 1328 6
1328 1329 69
1329 1331 81
1331 1345 53
1345 1346 64
1346 1351 95
1351 1360 21
1360 1361 100
1361 1364 7
1364 1374 2
1374 1379 75
1379 1380 11
1380 1384 6
1384 1391 45
1391 1404 86
1404 1405 17
1405 1409 36
1409 1421 42
1421 1425 44
1425 1426 67
1426 1428 78
1428 1439 56
1439 1443 43
1443 1447 87
1447 1449 41
1449 1463 5
1463 1467 95
1467 1476 81
1476 1477 52
1477 1478 52
1478 1484 92
1484 1485 25
1485 1488 21
1488 1493 71
1493 1495 41
1495 1499 41
1499 1500 54
1500 1501 30
1501 1502 14
1502 1512 73
1512 1519 76
1519 1529 4
1529 1542 79
1542 1543 49
1543 1546 45
1546 1556 23
1556 1559 85
1559 1563 7
1563 1570 9
1570 1591 91
1591 1593 77
1593 1599 100
1599 1600 89
1600 1603 78
1603 1605 20
1605 1612 54
1612 1613 73
1613 1614 48
1614 1619 89
1619 1625 38
1625 1630 94
1630 1631 56
1631 1633 27
1633 1644 86
1644 1666 3
1666 1668 15
1668 1670 47
1670 1672 49
1672 1673 42
1673 1684 50
1684 1696 52
1696 1701 23
1701 1705 36
1705 1707 28
1707 1708 25
1708 1710 59
1710 1711 82
1711 1712 29
1712 1718 39
1718 1719 42
1719 1726 84
1726 1738 20
1738 1741 92
1741 1744 47
1744 1747 11
1747 1752 80
1752 1757 64
1757 1764 35
1764 1765 63
1765 1767 43
1767 1769 62
1769 1770 64
1770 1771 10
1771 1776 22
1776 1780 32
1780 1781 45
1781 1782 5
1782 1794 22
1794 1796 70
1796 1797 76
1797 1806 83
1806 1809 71
1809 1816 84
1816 1818 79
1818 1821 12
1821 1848 70
1848 1856 24
1856 1863 2
1863 1865 78
1865 1866 43
1866 1872 100
1872 1873 81
1873 1878 67
1878 1879 21
1879 1880 50
1880 1882 69
1882 1895 75
1895 1899 86
1899 1900 50
1900 1903 98
1903 1914 33
1914 1925 96
1925 1926 23
1926 1929 94
1929 1932 99
1932 1939 53
1939 1945 38
1945 1946 26
1946 1947 81
1947 1952 19
1952 1955 49
1955 1960 92
1960 1961 42
1961 1962 27
1962 1964 83
1964 1977 20
1977 1982 93
1982 1984 75
1984 1989 70
1989 1990 67
1990 1991 52
1991 1993 65
1993 1999 21
1999 2010 18
2010 2017 53
2017 2021 9
2021 2032 61
2032 2045 63
2045 2046 73
2046 2047 9
2047 2048 24
2048 2052 42
2052 2072 15
2072 2082 27
2082 2090 98
2090 2093 68
2093 2122 38
2122 2125 27
2125 2130 41
2130 2140 17
2140 2146 97
2146 2158 99
2158 2161 19
2161 2165 3
2165 2175 73
2175 2176 82
2176 2181 2
2181 2183 34
2183 2184 39
2184 2189 37
2189 2196 15
2196 2212 85
2212 2215 74
2215 2218 91
2218 2219 52
2219 2230 97
2230 2231 30
2231 2233 67
2233 2236 86
2236 2238 59
2238 2239 66
2239 2251 46
2251 2252 16
2252 2264 8
2264 2283 6
2283 2288 12
2288 2291 33
2291 2292 11
2292 2297 16
2297 2302 68
2302 2312 4
2312 2321 8
2321 2326 93
2326 2327 44
2327 2333 98
2333 2336 96
2336 2338 87
2338 2339 66
2339 2348 93
2348 2353 97
2353 2355 98
2355 2362 54
2362 2368 31
2368 2386 25
2386 2388 61
2388 2390 6
2390 2391 41
2391 2392 21
2392 2403 33
2403 2412 13
2412 2413 66
2413 2416 7
2416 2426 65
2426 2430 60
2430 2431 61
2431 2436 70
2436 2437 38
2437 2446 56
2446 2451 63
2451 2462 19
2462 2465 95
2465 2466 20
2466 2470 84
2470 2472 44
2472 2473 84
2473 2481 9
2481 2484 63
2484 2490 63
2490 2492 75
2492 2496 37
2496 2504 8
2504 2510 24
2510 2517 42
2517 2522 35
2522 2526 55
2526 2529 58
2529 2533 17
2533 2540 97
2540 2541 11
2541 2546 19
2546 2550 34
2550 2552 47
2552 2562 50
2562 2564 73
2564 2566 50
2566 2569 89
2569 2576 85
2576 2580 64
2580 2585 39
2585 2589 16
2589 2607 85
2607 2610 55
2610 2613 33
2613 2617 80
2617 2618 20
2618 2619 21
2619 2622 63
2622 2627 23
2627 2628 30
2628 2641 81
2641 2642 16
2642 2644 25
2644 2646 34
2646 2648 29
2648 2649 95
2649 2660 26
2660 2666 85
2666 2673 94
2673 2680 47
2680 2684 46
2684 2687 2
2687 2688 66
2688 2692 42
2692 2699 44
2699 2702 95
2702 2706 63
2706 2709 18
2709 2716 89
2716 2724 57
2724 2730 88
2730 2740 48
2740 2744 5
2744 2750 4
2750 2753 3
2753 2757 47
2757 2760 92
2760 2763 6
2763 2770 10
2770 2782 76
2782 2786 12
2786 2793 56
2793 2794 59
2794 2804 82
2804 2821 91
2821 2822 62
2822 2826 32
2826 2828 18
2828 2834 10
2834 2840 41
2840 2849 96
2849 2850 49
2850 2854 17
2854 2867 59
2867 2872 4
2872 2874 7
2874 2876 45
2876 2877 12
2877 2878 12
2878 2880 90
2880 2882 39
2882 2888 86
2888 2896 68
2896 2898 31
2898 2920 37
2920 2923 78
2923 2930 84
2930 2931 38
2931 2934 23
2934 2936 54
2936 2943 58
2943 2944 88
2944 2945 50
2945 2950 28
2950 2951 62
2951 2956 78
2956 2958 54
2958 2960 51
2960 2962 34
2962 2964 42
2964 2965 3
2965 2972 5
2972 2973 23
2973 2979 31
2979 2980 81
2980 2989 18
2989 2990 27
2990 2991 85
2991 2993 90
2993 2997 59
2997 2999 81
2999 3000 31
3000 3012 92
3012 3015 92
3015 3016 12
3016 3022 79
3022 3036 93
3036 3038 23
3038 3044 52
3044 3046 83
3046 3049 91
3049 3055 54
3055 3068 97
3068 3069 80
3069 3072 45
3072 3078 73
3078 3079 62
3079 3080 58
3080 3083 19
3083 3093 79
3093 3095 4
3095 3099 44
3099 3103 59
3103 3104 3
3104 3106 78
3106 3108 46
3108 3117 77
3117 3121 73
3121 3126 76
3126 3135 45
3135 3142 73
3142 3143 83
3143 3145 39
3145 3147 83
3147 3148 69
3148 3155 27
3155 3166 29
3166 3170 27
3170 3174 31
3174 3176 28
3176 3191 48
3191 3198 17
3198 3202 26
3202 3205 72
3205 3207 61
3207 3208 28
3208 3213 13
3213 3218 49
3218 3221 85
3221 3227 94
3227 3231 96
3231 3233 100
3233 3235 31
3235 3237 84
3237 3238 85
3238 3239 76
3239 3244 75
3244 3245 64
3245 3249 52
3249 3263 91
3263 3278 39
3278 3282 4
3282 3285 40
3285 3292 5
3292 3294 75
3294 3298 4
3298 3299 59
3299 3300 58
3300 3301 66
3301 3308 58
3308 3312 80
3312 3316 84
3316 3318 29
3318 3320 27
3320 3323 36
3323 3330 56
3330 3332 98
3332 3333 56
3333 3337 56
3337 3340 52
3340 3342 7
3342 3345 6
3345 3349 70
3349 3350 52
3350 3355 99
3355 3362 94
3362 3373 96
3373 3375 88
3375 3377 24
3377 3380 9
3380 3389 45
3389 3395 57
3395 3396 94
3396 3404 47
3404 3408 19
3408 3413 59
3413 3419 21
3419 3420 61
3420 3422 7
3422 3426 15
3426 3427 68
3427 3436 27
3436 3438 98
3438 3443 27
3443 3450 8
3450 3453 51
3453 3457 10
3457 3474 40
3474 3475 21
3475 3477 73
3477 3478 66
3478 3479 56
3479 3481 72
3481 3489 6
3489 3497 14
3497 3499 67
3499 3502 39
3502 3505 61
3505 3507 66
3507 3511 99
3511 3519 37
3519 3520 58
3520 3521 62
3521 3541 64
3541 3545 85
3545 3548 5
3548 3555 53
3555 3560 81
3560 3565 74
3565 3570 21
3570 3572 100
3572 3576 64
3576 3581 10
3581 3583 71
3583 3594 67
3594 3611 95
3611 3612 73
3612 3618 56
3618 3619 61
3619 3621 30
3621 3622 73
3622 3623 26
3623 3625 82
3625 3631 65
3631 3642 67
3642 3649 24
3649 3650 32
3650 3660 6
3660 3664 6
3664 3672 1
3672 3679 89
3679 3689 18
3689 3699 13
3160 3287 22
177 3635 52
342 1611 90
37 3662 27
1312 3424 40
2026 2402 61
1161 2004 28
1018 3436 2
2972 3552 5
620 2832 63
2106 2516 7
636 2833 38
1861 2503 20
341 711 23
2027 3569 74
1666 3354 84
2483 2785 27
2652 3445 9
2121 2808 86
950 1268 22
2511 2724 79
537 1577 99
240 3052 84
1783 3225 83
1339 2455 51
648 2167 33
948 1416 100
710 2045 32
1267 3423 80
372 2730 62
1708 3224 37
1106 2436 47
1302 2956 25
59 2967 59
935 1315 89
1824 2278 86
1493 2097 16
3147 3687 38
479 1611 88
1141 2043 67
202 1633 40
980 2028 22
779 1870 95
145 2780 76
474 640 100
2253 2643 10
171 3209 73
1064 3405 34
1263 2660 60
2384 2595 20
2114 3104 73
90 470 23
478 2057 39
872 2308 16
217 983 23
1178 2734 62
2997 3037 78
570 1268 53
26 3464 83
1717 3417 38
2322 2606 82
1173 3450 80
1333 2385 93
976 2397 77
2384 3554 60
1381 2350 19
142 1970 27
1943 3199 60
944 2629 30
1050 1992 67
76 475 23
3577 3690 71
490 1501 24
1025 3079 1
2585 2821 41
147 2733 89
395 658 34
107 3154 71
583 1146 9
2621 2855 1
142 1505 9
3090 3106 38
1830 3667 30
2340 3058 83
2293 3401 72
1335 3397 82
2776 3028 97
2083 2788 11
2664 2794 38
2255 3394 63
980 1004 80
1168 3691 10
209 247 53
833 1042 4
272 3110 17
3120 3259 94
501 3182 36
247 2211 96
185 2735 19
1351 3679 52
1807 2045 99
1197 2641 15
1479 3362 83
572 2059 58
1993 2770 46
14 2037 67
196 2312 37
2008 2218 51
2391 3498 67
713 1553 46
1259 3186 61
87 1062 2
361 2419 46
657 3226 86
570 988 94
1855 2112 43
998 1742 1
756 1260 98
2089 3013 76
2588 2840 94
320 3585 59
467 3239 54
98 494 38
1036 3216 38
2813 3444 22
1278 1961 100
1229 2867 82
1580 1891 24
3106 3513 18
660 3554 66
1484 3452 27
219 3670 81
1300 1584 29
2203 2728 79
2097 2575 73
2387 3495 26
666 3026 53
1619 3408 49
920 2326 75
3247 3419 97
2802 3443 35
1405 2978 45
1304 1754 29
820 1528 37
1099 1786 42
155 524 35
2464 3602 30
34 3515 98
792 1214 69
1178 2841 82
37 2469 52
1595 3110 8
49 194 48
506 2429 14
2055 2191 71
1977 2838 86
726 2112 44
2686 3325 16
169 2850 93
310 652 50
1837 2226 22
1296 2533 2
2303 3312 57
54 2259 100
135 2703 23
1057 1594 67
1010 1932 52
1122 2764 91
391 2848 31
409 2561 15
926 2956 92
2616 3121 84
649 3697 88
498 2197 79
2202 2296 72
945 2915 86
994 2105 25
196 2814 59
1351 3223 76
865 2766 79
181 2923 28
586 2894 29
1489 2437 73
2400 2452 59
1083 2807 47
34 1208 22
710 1164 37
604 1909 50
987 3492 89
157 984 58
543 695 43
890 944 38
478 989 45
866 1665 76
32 623 11
1764 3567 47
5 2303 50
543 2156 84
3348 3494 78
96 1744 1
3352 3403 82
1359 1558 7
726 1743 89
355 2446 75
2238 2777 85
347 1196 55
1621 1623 8
3075 3506 24
94 1540 51
1466 2124 91
1280 1668 58
3286 3520 13
1063 3674 25
1221 2326 84
1035 1449 11
2187 2697 98
807 3410 30
629 662 73
2102 2128 100
2191 3207 9
2454 2930 92
427 2950 79
518 2701 26
3224 3675 46
857 2060 12
917 3568 98
467 2362 76
718 1234 19
869 2608 38
226 3112 77
1999 3198 79
1562 3147 81
20 2848 84
989 2695 33
776 1255 58
450 1743 66
1345 2741 45
272 3387 6
1173 3280 74
18 2058 35
691 1540 85
853 1255 40
1755 3398 74
148 225 73
2279 2786 66
1757 2990 34
946 2303 68
1799 2717 31
1391 1439 54
129 571 41
1159 3202 75
2442 3478 97
553 2275 73
682 978 35
664 1573 67
688 3426 74
2105 3238 91
1068 2425 27
1775 3178 45
816 2890 24
103 1196 84
1300 2215 73
1639 3456 30
202 2755 36
859 1467 1
3590 3638 26
12 2433 66
649 2948 8
2642 2865 29
679 2024 84
2320 3515 27
307 1069 2
3136 3231 5
2069 2779 25
656 658 82
53 1257 61
1075 1287 34
2358 2853 26
506 2711 5
340 883 67
