3900 1000
0 9 81
9 15 58
15 20 14
20 33 52
33 39 83
39 64 37
64 69 7
69 77 23
77 91 24
91 104 57
104 108 47
108 117 92
117 143 65
143 145 81
145 149 57
149 164 74
164 180 19
180 184 24
184 206 83
206 220 65
220 226 68
226 227 35
227 244 67
244 246 7
246 251 4
251 259 69
259 267 56
267 284 47
284 303 27
303 318 96
318 325 83
325 359 18
359 363 22
363 375 36
375 434 38
434 451 94
451 465 40
465 473 84
473 494 26
494 512 19
512 526 77
526 539 11
539 547 80
547 571 52
571 584 72
584 585 18
585 593 49
593 601 62
601 619 33
619 626 42
626 655 82
655 674 18
674 695 28
695 703 48
703 713 39
713 724 2
724 734 57
734 754 100
754 761 63
761 766 62
766 771 64
771 782 32
782 788 16
788 798 87
798 809 43
809 812 75
812 841 13
841 846 15
846 850 4
850 875 53
875 886 41
886 889 1
889 907 70
907 932 42
932 937 71
937 946 41
946 960 35
960 980 4
980 994 26
994 996 39
996 1002 9
1002 1008 91
1008 1015 52
1015 1022 52
1022 1033 4
1033 1037 93
1037 1051 27
1051 1052 45
1052 1056 54
1056 1063 65
1063 1067 15
1067 1092 31
1092 1100 60
1100 1125 47
1125 1141 3
1141 1144 62
1144 1147 79
1147 1148 4
1148 1183 71
1183 1201 26
1201 1202 78
1202 1205 65
1205 1233 36
1233 1238 39
1238 1242 14
1242 1251 27
1251 1252 1
1252 1254 82
1254 1271 39
1271 1273 58
1273 1285 57
1285 1287 27
1287 1294 64
1294 1295 86
1295 1297 47
1297 1301 2
1301 1308 98
1308 1311 38
1311 1320 13
1320 1335 33
1335 1338 28
1338 1339 12
1339 1373 87
1373 1375 86
1375 1385 100
1385 1391 13
1391 1400 77
1400 1405 38
1405 1426 40
1426 1429 23
1429 1431 50
1431 1439 35
1439 1449 55
1449 1457 96
1457 1459 63
1459 1463 29
1463 1478 47
1478 1481 87
1481 1490 38
1490 1492 13
1492 1493 50
1493 1501 46
1501 1517 19
1517 1519 12
1519 1528 40
1528 1530 49
1530 1532 24
1532 1552 24
1552 1564 94
1564 1567 22
1567 1570 86
1570 1571 98
1571 1583 12
1583 1595 7
1595 1613 38
1613 1642 47
1642 1655 48
1655 1703 69
1703 1713 1
1713 1724 50
1724 1738 47
1738 1739 7
1739 1743 34
1743 1744 60
1744 1746 71
1746 1748 6
1748 1749 95
1749 1756 51
1756 1757 67
1757 1763 1
1763 1770 30
1770 1782 80
1782 1799 48
1799 1800 47
1800 1807 80
1807 1830 55
1830 1862 25
1862 1869 85
1869 1875 21
1875 1878 2
1878 1889 88
1889 1890 45
1890 1901 31
1901 1915 72
1915 1928 76
1928 1934 16
1934 1948 58
1948 1970 24
1970 2008 60
2008 2009 1
2009 2011 43
2011 2013 52
2013 2031 79
2031 2041 24
2041 2049 90
2049 2064 79
2064 2071 82
2071 2096 81
2096 2101 26
2101 2103 71
2103 2108 53
2108 2113 38
2113 2128 62
2128 2129 93
2129 2137 42
2137 2141 42
2141 2151 67
2151 2166 83
2166 2177 1
2177 2191 61
2191 2197 28
2197 2201 14
2201 2211 63
2211 2220 20
2220 2246 24
2246 2278 5
2278 2288 93
2288 2296 71
2296 2319 38
2319 2331 29
2331 2333 47
2333 2337 1
2337 2346 94
2346 2347 60
2347 2350 33
2350 2370 49
2370 2375 1
2375 2377 22
2377 2400 34
2400 2402 11
2402 2406 28
2406 2407 77
2407 2418 98
2418 2429 24
2429 2434 90
2434 2438 62
2438 2440 24
2440 2450 50
2450 2453 57
2453 2462 11
2462 2463 32
2463 2468 80
2468 2471 67
2471 2511 81
2511 2515 85
2515 2516 9
2516 2523 10
2523 2528 88
2528 2531 53
2531 2538 83
2538 2553 61
2553 2554 37
2554 2560 12
2560 2567 77
2567 2576 45
2576 2624 20
2624 2636 64
2636 2657 54
2657 2661 77
2661 2663 15
2663 2673 96
2673 2685 54
2685 2692 43
2692 2700 69
2700 2733 99
2733 2739 32
2739 2755 35
2755 2756 73
2756 2784 51
2784 2790 41
2790 2796 66
2796 2802 49
2802 2805 21
2805 2809 93
2809 2811 86
2811 2813 36
2813 2815 17
2815 2829 22
2829 2832 5
2832 2836 46
2836 2837 55
2837 2858 25
2858 2871 10
2871 2881 88
2881 2888 40
2888 2944 44
2944 2946 21
2946 2947 3
2947 2953 43
2953 2962 40
2962 2970 99
2970 2983 67
2983 2994 74
2994 3008 9
3008 3013 31
3013 3031 61
3031 3033 100
3033 3042 27
3042 3055 73
3055 3059 35
3059 3091 100
3091 3096 21
3096 3099 4
3099 3102 48
3102 3112 37
3112 3116 36
3116 3140 89
3140 3172 20
3172 3178 37
3178 3184 48
3184 3189 95
3189 3209 20
3209 3222 15
3222 3223 5
3223 3224 6
3224 3228 85
3228 3236 89
3236 3240 42
3240 3242 39
3242 3258 72
3258 3276 93
3276 3277 82
3277 3298 48
3298 3300 61
3300 3315 80
3315 3327 83
3327 3330 94
3330 3349 59
3349 3352 75
3352 3369 99
3369 3381 64
3381 3388 30
3388 3392 57
3392 3398 82
3398 3404 21
3404 3408 88
3408 3415 64
3415 3418 53
3418 3420 30
3420 3425 66
3425 3433 93
3433 3439 83
3439 3445 18
3445 3459 67
3459 3460 36
3460 3468 80
3468 3469 74
3469 3473 48
3473 3484 52
3484 3490 30
3490 3493 7
3493 3496 71
3496 3537 47
3537 3538 9
3538 3544 92
3544 3561 63
3561 3566 27
3566 3570 93
3570 3584 75
3584 3593 74
3593 3600 85
3600 3603 64
3603 3605 41
3605 3608 90
3608 3639 64
3639 3653 58
3653 3665 36
3665 3683 25
3683 3703 89
3703 3707 64
3707 3712 41
3712 3714 3
3714 3715 59
3715 3723 65
3723 3726 64
3726 3730 91
3730 3732 70
3732 3738 94
3738 3740 82
3740 3741 3
3741 3752 98
3752 3761 97
3761 3763 84
3763 3767 83
3767 3770 63
3770 3784 13
3784 3789 67
3789 3793 84
3793 3795 6
3795 3809 11
3809 3828 78
3828 3835 6
3835 3852 13
3852 3869 89
3869 3891 49
3891 3899 95
902 3847 50
341 1158 59
82 3542 43
1290 2079 95
187 1524 19
1274 2717 74
1218 3874 66
2302 2875 41
2039 2542 86
1681 3521 40
667 1961 74
2004 2498 75
81 3678 81
601 3577 73
479 2486 80
1148 1326 19
1500 2526 9
809 2538 37
1645 3020 5
3419 3499 92
179 3069 25
2659 3837 94
2242 3025 63
1709 3606 51
580 3433 14
617 1160 11
506 560 50
1443 2138 74
637 1275 73
144 3725 29
1788 3126 86
772 2371 17
175 1504 80
2336 2361 58
3008 3159 66
559 3573 33
833 3184 96
58 2575 70
2436 2531 52
1281 2100 63
1115 2951 50
211 3284 19
501 1879 89
1377 3404 15
2151 3592 26
1183 2555 20
137 2191 46
2452 2595 34
226 2727 80
1480 3317 44
1184 3088 91
54 443 21
112 2764 90
938 1984 46
2042 2187 98
178 3064 32
1178 1622 93
2578 2915 27
1490 1853 51
1014 2402 88
697 2366 21
256 1404 2
383 1749 5
1412 2641 18
1319 1785 94
168 3098 90
273 512 34
3041 3416 26
1406 1995 31
311 3179 10
919 1237 84
327 2667 72
418 2051 53
2573 2673 49
370 1158 14
1906 2797 52
490 3532 10
310 2882 87
317 2166 75
367 3715 82
798 2143 18
605 1339 47
3028 3817 85
35 2793 40
3037 3236 60
273 1874 57
367 2023 26
2835 3769 68
1105 2784 82
2116 3060 81
361 1558 31
2203 2613 40
1549 3662 54
1525 3713 54
2289 2426 91
489 2305 86
56 1935 54
1791 3289 10
312 1868 100
687 1587 96
1065 2777 88
1441 1932 36
1219 1779 57
57 2674 28
1286 2010 96
171 227 22
3339 3625 27
1050 1268 66
364 3177 93
258 2602 3
2303 3652 23
1764 3403 79
880 1263 85
603 2692 59
2230 3627 67
3737 3808 72
2883 3257 39
3100 3121 92
3774 3787 21
496 2650 15
2555 2909 72
1463 2307 28
2237 2834 16
333 2443 69
3379 3524 90
1177 1538 34
1189 2067 80
253 2397 87
2700 3022 56
1056 2765 81
2086 2642 33
1626 3377 90
352 2143 21
478 2015 11
1834 2598 12
3311 3507 62
1775 2309 36
2577 2666 55
801 2591 23
2464 2644 59
1590 3610 69
2487 2569 99
1007 2630 22
499 1824 34
1596 2699 63
1641 3595 40
661 2593 22
380 1111 20
261 3196 55
1590 2896 33
505 3438 34
972 1610 10
2215 2958 40
1618 3107 10
1270 1798 83
1742 3738 49
107 3070 58
995 1818 31
955 2146 16
297 2067 58
1104 3240 94
1420 2621 91
2783 3052 5
1458 1607 2
1965 3411 85
1744 2754 43
3057 3889 51
844 3416 87
2298 3585 63
2285 3865 36
836 1896 13
1010 3074 50
1073 2782 67
2685 3566 64
3004 3590 64
1131 3666 84
434 3685 97
389 936 90
1229 3363 62
3387 3650 96
301 2722 37
198 2461 29
1048 2995 47
452 1977 74
1603 3629 84
115 3219 51
1534 3264 12
934 3774 14
1125 3387 20
984 2840 37
541 1027 35
389 2231 53
749 2702 36
743 3357 69
784 2014 55
1075 2692 85
1008 2389 63
291 3787 21
893 3389 76
782 3128 3
2415 2812 23
366 1366 49
431 1163 91
2415 2756 96
140 2428 11
2231 3574 95
738 1484 12
327 752 26
1007 3551 29
1503 1991 35
145 2601 44
3652 3835 74
803 1550 28
2164 3366 17
1748 3534 81
153 2366 17
2825 3065 85
98 1068 15
1792 3463 26
1892 3098 8
304 3667 37
2447 3466 86
1340 1941 28
623 1793 2
1838 2447 25
1167 2356 5
265 2758 8
1254 2387 99
1057 1677 3
407 3179 47
281 3233 61
421 1018 19
1199 3127 45
1800 3822 43
2529 2666 6
1928 2385 54
2921 3014 44
2003 3408 63
286 1572 52
55 3588 88
1974 2158 98
790 3056 23
1644 2041 80
277 1568 9
3229 3342 75
765 1434 30
1364 3416 86
790 3646 33
1372 2139 73
1955 3135 4
543 572 86
1311 1612 14
1387 2640 23
302 3073 68
1314 1648 26
1122 2669 11
3019 3369 40
109 3170 86
2228 3244 73
1515 3629 84
2146 3362 45
121 1037 63
279 3158 3
678 3076 51
3236 3504 22
812 1260 76
981 1708 1
2659 3288 28
3314 3413 33
2291 3202 50
2423 3070 59
980 3049 58
1927 3520 48
360 2300 51
2556 3152 91
2461 3606 85
1052 2167 76
419 842 17
3759 3850 76
1922 2128 96
243 2259 41
651 3594 76
1820 3528 26
1933 3182 70
1455 2250 25
542 1351 9
1333 2763 28
675 1334 27
2600 2738 5
1472 2901 94
1274 2073 96
1608 3008 45
1192 2430 26
265 3321 7
840 3756 63
745 3152 42
942 2517 71
999 3394 56
640 1554 30
1949 2558 45
678 3829 32
583 2175 71
1011 2840 91
1868 2740 62
518 3579 93
2509 3119 6
1761 3280 8
1610 1690 60
426 2991 4
240 1643 20
2905 3089 4
1701 2221 47
2155 2499 3
47 145 100
1565 3840 1
751 2457 92
737 1882 37
416 3794 63
235 1234 86
711 1014 61
757 1796 84
965 2908 26
480 3520 60
1359 2214 38
269 1710 49
997 1791 76
2749 3115 98
105 1877 18
2070 3513 69
365 2462 21
451 1851 87
417 2824 45
288 1045 59
1944 2154 13
1029 2679 9
377 1735 8
838 1489 58
2724 3308 99
409 1070 100
1961 3269 39
1434 3465 14
94 119 11
3433 3785 63
1683 2466 49
2721 2863 88
1620 3046 65
67 664 58
484 951 1
1187 1875 7
1622 3707 9
2803 3135 3
90 2250 11
274 978 8
1329 2625 51
3138 3510 43
1003 1295 4
412 1861 53
142 478 15
2597 3869 36
947 969 91
2079 3290 52
2948 3084 52
2328 3053 1
138 1094 51
3011 3818 94
299 1335 86
1656 2204 83
2432 2486 44
1992 2497 93
1131 1264 100
605 2639 47
1709 2490 82
1391 3286 66
2144 3685 13
760 3388 69
762 823 8
375 3145 25
433 744 31
1333 1395 15
2851 3282 9
468 2957 73
1901 2303 6
601 3407 98
681 3044 2
94 1698 82
91 2849 66
322 3202 41
1446 2144 39
393 1207 3
3021 3126 92
1822 3422 7
852 1085 53
449 2524 47
344 1841 93
73 2850 27
971 2519 87
1964 3798 3
438 2605 78
1149 3744 81
3593 3858 81
670 3758 12
455 2512 31
249 561 95
3434 3637 48
1311 1609 59
322 1859 90
408 1064 17
1056 1572 40
982 3228 62
1773 1931 26
874 1951 62
1887 3713 30
1459 3017 30
1577 1583 94
1299 2894 48
2112 2385 25
1151 1195 35
625 2313 89
713 1090 56
501 2846 73
557 2185 18
756 3691 3
1296 3666 19
1459 2876 9
1820 1932 37
1092 1121 75
515 2839 23
933 2854 41
2216 3131 6
1111 2184 9
615 3601 33
795 1960 38
2006 3418 31
552 3114 79
899 2229 18
295 2805 28
2291 2304 81
400 1397 1
926 1000 14
878 3706 86
1559 2857 41
464 1044 30
592 1577 57
589 2197 9
803 1292 74
349 1743 85
29 3505 6
925 2879 10
3488 3788 72
1121 1825 32
2834 3134 82
464 891 67
734 934 2
2238 2476 87
2991 3231 49
2759 3199 78
2011 3231 17
2183 3214 2
544 1728 77
664 1303 33
1274 3189 44
283 2731 27
905 3012 45
19 2281 13
732 1318 36
3625 3859 25
1470 2403 16
1996 3898 64
905 1924 12
20 3352 16
325 3008 19
1472 2315 81
1670 3159 61
1679 1888 13
1293 2102 70
874 1062 75
2210 3357 86
3090 3669 18
876 2352 6
564 1360 44
711 3305 84
1106 3199 59
1269 3595 63
1336 2127 7
530 1745 66
3265 3646 75
576 3256 6
886 1370 70
955 3720 75
1059 1430 68
1645 3815 10
1227 3405 7
2598 2857 82
771 3322 37
2389 3371 58
3222 3568 72
237 3625 69
3155 3874 42
1502 1525 31
2429 2798 19
435 3637 69
2340 3218 65
571 1531 66
2246 2518 8
2654 2705 55
1497 3712 12
73 3624 48
985 2134 52
3373 3611 89
2502 3628 98
2544 3178 88
1039 3873 97
1912 3798 3
710 3153 50
149 1366 85
1149 3759 90
1335 1989 88
2739 2922 42
1821 3482 10
408 579 67
1490 3330 45
1927 3413 64
1106 2569 65
724 2272 37
1359 3473 19
2848 3500 10
113 1294 53
461 1267 73
2657 3803 66
2228 3373 62
1317 2579 68
327 2972 4
43 2645 48
571 1180 37
1325 3270 97
1883 3688 2
889 2831 26
394 1453 34
1677 3387 8
1387 2200 23
1031 3021 71
617 3578 45
1175 2779 99
1505 3795 47
1584 2858 65
1153 2926 73
790 3178 13
348 3571 22
731 3201 69
1277 1665 82
290 1227 9
663 2915 60
3238 3647 89
41 979 6
233 3508 29
1226 3432 68
531 989 86
288 2855 34
2326 3871 16
1021 3500 100
26 2430 43
612 3555 49
597 2168 67
3071 3856 32
1781 3570 37
2411 3347 96
615 3886 9
2250 3485 31
1413 2736 36
1480 2811 29
3549 3632 98
674 2419 100
379 1095 44
2291 3857 79
2898 3436 36
1845 3010 80
2881 3794 100
849 3264 33
1336 3143 56
3583 3674 16
1119 1865 41
964 2194 82
2252 3711 81
698 3525 51
1796 2341 74
1045 2452 13
625 1195 53
376 1970 70
420 1779 55
2380 3566 24
2816 3709 31
468 1069 16
549 1179 81
215 3810 44
1098 2093 53
1626 2113 26
1883 3103 61
585 2108 87
1656 3126 51
1492 3734 61
1640 3331 98
817 1781 35
1002 3048 49
1509 1630 19
