440 1000
0 2 20
2 18 37
18 57 54
57 58 36
58 91 75
91 101 73
101 110 35
110 116 84
116 133 36
133 141 56
141 143 41
143 164 94
164 174 89
174 213 92
213 216 54
216 217 10
217 220 84
220 237 100
237 251 96
251 260 46
260 264 60
264 301 70
301 333 40
333 352 85
352 357 91
357 396 59
396 419 7
419 428 56
428 439 96
70 125 3
5 120 56
149 250 43
252 319 96
167 224 25
6 301 54
85 325 4
110 246 89
133 274 5
108 171 7
17 238 97
337 362 85
43 242 17
46 348 25
217 236 24
117 332 86
101 214 27
210 295 34
251 314 11
256 291 35
53 268 54
214 433 99
224 324 100
48 62 38
236 293 89
1 229 76
214 374 41
177 308 40
77 311 68
310 325 67
338 425 38
236 414 100
196 214 19
111 224 98
2 117 8
28 302 63
262 412 89
57 393 89
162 233 84
34 203 28
194 296 41
172 284 15
384 429 60
284 294 12
89 306 80
112 279 92
138 268 76
146 344 89
3 353 30
318 363 82
203 341 94
45 272 24
208 222 84
34 300 8
18 260 96
141 376 2
45 73 64
1 295 64
2 39 44
428 429 61
197 423 62
121 236 43
255 261 1
134 223 87
73 210 1
185 368 95
346 349 23
176 265 58
13 329 34
20 118 70
305 359 14
92 222 53
165 313 93
23 226 38
326 406 86
133 174 85
79 92 8
162 381 4
41 372 71
9 435 64
113 246 12
133 295 98
327 329 100
50 275 80
69 285 96
256 362 42
105 340 53
132 366 47
70 239 32
39 395 59
104 182 7
27 86 16
299 358 80
48 220 60
89 384 87
107 313 72
242 340 64
241 287 95
79 107 37
42 247 27
171 398 69
193 343 16
228 418 9
226 413 80
125 243 24
277 403 19
60 260 33
172 287 43
63 417 27
99 263 83
49 412 6
156 437 53
286 358 77
98 158 63
63 110 6
299 424 51
246 432 8
81 101 59
108 422 5
4 77 87
254 397 7
345 351 49
237 329 67
246 397 62
284 333 32
72 345 22
222 271 61
278 340 90
219 237 14
80 389 42
104 135 87
170 249 33
33 252 62
168 300 60
183 287 7
90 136 3
50 267 4
11 112 80
235 301 64
72 400 62
16 259 75
163 378 82
25 228 19
144 408 37
115 164 26
225 376 30
134 348 9
348 419 93
274 335 82
198 245 3
265 434 69
240 387 29
113 282 65
117 187 99
48 389 75
188 375 36
305 403 64
110 399 73
50 68 80
20 341 7
164 242 44
139 393 14
99 249 39
34 329 35
125 281 25
111 334 30
185 345 47
231 282 39
292 406 56
117 401 88
223 387 55
120 371 51
311 355 45
261 314 8
333 437 83
113 142 53
195 241 91
266 270 46
394 412 37
59 197 23
192 292 86
69 91 24
261 271 89
66 168 17
192 368 32
223 389 24
90 242 66
48 277 73
38 301 57
146 346 54
292 374 98
252 409 25
179 392 46
117 169 41
317 364 78
53 348 75
159 267 87
297 407 81
10 14 25
90 152 96
110 166 53
381 405 91
180 232 88
385 401 9
30 59 40
79 95 91
55 63 79
210 345 7
320 376 67
19 255 79
132 408 69
5 363 63
202 249 88
46 284 53
80 196 63
106 439 18
27 392 62
19 348 31
14 343 40
218 351 24
253 296 68
124 144 35
21 131 48
79 138 63
218 420 27
1 145 5
306 323 37
30 231 40
94 288 54
370 393 57
245 368 49
91 107 82
69 225 49
307 438 82
271 375 64
23 214 49
18 360 45
172 178 42
9 46 51
43 418 62
145 388 36
14 383 48
233 348 34
156 424 73
275 367 96
224 416 67
37 246 94
183 251 40
323 387 31
62 215 47
200 278 39
296 348 68
219 225 62
110 160 68
298 432 56
267 377 33
261 436 39
123 135 4
212 334 75
214 286 31
51 312 69
123 364 22
89 362 27
152 328 77
299 326 44
36 276 91
20 125 56
125 187 46
22 213 76
305 425 47
42 130 84
206 226 87
65 293 12
144 193 34
98 404 77
86 186 38
42 387 45
169 196 50
18 311 94
221 341 37
65 69 90
39 393 47
157 373 30
22 53 55
337 382 36
269 374 89
209 228 75
176 221 92
79 104 58
101 359 83
272 296 17
45 78 82
280 281 80
29 171 78
94 117 97
93 278 61
236 256 21
23 266 80
178 323 65
71 247 9
88 90 43
13 134 67
143 381 55
102 418 59
405 435 86
119 344 54
52 154 80
94 312 67
248 253 36
183 372 63
279 314 39
17 103 70
192 413 28
27 193 60
83 415 27
216 229 5
109 244 69
37 72 4
73 292 34
181 288 45
133 278 43
99 335 19
113 353 99
199 257 75
63 367 21
78 147 46
18 237 18
16 23 34
95 101 43
134 422 6
336 388 91
18 189 2
86 92 63
142 329 25
4 139 40
26 100 36
80 419 1
193 406 55
156 418 5
71 143 92
124 330 2
339 360 3
17 346 62
104 190 64
29 337 30
257 334 18
135 162 98
358 421 98
261 324 61
63 357 94
47 270 70
54 249 11
4 189 81
11 93 79
198 438 15
13 41 3
309 400 22
67 222 70
101 436 42
205 391 61
224 319 41
318 361 72
174 261 86
99 164 40
114 213 77
38 210 34
152 423 84
140 141 31
232 296 92
34 89 100
157 313 48
407 414 73
213 244 100
367 424 49
2 242 84
111 396 92
118 396 96
234 306 72
144 175 79
373 408 38
138 223 47
286 334 69
414 433 37
20 194 66
202 338 50
169 289 95
163 293 12
38 183 8
58 324 14
8 51 57
295 395 80
69 175 68
80 420 11
46 50 14
339 350 60
243 294 68
82 225 80
43 65 83
122 364 19
120 429 34
228 321 4
184 350 93
94 406 42
352 377 84
35 105 46
20 160 94
138 378 48
17 188 54
219 351 92
223 359 9
177 380 79
142 352 26
15 417 48
309 382 58
101 253 27
83 338 25
57 274 80
284 427 69
210 254 15
301 434 8
34 432 96
128 286 12
30 347 15
34 349 61
92 286 77
4 399 78
118 362 80
170 293 64
197 302 80
55 207 39
111 386 21
140 438 21
35 437 89
9 354 45
122 327 73
2 398 92
147 232 1
54 367 74
43 50 69
197 225 63
158 272 79
99 187 97
7 52 33
15 307 70
197 433 95
51 209 57
57 82 15
170 246 53
321 364 52
42 107 35
84 122 62
46 161 43
134 177 78
140 296 97
16 230 49
307 309 19
101 212 58
157 224 78
108 324 28
2 272 81
139 401 99
244 320 14
120 259 25
79 93 94
213 333 98
170 275 45
117 189 61
10 257 96
37 168 36
103 290 72
87 350 91
269 424 87
216 298 42
133 307 58
218 219 45
259 439 93
120 422 66
280 358 54
89 376 51
60 239 93
106 379 26
12 56 8
88 263 24
197 363 84
7 412 11
58 374 97
92 255 89
76 393 89
15 61 40
119 282 55
48 316 44
13 422 35
70 197 45
103 145 68
33 126 35
60 236 60
107 192 46
35 314 71
271 351 93
10 127 26
275 330 67
246 292 35
318 405 55
273 348 39
200 282 3
52 294 62
266 406 87
188 429 23
49 337 72
91 383 44
111 407 27
41 128 96
283 434 62
132 292 21
130 241 17
30 370 47
285 342 71
56 259 63
122 201 34
213 243 13
1 112 37
123 291 11
83 194 81
61 303 80
55 434 9
196 243 90
254 381 45
11 38 84
210 361 62
123 207 52
61 92 33
326 375 90
297 422 6
163 185 98
4 201 17
343 430 65
119 391 49
46 217 55
92 118 19
121 218 83
89 108 36
181 376 60
404 431 7
2 97 5
67 400 10
37 247 25
37 303 56
212 255 88
198 353 31
38 176 66
274 321 31
13 111 77
34 360 27
16 285 80
276 307 72
194 279 96
184 321 5
129 425 33
75 270 19
80 244 47
141 172 56
343 360 78
137 324 56
1 170 89
122 386 76
295 307 1
110 124 20
107 200 22
96 404 88
229 246 33
52 98 42
26 109 81
106 305 60
104 132 37
94 192 89
186 341 8
309 341 79
75 248 15
285 397 47
198 263 34
135 265 89
276 432 14
84 133 32
241 333 12
64 250 23
137 258 64
314 376 34
106 292 19
60 324 14
92 434 16
92 366 12
3 431 44
270 365 68
212 278 95
121 176 16
21 189 21
310 435 51
121 134 6
125 148 34
18 399 44
341 349 82
126 136 23
140 247 97
97 399 79
78 298 21
114 165 92
182 393 66
35 429 47
164 298 23
106 315 58
104 245 85
21 358 30
144 369 48
71 369 43
284 426 49
183 210 11
82 315 22
350 358 57
170 434 64
76 95 21
253 418 94
7 68 52
280 314 68
103 301 1
94 414 36
427 431 88
267 434 62
41 136 37
109 403 41
168 215 77
39 149 48
183 252 42
67 352 96
292 370 84
307 372 54
22 341 48
140 177 85
303 396 52
210 241 9
234 265 22
289 290 42
164 171 63
114 333 76
112 437 17
199 431 36
241 421 2
19 338 91
203 420 87
17 54 63
49 381 89
139 387 20
136 337 84
53 346 25
123 232 86
122 370 60
102 160 61
149 162 79
217 307 4
248 400 45
41 251 97
153 391 27
125 381 45
158 267 61
90 330 90
44 347 17
202 270 81
271 373 42
25 291 43
257 281 8
43 307 23
320 338 13
83 215 61
220 294 73
143 233 92
314 427 93
154 373 83
91 192 27
307 437 20
91 410 55
183 230 39
165 378 87
10 150 73
86 358 16
185 301 97
24 267 98
261 293 43
64 339 14
24 347 58
141 160 100
101 266 70
77 133 1
12 433 51
314 385 96
106 216 42
201 226 18
242 264 44
17 363 96
116 152 87
51 356 50
306 373 70
146 307 36
227 229 18
46 432 23
161 412 93
159 212 37
19 86 30
25 81 62
272 399 62
2 62 88
262 426 85
75 321 23
201 291 1
69 179 14
197 357 63
126 359 54
55 64 96
97 379 98
90 176 62
286 385 24
102 119 47
247 277 53
24 28 45
33 287 30
43 193 72
71 435 10
374 410 3
227 294 50
151 406 76
35 380 57
60 190 19
16 247 61
13 107 36
85 146 37
178 412 72
192 245 71
12 227 88
168 338 92
215 417 11
198 439 93
21 80 14
338 394 41
46 219 66
194 346 43
83 383 96
12 54 33
181 255 20
79 254 93
8 25 30
192 248 52
36 419 20
117 405 31
257 431 8
150 243 60
170 411 17
412 426 55
259 330 25
42 246 23
100 365 82
172 307 8
234 245 25
340 406 60
93 358 8
109 123 31
245 419 76
332 416 98
60 370 84
91 381 76
38 132 86
45 107 55
267 328 78
50 371 56
155 300 11
319 417 28
31 143 71
12 215 85
215 293 27
52 376 53
163 206 80
145 402 55
217 332 21
80 255 59
267 412 61
5 212 49
80 104 18
46 200 86
53 421 37
96 257 44
131 286 50
10 37 40
68 191 84
375 414 85
30 41 9
211 382 92
11 110 64
248 271 79
14 53 1
92 334 39
11 277 19
45 432 69
112 117 47
333 337 20
311 325 99
336 418 56
190 317 90
161 390 20
76 369 91
84 373 86
318 342 99
90 328 11
192 295 29
217 280 92
107 263 17
137 142 25
258 363 97
243 388 68
171 316 62
136 198 40
124 200 93
25 175 27
41 208 15
197 415 4
282 354 21
43 228 62
101 104 32
170 213 50
129 376 51
20 238 9
120 423 21
187 385 38
160 365 9
267 365 98
344 349 1
175 284 57
17 150 46
136 333 71
140 152 28
11 406 21
185 288 22
278 339 24
137 305 35
224 246 46
189 332 77
66 159 30
45 122 57
37 141 49
68 216 23
216 291 24
234 358 87
150 437 84
102 409 88
96 198 43
75 360 11
226 296 92
97 340 30
5 168 85
94 164 2
344 431 16
170 226 37
153 191 57
73 219 82
16 242 7
335 425 35
143 411 91
278 300 61
196 278 92
37 208 92
227 380 2
282 408 53
225 379 92
84 176 45
200 370 9
172 381 33
46 142 69
122 310 5
209 283 11
298 399 60
43 123 89
5 296 26
48 332 12
112 224 29
14 36 48
342 356 5
307 379 35
172 375 72
204 406 34
16 376 1
267 285 15
297 326 56
22 191 35
136 210 49
103 340 59
251 366 26
169 240 90
367 391 23
122 222 35
127 389 51
261 305 73
84 314 63
238 281 38
37 147 95
196 397 45
64 408 3
67 192 27
113 144 6
297 318 29
105 394 10
143 246 86
161 314 73
77 278 96
187 317 14
160 436 64
276 301 87
70 315 11
27 436 5
22 334 86
288 318 66
243 273 6
249 436 1
0 135 21
160 378 5
358 396 74
410 423 14
41 191 7
192 211 39
91 114 81
24 34 62
61 184 42
27 333 51
24 360 75
191 425 31
77 182 11
269 384 50
127 430 76
8 129 37
180 419 85
323 439 4
126 155 37
183 392 30
165 422 51
171 228 26
373 411 65
204 292 92
177 207 87
229 422 53
86 386 12
178 326 17
40 350 71
27 103 97
185 420 56
167 409 97
138 425 85
101 364 18
86 299 31
377 410 44
287 368 91
351 417 94
19 271 18
120 368 40
77 107 53
189 375 41
68 439 40
42 207 50
188 326 18
21 120 69
33 247 32
380 409 12
129 133 23
140 248 26
310 319 21
323 364 13
8 220 75
